3243719000,-3.28603e-07,1.12745e-05,0.0799997,-0.000146397,0.00227158,-6.78214e-05,0.999995,-0.00144218,0.0028753,-0.00028928
3253719000,0.000111283,-0.000111917,0.0799572,0.00540035,-0.00336144,-0.00221432,0.999994,-0.00140567,0.00300974,-0.000399745
3263719000,0.000165163,-0.000133189,0.0799358,0.00537259,-0.000892051,-0.00206886,0.999994,-0.00135369,0.00316772,-0.000544733
3273719000,0.000218844,-0.000130319,0.0799152,0.00536722,0.00146474,-0.00204904,0.999993,-0.00128816,0.00333408,-0.00070583
3283719000,0.000272318,-0.00010415,0.0798948,0.0053325,0.00376685,-0.00203709,0.999993,-0.00122052,0.0034978,-0.000886678
3293719000,0.000323913,-5.49897e-05,0.0799216,0.00499113,0.00606276,-0.00199583,0.999992,-0.00114002,0.00365024,-0.00107156
3303719000,0.000372349,1.82409e-05,0.079902,0.00470046,0.0085808,-0.00191153,0.999991,-0.00105518,0.00379964,-0.00126623
3313719000,0.000417876,0.000116723,0.0798841,0.00440881,0.0111128,-0.00167761,0.999991,-0.000959329,0.00393383,-0.00147222
3323719000,0.000459948,0.000240929,0.0798675,0.00400931,0.0137257,-0.00164191,0.99999,-0.000865715,0.00406397,-0.00168491
3333719000,0.000839761,-0.000517546,0.0798709,0.00739638,0.00610541,-0.00133877,0.999989,-0.000774119,0.00418079,-0.00189865
3343719000,0.00091218,-0.00044391,0.0798577,0.00707664,0.00863219,-0.00130382,0.999988,-0.000668269,0.00429472,-0.00211632
3353719000,0.000981115,-0.000345554,0.0798458,0.00670834,0.0110417,-0.00106923,0.999987,-0.000559244,0.00438951,-0.00233403
3363719000,0.00104695,-0.000222633,0.0798357,0.00645834,0.0135419,-0.000969499,0.999987,-0.000451657,0.00448073,-0.00255329
3373719000,0.00110901,-7.51603e-05,0.0798276,0.00595691,0.0159507,-0.000649332,0.999986,-0.000352159,0.00456529,-0.0027744
3383719000,0.00116526,9.7332e-05,0.0798223,0.005293,0.0185454,-0.000410324,0.999985,-0.000252804,0.00463828,-0.00299043
3393719000,0.001215,0.000295938,0.079875,0.00465848,0.0211732,-0.0003866,0.999984,-0.000153369,0.00470492,-0.00320944
3403719000,0.0012597,0.000520074,0.0798719,0.0042814,0.0236509,-0.000226017,0.999983,-4.83152e-05,0.0047713,-0.00342872
3413719000,0.00129997,0.000769382,0.0798711,0.0037754,0.0262075,5.59587e-05,0.999982,6.11752e-05,0.00483089,-0.00364467
3423719000,0.00133529,0.00104321,0.0798731,0.00328939,0.0285555,0.000342751,0.999981,0.000168064,0.00487645,-0.00385498
3433719000,0.0013661,0.00134013,0.0798775,0.00287303,0.0308241,0.000547999,0.99998,0.000279169,0.00491467,-0.00406524
3443719000,0.00139217,0.00165974,0.0798843,0.00234169,0.0330948,0.000807749,0.999979,0.000396845,0.00495365,-0.00427037
3453719000,0.00141251,0.00200169,0.0798938,0.00172783,0.0352925,0.00108782,0.999977,0.000501572,0.00498437,-0.0044691
3463719000,0.00215024,-0.000414757,0.0798312,0.00521792,0.0219541,0.000752202,0.999976,0.00060103,0.00500173,-0.00466295
3473719000,0.00259656,-0.00171203,0.0797924,0.00699342,0.0157753,0.000528376,0.999975,0.000692439,0.00501832,-0.00484514
3483719000,0.00266342,-0.00154298,0.0797984,0.00637936,0.0180539,0.000675349,0.999975,0.000785186,0.00502007,-0.00501697
3493719000,0.00272511,-0.00135148,0.0798579,0.00595849,0.0202519,0.00102975,0.999974,0.00087184,0.00501277,-0.00518835
3503719000,0.00278242,-0.00113761,0.0798693,0.00550271,0.022524,0.00124815,0.999973,0.000957443,0.00499808,-0.00535678
3513719000,0.00283496,-0.00090148,0.0798823,0.00500617,0.0247008,0.00134939,0.999972,0.00104622,0.00497833,-0.00551035
3523719000,0.0028834,-0.000643684,0.079896,0.00468147,0.0268563,0.00139252,0.999971,0.00113572,0.00495337,-0.00566077
3533719000,0.0029283,-0.000363803,0.0799102,0.00429665,0.0291176,0.00144066,0.99997,0.0012256,0.00492105,-0.0057992
3543719000,0.00296988,-6.10968e-05,0.0799251,0.00401848,0.0314211,0.00153786,0.99997,0.00132012,0.0048893,-0.00592977
3553719000,0.00300903,0.00026425,0.0799414,0.00380975,0.0336456,0.00173667,0.999969,0.00141464,0.00484991,-0.00604908
3563719000,0.00331086,-0.00141546,0.0798691,0.00478416,0.0258467,0.00142119,0.999968,0.00151238,0.00480416,-0.00615827
3573719000,0.00335766,-0.0011467,0.0798838,0.00458572,0.0279222,0.0015197,0.999968,0.00161003,0.00474786,-0.00626018
3583719000,0.00340218,-0.000856451,0.0799001,0.00432157,0.0301333,0.00174228,0.999967,0.00170515,0.00469097,-0.00635837
3593719000,0.00344338,-0.000544783,0.0799398,0.00391766,0.0322006,0.00184408,0.999967,0.00180335,0.00462669,-0.00644635
3603719000,0.00348194,-0.000212148,0.0799586,0.00379371,0.034325,0.00191001,0.999967,0.0018925,0.0045598,-0.00652826
3613719000,0.00351856,0.000141395,0.0799781,0.00352773,0.0363814,0.00199337,0.999966,0.00199285,0.00449399,-0.0066023
3623719000,0.00355265,0.000515413,0.0799983,0.00328943,0.03842,0.00205514,0.999966,0.0020817,0.00442733,-0.00667582
3633719000,0.00358371,0.000910305,0.0800188,0.00292093,0.040556,0.00204089,0.999965,0.00216839,0.00435626,-0.00674138
3643719000,0.00361111,0.00132602,0.0800397,0.00255578,0.0425853,0.00213995,0.999965,0.00224593,0.00428182,-0.00680503
3653719000,0.00363377,0.00176193,0.0800616,0.0019742,0.0445937,0.00223678,0.999965,0.00233085,0.00420899,-0.00686356
3663719000,0.00365247,0.00221782,0.0800843,0.00176471,0.0465822,0.00231045,0.999965,0.00241402,0.00413724,-0.00692332
3673719000,0.00398239,-0.000318395,0.0799527,0.002959,0.0352893,0.00130839,0.999964,0.00249567,0.00406675,-0.00697971
3683719000,0.0040107,4.46524e-05,0.079965,0.00272133,0.03734,0.00115043,0.999964,0.00258729,0.0039906,-0.00703483
3693719000,0.00424214,-0.00154411,0.0799153,0.00343188,0.0305327,0.000600441,0.999964,0.00267199,0.00391727,-0.00709158
3703719000,0.00427515,-0.00122941,0.0799207,0.00318411,0.0324262,0.000478039,0.999963,0.0027614,0.00385023,-0.00714134
3713719000,0.00430512,-0.00089614,0.079924,0.00281479,0.034233,0.000190009,0.999963,0.00284695,0.00377158,-0.00719003
3723719000,0.00433201,-0.000544958,0.0799255,0.00256393,0.036004,0.000111191,0.999963,0.00292335,0.00370401,-0.00724455
3733719000,0.00435647,-0.000175314,0.0799266,0.0023263,0.0379238,0.000111134,0.999962,0.00300342,0.00363586,-0.00729928
3743719000,0.00437827,0.000212549,0.0799269,0.0020322,0.0396471,-5.15811e-05,0.999962,0.00307757,0.0035648,-0.00735369
3753719000,0.00439754,0.000617384,0.0799257,0.00182148,0.0413178,-0.000186609,0.999961,0.00314999,0.00350437,-0.00740704
3763719000,0.0044136,0.00103993,0.0799223,0.00138798,0.0431889,-0.000494586,0.999961,0.00321992,0.00343831,-0.0074635
3773719000,0.00442539,0.00148114,0.0799162,0.000968894,0.0450519,-0.000731215,0.999961,0.00328956,0.00337788,-0.00751793
3783719000,0.00474087,-0.000501539,0.0799486,0.00183057,0.0360022,-0.00072932,0.99996,0.00335753,0.00332646,-0.00757762
3793719000,0.00475742,-0.000133595,0.0799493,0.0014897,0.0375997,-0.000975902,0.99996,0.0034243,0.0032749,-0.00764002
3803719000,0.00477055,0.000250007,0.0799378,0.00113939,0.0391244,-0.00133489,0.999959,0.00348431,0.00322987,-0.00770746
3813719000,0.00477996,0.000649014,0.0799216,0.000743411,0.0406775,-0.00190525,0.999958,0.00355599,0.00318137,-0.00777998
3823719000,0.0047858,0.00106425,0.0799004,0.000423137,0.042368,-0.00231996,0.999958,0.0036275,0.00314027,-0.00785814
3833719000,0.00478783,0.00149652,0.0798751,-1.66037e-05,0.0440845,-0.00274645,0.999957,0.00369122,0.00309798,-0.00794549
3843719000,0.00478546,0.00194463,0.0798472,-0.000458568,0.0455373,-0.00283643,0.999956,0.00375895,0.00305748,-0.0080347
3853719000,0.00477783,0.00240808,0.0798171,-0.0010689,0.0471508,-0.00317203,0.999955,0.00382614,0.00302388,-0.00813065
3863719000,0.00476394,0.00288479,0.079784,-0.00170957,0.0481881,-0.00345622,0.999954,0.00390268,0.00298563,-0.00822709
3873719000,0.00474342,0.00337331,0.0797483,-0.00239696,0.0495142,-0.00369111,0.999953,0.00398461,0.00295413,-0.00832843
3883719000,0.00528143,0.00103123,0.0800729,-0.000581257,0.0385392,-0.0019731,0.999952,0.00408002,0.00292143,-0.00843041
3893719000,0.00527239,0.00142104,0.0800392,-0.0012194,0.0394468,-0.00224816,0.999951,0.00419037,0.00289086,-0.00852919
3903719000,0.00565745,4.55696e-05,0.0802239,-0.000102344,0.0330108,-0.00125017,0.999949,0.00431451,0.00285457,-0.00863117
3913719000,0.00565355,0.000380428,0.0802096,-0.000669321,0.0339906,-0.00161649,0.999948,0.00445552,0.00281743,-0.00873581
3923719000,0.00564375,0.000724364,0.080192,-0.00128818,0.0348067,-0.00188526,0.999946,0.00460814,0.00278297,-0.00884434
3933719000,0.00562786,0.0010785,0.0801719,-0.00189123,0.0360214,-0.00213662,0.999945,0.00476869,0.00274744,-0.00895546
3943719000,0.00560561,0.00144366,0.0801491,-0.00255868,0.0370097,-0.00243335,0.999943,0.00493646,0.00270822,-0.00906903
3953719000,0.00557698,0.00181987,0.0801227,-0.00316875,0.0382284,-0.00285258,0.999941,0.00511229,0.00267045,-0.00919068
3963719000,0.0055422,0.00220948,0.0800915,-0.00378652,0.0396877,-0.00337244,0.999939,0.00530031,0.00263144,-0.00931482
3973719000,0.00550184,0.00261274,0.0800554,-0.00428838,0.0409594,-0.00385515,0.999937,0.00548145,0.00258654,-0.00944269
3983719000,0.00545559,0.00302842,0.0800144,-0.00496271,0.0421719,-0.00433758,0.999935,0.00566554,0.00253858,-0.00957244
3993719000,0.00540289,0.00345805,0.079967,-0.00557747,0.0437477,-0.00464849,0.999933,0.00584663,0.00249135,-0.00971257
4003719000,0.00534267,0.00390258,0.0799181,-0.00646934,0.0451543,-0.00515046,0.99993,0.00603006,0.00243695,-0.00985552
4013719000,0.00597727,0.00180777,0.0804685,-0.00426979,0.0357135,-0.00184836,0.999928,0.00620611,0.00236882,-0.0100009
4023719000,0.00593149,0.00217102,0.0804482,-0.00487028,0.0369774,-0.00221788,0.999925,0.00638961,0.00229269,-0.0101524
4033719000,0.00587891,0.00254628,0.0804245,-0.00565503,0.0378822,-0.00252837,0.997703,0.00413621,0.00177513,0.0675902
4043719000,0.0058201,0.00292722,0.0803987,-0.00609155,0.0383021,-0.00262019,0.99523,0.00338143,0.00154185,0.0974894
4053719000,0.00575646,0.00331167,0.0803717,-0.00663472,0.0385932,-0.00278039,0.994052,0.00320916,0.00142043,0.108854
4063719000,0.00568856,0.00369749,0.0803438,-0.00694506,0.0385693,-0.00280973,0.993574,0.00326969,0.00134431,0.113131
4073719000,0.00561634,0.00408402,0.0803155,-0.00750205,0.0387347,-0.00283458,0.993393,0.00341938,0.00127116,0.114707
4083719000,0.00553917,0.00447163,0.0802871,-0.0079346,0.0387812,-0.00285701,0.99333,0.00360776,0.00119618,0.115247
4093719000,0.00545858,0.00486002,0.08021,-0.00818365,0.0388923,-0.00278466,0.993313,0.00381109,0.00112443,0.115385
4103719000,0.00537505,0.0052496,0.080183,-0.00852591,0.0390178,-0.00261237,0.993313,0.00401745,0.00104942,0.115375
4113719000,0.00576706,0.0030394,0.0809623,-0.00696566,0.0284204,0.0021372,0.993319,0.00422734,0.000968863,0.115315
4123719000,0.0056961,0.00332347,0.0809858,-0.00721332,0.0284476,0.00257283,0.993328,0.0044448,0.000887835,0.115231
4133719000,0.00593773,0.00211009,0.0814775,-0.00619611,0.0224172,0.00550682,0.993338,0.00466588,0.000794099,0.115142
4143719000,0.0058758,0.00233357,0.0815368,-0.00617393,0.0223306,0.00634856,0.993347,0.00488975,0.000691021,0.115053
4153719000,0.00581367,0.00255576,0.081604,-0.00624622,0.0221238,0.0071093,0.993356,0.00512023,0.000591885,0.114963
4163719000,0.00575117,0.00277588,0.0816784,-0.00625345,0.0219032,0.00775903,0.993365,0.00535391,0.000489035,0.114878
4173719000,0.00568836,0.00299468,0.0817603,-0.00630811,0.021854,0.00862444,0.993373,0.00559676,0.000384808,0.114794
4183719000,0.005625,0.00321243,0.081851,-0.00636734,0.0216886,0.0095231,0.993382,0.00584078,0.00026521,0.114712
4193719000,0.0055614,0.00342802,0.0816536,-0.00635449,0.0214262,0.0102742,0.993389,0.00609262,0.000140674,0.114636
4203719000,0.00549751,0.00364087,0.0817628,-0.00642687,0.0211356,0.0115571,0.993395,0.00634953,1.70405e-05,0.114566
4213719000,0.00545909,0.0024444,0.0820777,-0.0061656,0.0150006,0.0138162,0.993402,0.00661453,-0.000112458,0.114495
4223719000,0.00539847,0.0025928,0.0822224,-0.00593766,0.0147352,0.0151231,0.993407,0.00688554,-0.000248319,0.114434
4233719000,0.00534056,0.0027397,0.0823806,-0.00563585,0.0146627,0.0165203,0.993411,0.00715566,-0.000392587,0.114381
4243719000,0.00528555,0.00288637,0.0825526,-0.00536664,0.0146735,0.0178679,0.993415,0.00743978,-0.000537471,0.114327
4253719000,0.00523267,0.00303135,0.0827387,-0.00521048,0.0143167,0.019355,0.993418,0.00772364,-0.000690533,0.114285
4263719000,0.00518251,0.00317468,0.0829408,-0.00482538,0.0143441,0.0210696,0.99342,0.00800456,-0.000843724,0.114245
4273719000,0.00513666,0.00331889,0.0831594,-0.00434625,0.0144882,0.0226518,0.993422,0.00829148,-0.000999855,0.114204
4283719000,0.00509602,0.00346406,0.083394,-0.0037851,0.0145388,0.0242578,0.993423,0.00858204,-0.00116036,0.114173
4293719000,0.00506101,0.00360944,0.0830895,-0.00322166,0.0145307,0.0252886,0.993424,0.00887121,-0.00132178,0.114146
4303719000,0.00503046,0.00375439,0.0833513,-0.00289047,0.014452,0.0270612,0.993423,0.00915386,-0.00148078,0.114127
4313719000,0.00500345,0.00389918,0.0836309,-0.00251672,0.014497,0.028863,0.993421,0.00943119,-0.00163984,0.114115
4323719000,0.00468669,0.00240478,0.0829094,-0.00315002,0.00800157,0.0252397,0.993419,0.009705,-0.00179944,0.114109
4333719000,0.00465794,0.0024854,0.083172,-0.00257117,0.00819202,0.0272772,0.993416,0.00998904,-0.00196009,0.11411
4343719000,0.00439625,0.00158851,0.082647,-0.00303143,0.00428403,0.0250656,0.993413,0.0102745,-0.00211866,0.11411
4353719000,0.00436868,0.00163049,0.0829083,-0.00245593,0.00417455,0.0271995,0.993409,0.0105597,-0.00227314,0.114117
4363719000,0.00434741,0.00167205,0.0831894,-0.00179104,0.00415979,0.0290164,0.993404,0.0108483,-0.00243105,0.114128
4373719000,0.00433222,0.001713,0.0834912,-0.00124479,0.00403297,0.031348,0.993398,0.0111481,-0.00258623,0.114147
4383719000,0.00432348,0.00175234,0.0838153,-0.000503841,0.0038304,0.0334786,0.993391,0.011455,-0.00273708,0.114173
4393719000,0.00432086,0.00179015,0.0835665,-2.03607e-05,0.0037309,0.0347537,0.993384,0.0117699,-0.00288261,0.114202
4403719000,0.00432384,0.00182708,0.0839239,0.000613173,0.00364642,0.0367229,0.993375,0.0121044,-0.00302724,0.114239
4413719000,0.0043332,0.00186396,0.0843011,0.00125633,0.0037187,0.0387257,0.993366,0.0124525,-0.00317485,0.114275
4423719000,0.00434885,0.00190324,0.084698,0.00187089,0.00412717,0.0406555,0.993357,0.0128017,-0.00331885,0.114308
4433719000,0.00412599,0.000849788,0.08284,0.00142361,5.58048e-05,0.0303991,0.993348,0.0131582,-0.00345634,0.114343
4443719000,0.00414184,0.000851952,0.0831513,0.00176723,0.000451281,0.0318629,0.993339,0.0135151,-0.00359592,0.114378
4453719000,0.00416094,0.000858844,0.0834763,0.00205866,0.000950453,0.0331372,0.993329,0.0138701,-0.0037358,0.114419
4463719000,0.00418251,0.00087207,0.0838142,0.0022558,0.00169764,0.0344414,0.993319,0.0142242,-0.00386675,0.114458
4473719000,0.00420579,0.000892367,0.0841646,0.0023985,0.00235687,0.0356313,0.993309,0.0145673,-0.00399779,0.114495
4483719000,0.00423097,0.000920233,0.084527,0.002635,0.00320867,0.0368548,0.993299,0.0148982,-0.00412924,0.114531
4493719000,0.00425832,0.00095682,0.084181,0.00283644,0.00410489,0.0368592,0.99329,0.0152394,-0.00425853,0.114567
4503719000,0.00428776,0.00100244,0.0845547,0.00304982,0.00501009,0.037875,0.99328,0.0155632,-0.00438762,0.114604
4513719000,0.00431807,0.00105806,0.084937,0.00300803,0.00610416,0.0385955,0.99327,0.0158836,-0.00451632,0.114636
4523719000,0.00434797,0.0011238,0.0853264,0.00296953,0.00703534,0.0392857,0.993261,0.0161959,-0.00464299,0.114668
4533719000,0.00437632,0.00120046,0.0857219,0.00269968,0.00828868,0.0398187,0.993253,0.0164922,-0.00476777,0.114689
4543719000,0.00440279,0.00128927,0.0861225,0.00259159,0.00946322,0.0402856,0.993246,0.0167767,-0.00489476,0.114706
4553719000,0.00479588,-0.000479066,0.0827203,0.0038498,0.00343856,0.0218936,0.99324,0.0170387,-0.00501363,0.114711
4563719000,0.00483298,-0.00043928,0.0829403,0.00358973,0.00458431,0.0221099,0.993235,0.0172976,-0.00512279,0.114709
4573719000,0.00511048,-0.00161458,0.0808141,0.00433522,0.00107253,0.0106415,0.993232,0.017535,-0.00522449,0.114696
4583719000,0.00515236,-0.00159873,0.0809194,0.00405807,0.00215314,0.0104153,0.99323,0.0177677,-0.00532835,0.114675
4593719000,0.00519137,-0.00157145,0.0808823,0.00375111,0.00332258,0.00993863,0.993229,0.0179784,-0.00542814,0.114643
4603719000,0.00522651,-0.00153154,0.0809801,0.00327757,0.0046606,0.00961845,0.99323,0.0181674,-0.0055146,0.114605
4613719000,0.00525647,-0.00147901,0.0810732,0.00271438,0.00584439,0.00900429,0.993231,0.0183319,-0.00559995,0.114563
4623719000,0.0052801,-0.00141443,0.0811601,0.00201006,0.00706819,0.00837683,0.993234,0.0184748,-0.00566659,0.114514
4633719000,0.00529611,-0.0013369,0.0812394,0.00119167,0.00843437,0.00748973,0.993238,0.0185939,-0.0057291,0.114454
4643719000,0.00530461,-0.00124701,0.0813098,0.000505906,0.00953968,0.00658999,0.993243,0.0186966,-0.00578002,0.114389
4653719000,0.00530555,-0.00114597,0.081371,-0.00031782,0.0106664,0.00563697,0.993249,0.0187787,-0.00582067,0.11432
4663719000,0.00605587,-0.00212798,0.0792384,0.001979,0.00739599,-0.00634347,0.993256,0.0188382,-0.00585341,0.114251
4673719000,0.0060708,-0.00204936,0.0791686,0.0010132,0.00833892,-0.00761871,0.993264,0.0188845,-0.00588768,0.114172
4683719000,0.00607652,-0.00196144,0.0790848,0.000132275,0.0092468,-0.00913983,0.993273,0.0189101,-0.00591447,0.11409
4693719000,0.00607336,-0.00186241,0.0791269,-0.000764427,0.0105558,-0.0106063,0.993282,0.0189172,-0.00593746,0.114005
4703719000,0.00606072,-0.0017526,0.0790127,-0.00176467,0.0114067,-0.0122308,0.993292,0.0189142,-0.00596,0.113917
4713719000,0.00603889,-0.0016332,0.0788815,-0.0026025,0.0124733,-0.0140104,0.993303,0.0188914,-0.00597758,0.113823
4723719000,0.00600876,-0.00150278,0.0787317,-0.00342299,0.0136114,-0.0159456,0.993315,0.0188539,-0.00599542,0.113724
4733719000,0.0059703,-0.00136215,0.0785629,-0.00427056,0.0145171,-0.0178236,0.99333,0.0187948,-0.00601381,0.113608
4743719000,0.00592331,-0.00121218,0.0783753,-0.0051279,0.0154779,-0.0196921,0.993346,0.0187227,-0.00603602,0.113478
4753719000,0.00586657,-0.00105159,0.0781684,-0.00622103,0.0166426,-0.0216849,0.993362,0.0186379,-0.00605006,0.113345
4763719000,0.00579931,-0.000881035,0.0779415,-0.0072322,0.0174716,-0.0237004,0.993381,0.0185345,-0.00605613,0.113197
4773719000,0.00673331,-0.0015955,0.0772081,-0.00416404,0.0149715,-0.0283218,0.993401,0.0184114,-0.00605931,0.113041
4783719000,0.00668765,-0.00144209,0.0769134,-0.00496244,0.0156763,-0.030618,0.993423,0.0182706,-0.00606384,0.112877
4793719000,0.00732812,-0.00190752,0.0769972,-0.00316048,0.0140919,-0.0327475,0.993444,0.0181214,-0.0060685,0.112707
4803719000,0.0072921,-0.00176426,0.0766586,-0.00403869,0.014522,-0.0349856,0.993468,0.0179565,-0.0060713,0.112529
4813719000,0.00724873,-0.00161613,0.0762973,-0.00463297,0.0150919,-0.0372587,0.993492,0.0177784,-0.00607834,0.11234
4823719000,0.00719881,-0.00146262,0.0759131,-0.0053511,0.0156076,-0.0395908,0.993517,0.0175873,-0.00608394,0.112151
4833719000,0.00714257,-0.00130444,0.0755064,-0.00589704,0.0160305,-0.0417484,0.993542,0.0173873,-0.00608939,0.111955
4843719000,0.00708042,-0.0011444,0.0750775,-0.00653297,0.0159819,-0.044037,0.993568,0.0171739,-0.00609439,0.111759
4853719000,0.00701144,-0.000983008,0.0746254,-0.00726549,0.0163027,-0.0463681,0.993593,0.0169612,-0.00610899,0.111567
4863719000,0.00693585,-0.000820618,0.0741506,-0.00785354,0.016181,-0.0485993,0.993618,0.0167482,-0.00611044,0.111378
4873719000,0.00685548,-0.00066047,0.073654,-0.00822105,0.0158547,-0.0507213,0.993643,0.016534,-0.00611783,0.111189
4883719000,0.00709182,-0.000477708,0.0750318,-0.00741857,0.015721,-0.0437324,0.993667,0.0163246,-0.00613191,0.111002
4893719000,0.00701592,-0.000321544,0.0753378,-0.00776959,0.0154434,-0.0448168,0.993691,0.0161136,-0.00614171,0.110815
4903719000,0.00693659,-0.000170068,0.0748799,-0.00809465,0.0148375,-0.0467723,0.993715,0.0158988,-0.00614675,0.110633
4913719000,0.00685421,-2.43944e-05,0.074402,-0.00838144,0.0142953,-0.0488076,0.993739,0.0156852,-0.006153,0.110453
4923719000,0.00676899,0.000116109,0.073905,-0.00866328,0.0138083,-0.0505797,0.99376,0.0154731,-0.00614915,0.110286
4933719000,0.00668068,0.000250978,0.0733918,-0.00899883,0.0131706,-0.0520616,0.993782,0.0152571,-0.00613465,0.110126
4943719000,0.00659027,0.000378186,0.0728625,-0.00908256,0.0122767,-0.0537941,0.993802,0.0150476,-0.00612029,0.109972
4953719000,0.00649914,0.000496754,0.0723177,-0.00914318,0.0114428,-0.0551753,0.993822,0.014833,-0.00609661,0.109818
4963719000,0.00640816,0.000604823,0.0717597,-0.00905247,0.010177,-0.0564268,0.993841,0.0146287,-0.00606995,0.109675
4973719000,0.00631792,0.000699705,0.0711908,-0.00899563,0.00880492,-0.0573562,0.993859,0.0144457,-0.00604083,0.109539
4983719000,0.00619464,0.00144021,0.074304,-0.00879846,0.00995943,-0.0408225,0.993876,0.0142853,-0.00600069,0.109412
4993719000,0.00610877,0.00153211,0.0747732,-0.00840061,0.00836264,-0.0404525,0.993891,0.0141487,-0.00595107,0.109292
5003719000,0.00596109,0.00218169,0.0763877,-0.0084861,0.00886241,-0.0305618,0.993904,0.0140472,-0.00589022,0.109189
5013719000,0.00587744,0.00226341,0.0760801,-0.00825829,0.00746446,-0.0309731,0.993916,0.0139758,-0.00582027,0.109099
5023719000,0.00579635,0.00233047,0.0757696,-0.00796574,0.00594382,-0.0311289,0.993926,0.0139305,-0.00574051,0.109018
5033719000,0.00571891,0.00238245,0.0754567,-0.00752325,0.00445247,-0.0314419,0.993934,0.0139076,-0.00565845,0.108946
5043719000,0.00564609,0.00241975,0.0751409,-0.00703925,0.00300723,-0.0317237,0.993942,0.0139065,-0.00557083,0.108884
5053719000,0.00557776,0.00244221,0.0748217,-0.00662339,0.00148532,-0.0321074,0.993948,0.0139223,-0.00547921,0.108832
5063719000,0.00551391,0.0024511,0.0744999,-0.00614385,0.000290614,-0.0322636,0.993952,0.0139591,-0.00538265,0.108793
5073719000,0.00545436,0.00244806,0.0741769,-0.00576418,-0.000898772,-0.0323231,0.993955,0.014008,-0.0052736,0.108764
5083719000,0.00539911,0.00243256,0.0738545,-0.005283,-0.00220189,-0.03217,0.993957,0.0140674,-0.00516177,0.108746
5093719000,0.00509328,0.00292649,0.0768797,-0.00577117,-0.00143816,-0.0177159,0.993957,0.0141375,-0.00505542,0.108737
5103719000,0.00503787,0.00290555,0.0767052,-0.00533451,-0.00273841,-0.0171994,0.993957,0.0142132,-0.00495506,0.108737
5113719000,0.00498678,0.00287183,0.0765353,-0.00488878,-0.00399953,-0.0167791,0.993955,0.0143114,-0.00486287,0.10874
5123719000,0.00493992,0.00282604,0.0763706,-0.00448492,-0.00515672,-0.0161535,0.993953,0.0144248,-0.00477074,0.10875
5133719000,0.00489782,0.0027686,0.0762135,-0.00393268,-0.00633379,-0.0152592,0.99395,0.0145636,-0.00467749,0.108767
5143719000,0.00486189,0.00270041,0.0760654,-0.00325076,-0.00730647,-0.0143721,0.993945,0.0147154,-0.00458041,0.108793
5153719000,0.00483227,0.00262357,0.0759264,-0.0026709,-0.00806706,-0.0134219,0.993938,0.0148857,-0.00448216,0.108835
5163719000,0.0048089,0.00253965,0.075797,-0.00199973,-0.00872043,-0.0124664,0.99393,0.0150789,-0.00438975,0.108883
5173719000,0.00479198,0.00244839,0.0756773,-0.00138145,-0.00953752,-0.0114651,0.993922,0.015282,-0.00429265,0.108938
5183719000,0.00478049,0.00234958,0.0755684,-0.000913606,-0.0102298,-0.0103186,0.993911,0.015494,-0.00419882,0.109006
5193719000,0.0047738,0.00224504,0.0761981,-0.000436117,-0.0107058,-0.00809594,0.9939,0.0157114,-0.00410336,0.109084
5203719000,0.00477142,0.00213622,0.0761233,-3.62005e-05,-0.0110644,-0.00686816,0.993887,0.015933,-0.0040015,0.109172
5213719000,0.00451436,0.0018045,0.0777765,-0.000510767,-0.012248,0.00318168,0.993874,0.0161709,-0.0039015,0.109264
5223719000,0.00433321,0.0015748,0.0787877,-0.000787615,-0.0129722,0.00949347,0.993859,0.0164129,-0.00380163,0.109366
5233719000,0.00432773,0.00144334,0.0788899,-0.00033997,-0.0132576,0.0109379,0.993844,0.016655,-0.00370787,0.109469
5243719000,0.0043261,0.00131087,0.0790074,4.18711e-06,-0.0132144,0.0125702,0.993828,0.0169023,-0.00360577,0.109581
5253719000,0.00432779,0.00117877,0.0791419,0.000329988,-0.0132018,0.0143374,0.993812,0.017144,-0.00350245,0.10969
5263719000,0.00433247,0.00104784,0.0792938,0.00060806,-0.0129872,0.0160372,0.993795,0.0173954,-0.003395,0.109803
5273719000,0.0043394,0.000918917,0.0794623,0.000780423,-0.0128022,0.0176685,0.993779,0.0176461,-0.00329308,0.109915
5283719000,0.00434811,0.000792889,0.0796479,0.000964498,-0.0124096,0.0194441,0.993762,0.0179098,-0.0031906,0.110029
5293719000,0.00435894,0.00067134,0.0799063,0.00120525,-0.0119089,0.0213399,0.993745,0.0181725,-0.00308274,0.110146
5303719000,0.00437216,0.000554626,0.0801282,0.00144049,-0.0114406,0.0230258,0.993728,0.0184251,-0.00297488,0.110259
5313719000,0.00464757,-0.000506406,0.080092,0.0026158,-0.0147078,0.0231543,0.99371,0.0186839,-0.00287138,0.110377
5323719000,0.00467428,-0.00065103,0.0803321,0.00270117,-0.0141677,0.0248542,0.993692,0.01894,-0.00277361,0.110495
5333719000,0.00470094,-0.000789332,0.0805893,0.00262323,-0.0134779,0.0265949,0.993675,0.0191858,-0.00267814,0.110614
5343719000,0.00472818,-0.000921029,0.0808638,0.00282491,-0.0128596,0.0283136,0.993658,0.0194285,-0.00257978,0.110727
5353719000,0.00475651,-0.00104549,0.0811548,0.002843,-0.0120361,0.0298782,0.993641,0.0196697,-0.00247849,0.110837
5363719000,0.00478379,-0.0011623,0.0814628,0.00261527,-0.0113306,0.0317124,0.993624,0.0199041,-0.00237666,0.110948
5373719000,0.00480926,-0.00127199,0.0817881,0.00248241,-0.0106136,0.033349,0.993608,0.020125,-0.00227599,0.111055
5383719000,0.00483305,-0.00137346,0.0821298,0.0022794,-0.00968442,0.0350013,0.993592,0.0203323,-0.0021711,0.111164
5393719000,0.00485636,-0.00146463,0.0821465,0.00239465,-0.00854466,0.0361054,0.993576,0.0205281,-0.00206563,0.111272
5403719000,0.00488043,-0.001544,0.082515,0.0024219,-0.0073333,0.0376054,0.99356,0.0207185,-0.00195642,0.11138
5413719000,0.00545835,-0.00275239,0.0810695,0.00446378,-0.0104878,0.0295468,0.993545,0.0209001,-0.00184676,0.111483
5423719000,0.0058357,-0.00359364,0.0801854,0.00570858,-0.0121958,0.0249422,0.99353,0.0210738,-0.00173923,0.111581
5433719000,0.00589229,-0.00370887,0.0804409,0.00557769,-0.0108143,0.0261545,0.993516,0.0212273,-0.00163063,0.111677
5443719000,0.00594746,-0.00380924,0.0807084,0.00544603,-0.00924703,0.0273316,0.993503,0.021377,-0.00152971,0.111773
5453719000,0.00600136,-0.00389478,0.080987,0.00533264,-0.00785897,0.0283878,0.993489,0.021512,-0.00144156,0.111865
5463719000,0.00605289,-0.00396591,0.0812765,0.00497458,-0.00636915,0.0295286,0.993476,0.021634,-0.00135098,0.111959
5473719000,0.00610105,-0.00402228,0.081577,0.00465962,-0.00490622,0.030562,0.993464,0.0217467,-0.00126029,0.112052
5483719000,0.00614609,-0.00406411,0.081888,0.00435003,-0.00346218,0.0316324,0.993451,0.02184,-0.00116938,0.112143
5493719000,0.00618854,-0.00409136,0.0819196,0.00415024,-0.00198011,0.0322396,0.99344,0.0219174,-0.00108698,0.112231
5503719000,0.00622829,-0.00410309,0.0822462,0.00380102,-0.000368347,0.0330848,0.993429,0.0219776,-0.00101353,0.112315
5513719000,0.00626472,-0.00409856,0.0825811,0.0034875,0.00127327,0.0338906,0.993419,0.0220197,-0.000940583,0.1124
5523719000,0.00629761,-0.00407762,0.082923,0.00309332,0.00291393,0.0344882,0.993409,0.022052,-0.000873172,0.112479
5533719000,0.00685073,-0.00513604,0.0809029,0.0049947,0.000201793,0.0231744,0.9934,0.0220758,-0.000817186,0.112553
5543719000,0.00689903,-0.00512564,0.0811371,0.0046537,0.00187763,0.0236656,0.993392,0.0220866,-0.00076049,0.112623
5553719000,0.00694656,-0.00509867,0.081375,0.00484961,0.00351668,0.0239223,0.993385,0.0220866,-0.0007158,0.112689
5563719000,0.00699482,-0.0050557,0.0816162,0.0048024,0.0050773,0.0243053,0.993379,0.02208,-0.000671598,0.11274
5573719000,0.00704205,-0.00499616,0.0818597,0.00464361,0.0068319,0.0243997,0.993374,0.0220556,-0.00063297,0.112786
5583719000,0.00708794,-0.00492029,0.0821032,0.00453515,0.008343,0.0243131,0.993371,0.022009,-0.000597356,0.112823
5593719000,0.0071318,-0.00482966,0.0804389,0.00428612,0.00984651,0.0215734,0.99337,0.0219463,-0.00057042,0.11285
5603719000,0.00717333,-0.00472369,0.0806534,0.00402162,0.0113509,0.0213335,0.99337,0.0218594,-0.000543416,0.112863
5613719000,0.00721171,-0.00460294,0.0808647,0.00365362,0.0128006,0.0209296,0.993371,0.0217539,-0.000516322,0.112874
5623719000,0.00724625,-0.00446734,0.081072,0.00325517,0.0143251,0.0205191,0.993374,0.0216225,-0.000493704,0.112876
5633719000,0.00758844,-0.00519976,0.0789493,0.0040864,0.012266,0.00840101,0.993377,0.0214596,-0.000472527,0.112878
5643719000,0.00783078,-0.00566247,0.0776343,0.00443817,0.011229,0.000854811,0.993382,0.0212709,-0.000451802,0.112873
5653719000,0.00787369,-0.00554388,0.0776386,0.00414742,0.0124295,1.64797e-05,0.993388,0.0210522,-0.000438066,0.112858
5663719000,0.0079143,-0.00541475,0.0776354,0.00397591,0.0133768,-0.000656403,0.993396,0.0208082,-0.000427592,0.112831
5673719000,0.00795221,-0.00527624,0.077625,0.00360709,0.0143187,-0.00142302,0.993406,0.0205293,-0.000419434,0.112798
5683719000,0.00798667,-0.00512893,0.0776071,0.00328294,0.0151465,-0.00216116,0.993417,0.0202298,-0.000414385,0.112755
5693719000,0.0080184,-0.00497437,0.0775819,0.00306247,0.0157723,-0.00288866,0.993428,0.0199061,-0.000410336,0.112709
5703719000,0.00804747,-0.0048136,0.0775483,0.00275173,0.0163913,-0.00382719,0.993441,0.0195659,-0.000404616,0.11266
5713719000,0.00807325,-0.00464729,0.0775055,0.00240351,0.0168803,-0.0047312,0.993454,0.0192124,-0.000397207,0.112602
5723719000,0.00809591,-0.00447652,0.0774536,0.00212691,0.017285,-0.00564294,0.993468,0.018848,-0.000385272,0.112542
5733719000,0.00811633,-0.00430259,0.0773925,0.00195622,0.0175104,-0.00657247,0.993483,0.0184738,-0.00037643,0.112476
5743719000,0.00813506,-0.00412685,0.0773211,0.00178852,0.0176503,-0.00771577,0.993498,0.0180761,-0.000363756,0.112408
5753719000,0.00831003,-0.00390524,0.0763623,0.00208586,0.0180208,-0.0127004,0.993513,0.0176646,-0.000347366,0.112339
5763719000,0.00832941,-0.00372447,0.0762298,0.0017937,0.0180416,-0.0138068,0.993528,0.0172474,-0.00032253,0.112271
5773719000,0.00834573,-0.00354435,0.0760861,0.0014722,0.0179522,-0.0149366,0.993543,0.0168174,-0.000303344,0.112202
5783719000,0.00835934,-0.00336546,0.0759314,0.00125029,0.0178226,-0.0160013,0.993558,0.0163779,-0.000276799,0.112137
5793719000,0.00837124,-0.00318856,0.0757655,0.00112812,0.0175631,-0.0171742,0.993572,0.0159298,-0.000250386,0.112072
5803719000,0.00838039,-0.00301498,0.0755886,0.000703097,0.0171641,-0.0182105,0.993587,0.0154709,-0.000206903,0.112003
5813719000,0.00838586,-0.00284647,0.0754005,0.0003906,0.0165507,-0.0194003,0.993603,0.0150106,-0.000155693,0.111928
5823719000,0.00838822,-0.00268378,0.0752014,8.07868e-05,0.0159998,-0.0204372,0.993617,0.0145589,-0.00010218,0.111862
5833719000,0.00838722,-0.00252723,0.074991,-0.000280573,0.0153222,-0.0216432,0.993631,0.0141013,-4.05482e-05,0.111793
5843719000,0.00838288,-0.00237854,0.0747685,-0.000586738,0.0144294,-0.022849,0.993645,0.0136504,2.16819e-05,0.111726
5853719000,0.00850346,-0.00111452,0.0751303,-0.000407712,0.0181768,-0.0215993,0.993658,0.013203,8.89275e-05,0.111665
5863719000,0.00849784,-0.000937254,0.074909,-0.000722896,0.0171711,-0.0226688,0.993671,0.0127647,0.000161368,0.111601
5873719000,0.00860286,-4.52806e-06,0.0751663,-0.000735586,0.0190566,-0.0218608,0.993684,0.0123345,0.000231661,0.111539
5883719000,0.00859385,0.000179989,0.0749425,-0.0010747,0.0177512,-0.0229032,0.993695,0.0119158,0.000310173,0.111479
5893719000,0.00858199,0.000351391,0.0747086,-0.00130047,0.0164999,-0.0238803,0.993706,0.011512,0.000390345,0.111422
5903719000,0.00856734,0.000509957,0.0744637,-0.00162925,0.015209,-0.0250966,0.993718,0.0111201,0.000469221,0.111362
5913719000,0.00854916,0.000655438,0.0742081,-0.00200604,0.0138922,-0.0260287,0.993728,0.0107462,0.000555011,0.111305
5923719000,0.00852737,0.000787835,0.0739425,-0.00235155,0.0125958,-0.0270966,0.993737,0.0103821,0.000653779,0.111255
5933719000,0.0085028,0.000906613,0.0736667,-0.0025594,0.0111692,-0.0280666,0.993747,0.0100365,0.00075086,0.111204
5943719000,0.00847487,0.00101049,0.0733802,-0.00302479,0.00961652,-0.029225,0.993755,0.00970853,0.000849396,0.111154
5953719000,0.00844278,0.001099,0.0730834,-0.00339137,0.00809379,-0.0301256,0.993763,0.00939434,0.00095453,0.111111
5963719000,0.00861594,0.0021383,0.0744596,-0.00287131,0.0102048,-0.0243586,0.99377,0.00910122,0.0010617,0.111076
5973719000,0.00858574,0.00223248,0.0742111,-0.00318567,0.00857311,-0.0253426,0.993775,0.00882708,0.00116998,0.111048
5983719000,0.00855294,0.0023103,0.0739531,-0.00337959,0.0069731,-0.0262717,0.993779,0.0085608,0.00127523,0.111029
5993719000,0.00851706,0.00237211,0.0736865,-0.00379704,0.00538638,-0.0270396,0.993784,0.00831895,0.00137924,0.111007
6003719000,0.00847733,0.00241785,0.0734117,-0.00414814,0.00376415,-0.0279307,0.993787,0.00809269,0.00147781,0.110996
6013719000,0.00843311,0.00244722,0.0731279,-0.00469397,0.00211574,-0.0288285,0.993789,0.00789411,0.0015812,0.110985
6023719000,0.00838422,0.00246079,0.0728364,-0.00508047,0.000603022,-0.0294581,0.993791,0.00771666,0.00168192,0.110981
6033719000,0.00833012,0.00245877,0.0725379,-0.00573475,-0.0009944,-0.030252,0.994077,0.00728586,0.00186159,0.108416
6043719000,0.0082707,0.00244095,0.072232,-0.00614465,-0.00256253,-0.0309325,0.994184,0.00704283,0.0019918,0.107441
6053719000,0.00820804,0.00240804,0.0719192,-0.00638586,-0.00401445,-0.0316256,0.994225,0.00688756,0.0020976,0.107075
6063719000,0.00814165,0.00236134,0.071599,-0.00688948,-0.0053231,-0.0324051,0.99424,0.00677633,0.00219161,0.10694
6073719000,0.00853867,0.00321745,0.074107,-0.00568153,-0.00314655,-0.0223524,0.994245,0.00669072,0.0022707,0.106898
6083719000,0.00847921,0.00318038,0.0738808,-0.00622686,-0.00428725,-0.0229041,0.994246,0.0066157,0.00234562,0.106891
6093719000,0.00876409,0.00383036,0.0754431,-0.00534959,-0.00281568,-0.016692,0.994245,0.00656387,0.00241684,0.106901
6103719000,0.0087081,0.00379629,0.0752745,-0.00586261,-0.00400677,-0.0170289,0.994243,0.00653236,0.00247768,0.106919
6113719000,0.00864823,0.00375114,0.075102,-0.00611505,-0.00502423,-0.0174865,0.994241,0.00651366,0.00253863,0.10694
6123719000,0.00858571,0.00369651,0.0749246,-0.00638971,-0.00590242,-0.0179782,0.994238,0.00650496,0.00258927,0.106967
6133719000,0.00852077,0.00363419,0.0747434,-0.00659709,-0.00656099,-0.0182647,0.994235,0.00650336,0.00262722,0.106991
6143719000,0.00845287,0.0035658,0.0745601,-0.00698215,-0.0071176,-0.0184057,0.994233,0.00651253,0.00266035,0.107015
6153719000,0.00838191,0.00349274,0.0743749,-0.00721038,-0.00749412,-0.0186288,0.99423,0.00653451,0.0026875,0.10704
6163719000,0.00830873,0.00341566,0.0741881,-0.00742528,-0.00792345,-0.0187226,0.994227,0.0065617,0.00270917,0.107065
6173719000,0.00823391,0.00333386,0.0740003,-0.00753744,-0.00843692,-0.0188445,0.994224,0.0066025,0.00272617,0.107089
6183719000,0.00845866,0.0029873,0.07605,-0.00654593,-0.00978335,-0.0103414,0.994221,0.00664608,0.00273451,0.107112
6193719000,0.00839305,0.00288861,0.075947,-0.0065755,-0.0099446,-0.0102522,0.994217,0.00669171,0.00272808,0.107142
6203719000,0.00832651,0.00278877,0.0758451,-0.00673141,-0.0100211,-0.0101331,0.994214,0.00673499,0.00271505,0.107169
6213719000,0.00825944,0.00268815,0.0757437,-0.00668317,-0.0101025,-0.0101553,0.994211,0.00677534,0.00270299,0.1072
6223719000,0.00819315,0.00258744,0.0756436,-0.00657414,-0.0100392,-0.00986019,0.994207,0.00682604,0.00268112,0.107228
6233719000,0.00812704,0.00248881,0.0755463,-0.00664838,-0.00968879,-0.00959334,0.994204,0.00688638,0.00264511,0.107256
6243719000,0.00806086,0.00239361,0.0754514,-0.00658822,-0.00935356,-0.00939564,0.994201,0.00694266,0.00259916,0.107282
6253719000,0.00799561,0.0023032,0.0753596,-0.00646315,-0.0087289,-0.00896495,0.994198,0.00699375,0.00254055,0.10731
6263719000,0.00793127,0.00221903,0.0752724,-0.00640658,-0.00810628,-0.00846611,0.994195,0.0070397,0.00247347,0.107336
6273719000,0.00786802,0.00214093,0.0751905,-0.00624606,-0.00751585,-0.00792734,0.994192,0.00708962,0.00240498,0.10736
6283719000,0.00791622,0.00114859,0.0770283,-0.00545058,-0.0102217,-0.000444261,0.994189,0.00713173,0.00232724,0.107384
6293719000,0.00790613,0.000459134,0.0781395,-0.00493453,-0.0115889,0.0041054,0.994187,0.00716601,0.00224824,0.107408
6303719000,0.00785879,0.00034812,0.0781837,-0.00451182,-0.0106032,0.0047345,0.994185,0.00719819,0.00216011,0.107424
6313719000,0.00781552,0.000246785,0.0782342,-0.00413454,-0.00966148,0.00537793,0.994183,0.00721615,0.00206927,0.107439
6323719000,0.00777537,0.000155884,0.0782914,-0.00389479,-0.00851842,0.006048,0.994182,0.00722902,0.00196575,0.107453
6333719000,0.00773918,7.7358e-05,0.0783552,-0.00334332,-0.00718707,0.00672844,0.994181,0.00724312,0.00186025,0.107467
6343719000,0.00770816,1.15558e-05,0.0784269,-0.00286472,-0.00597359,0.00760005,0.99418,0.00724057,0.00173952,0.107476
6353719000,0.00768156,-4.28235e-05,0.0785074,-0.0024582,-0.00490253,0.00850793,0.99418,0.00723618,0.00160933,0.107481
6363719000,0.00765956,-8.45908e-05,0.0785967,-0.00194541,-0.00345103,0.00935578,0.99418,0.00722555,0.00147792,0.107479
6373719000,0.00764336,-0.000111925,0.0786954,-0.00129924,-0.00201562,0.0103669,0.994181,0.00720659,0.00134156,0.107477
6383719000,0.00763338,-0.000125659,0.078804,-0.000699852,-0.000730974,0.0113566,0.994182,0.0071811,0.00120296,0.10747
6393719000,0.00762963,-0.000125899,0.0789223,-5.42996e-05,0.000683824,0.0123117,0.994184,0.00713777,0.00105384,0.107453
6403719000,0.00734887,-0.00120648,0.079335,-0.000475663,-0.00225106,0.0145525,0.994188,0.00708236,0.000893245,0.107425
6413719000,0.00734717,-0.00122308,0.079486,0.000169951,-0.00107922,0.0156553,0.994191,0.00701108,0.000735443,0.1074
6423719000,0.00735235,-0.00122791,0.0796481,0.000878134,0.000107949,0.0167705,0.994194,0.0069311,0.000574302,0.107376
6433719000,0.0073642,-0.00121983,0.0798213,0.00149297,0.00150793,0.0178686,0.994198,0.00684337,0.000402832,0.107345
6443719000,0.00738266,-0.0011988,0.0800051,0.0021964,0.00269892,0.0188915,0.994203,0.00674342,0.000227742,0.107311
6453719000,0.00740773,-0.00116521,0.0801992,0.00281393,0.0040219,0.0199301,0.994208,0.00663229,5.55612e-05,0.107272
6463719000,0.00743894,-0.0011191,0.0804039,0.00342228,0.00520133,0.0210031,0.994213,0.00651098,-0.000121072,0.10723
6473719000,0.00747699,-0.00106132,0.0806188,0.00418267,0.00635892,0.0219824,0.99422,0.00638249,-0.000299384,0.107175
6483719000,0.00752173,-0.000991655,0.0808447,0.00475909,0.00757711,0.023185,0.994227,0.00623348,-0.000477975,0.107117
6493719000,0.00721355,-0.00152086,0.0799554,0.00389505,0.006411,0.0202627,0.994234,0.00607159,-0.000653253,0.107059
6503719000,0.00701215,-0.00188209,0.079418,0.00339894,0.00580332,0.0185537,0.994241,0.00589997,-0.000830773,0.106998
6513719000,0.00704922,-0.00182004,0.0796073,0.00406206,0.00656602,0.0193069,0.994249,0.00572292,-0.00100263,0.106932
6523719000,0.00709229,-0.00175019,0.0798054,0.00456875,0.00739011,0.0203074,0.994258,0.005534,-0.00118007,0.106863
6533719000,0.00714023,-0.00167172,0.0800133,0.00502152,0.00830211,0.0212614,0.994266,0.00533657,-0.0013521,0.106793
6543719000,0.00719258,-0.00158519,0.0802312,0.00544726,0.00900477,0.0223252,0.994275,0.00512007,-0.00152067,0.10672
6553719000,0.00725016,-0.00149146,0.0804592,0.00606447,0.00974687,0.0232705,0.994284,0.00489807,-0.00169206,0.106644
6563719000,0.00731303,-0.00139121,0.0806966,0.00650415,0.0103076,0.0242199,0.994292,0.004671,-0.00186081,0.106575
6573719000,0.00738029,-0.00128569,0.0809427,0.00694248,0.0108018,0.0250037,0.994301,0.00443044,-0.00203076,0.106499
6583719000,0.00745228,-0.00117545,0.0811968,0.00745042,0.0112525,0.025815,0.994309,0.0041845,-0.00219424,0.106425
6593719000,0.00752962,-0.00106066,0.0810865,0.00801553,0.011719,0.0261541,0.994318,0.00392913,-0.00235165,0.106352
6603719000,0.00761228,-0.000942015,0.0813511,0.00851296,0.0120177,0.0267765,0.994327,0.00367097,-0.0025043,0.106274
6613719000,0.0075229,-0.000626315,0.0801014,0.0083036,0.0129602,0.020134,0.994335,0.00340912,-0.00266148,0.1062
6623719000,0.00760796,-0.00049657,0.0803053,0.00874598,0.0129359,0.0206479,0.994344,0.00313773,-0.0028139,0.106126
6633719000,0.00769799,-0.000367493,0.0805143,0.00927209,0.0128624,0.0211563,0.994352,0.00286181,-0.00296414,0.106051
6643719000,0.00779395,-0.000240308,0.0807281,0.00992077,0.0125724,0.0215876,0.99436,0.00258519,-0.00310688,0.105977
6653719000,0.00789617,-0.000115691,0.0809453,0.0105205,0.0123546,0.0218698,0.994368,0.00230379,-0.00325177,0.105906
6663719000,0.00800423,6.64943e-06,0.0811663,0.0110887,0.0121194,0.0223252,0.994376,0.00202626,-0.00338462,0.105833
6673719000,0.00811796,0.000125761,0.0813909,0.0116523,0.0117099,0.0225844,0.994384,0.00174753,-0.00350743,0.105762
6683719000,0.0082374,0.00024007,0.0816175,0.0122324,0.0111588,0.0227422,0.99439,0.00147826,-0.00362375,0.1057
6693719000,0.00836304,0.000348499,0.0818458,0.0128919,0.0105342,0.0229091,0.994397,0.00120796,-0.00374412,0.105639
6703719000,0.00849506,0.000450268,0.0820758,0.0135077,0.0098269,0.0230986,0.994403,0.000938532,-0.00386527,0.105582
6713719000,0.00850672,0.00157738,0.0801476,0.0137547,0.0129708,0.0137594,0.994408,0.000669262,-0.00397516,0.105533
6723719000,0.00864694,0.00170387,0.080285,0.0143193,0.0122703,0.0137136,0.994412,0.000407511,-0.00408248,0.105486
6733719000,0.00863811,0.00253758,0.0790638,0.0142526,0.0140343,0.00762524,0.994417,0.000150447,-0.00418849,0.105442
6743719000,0.00878247,0.00267228,0.0791382,0.0146483,0.0128534,0.00726599,0.99442,-0.000101488,-0.00429012,0.105405
6753719000,0.00893152,0.00279557,0.0792094,0.0151693,0.0117887,0.00695561,0.994422,-0.000340954,-0.00439242,0.105378
6763719000,0.00908534,0.00290757,0.0792774,0.0155977,0.0106085,0.00664572,0.994424,-0.000570098,-0.00448052,0.105356
6773719000,0.00924365,0.00300798,0.0793421,0.0160617,0.00947652,0.00631035,0.994425,-0.000799138,-0.00456343,0.105345
6783719000,0.00940607,0.00309639,0.0794018,0.016421,0.00821053,0.0056216,0.994425,-0.00102143,-0.00463549,0.105339
6793719000,0.00957212,0.00317221,0.0794552,0.0167857,0.00695813,0.00506082,0.994425,-0.00123404,-0.00469981,0.105338
6803719000,0.00974191,0.00323482,0.0795029,0.0171701,0.00556896,0.00448458,0.994423,-0.00144155,-0.00476496,0.105349
6813719000,0.00991484,0.00328289,0.0795445,0.0174137,0.0040502,0.00381936,0.994421,-0.00163487,-0.00482085,0.105366
6823719000,0.0100915,0.00331672,0.0795793,0.0179224,0.00272178,0.00314647,0.994417,-0.00181733,-0.00486789,0.105391
6833719000,0.0102726,0.00333725,0.0796064,0.0182912,0.00138864,0.00227101,0.994413,-0.00198808,-0.00490864,0.105422
6843719000,0.0105538,0.00470983,0.0785532,0.018929,0.00499349,-0.00288446,0.994409,-0.0021545,-0.00494081,0.10546
6853719000,0.0107431,0.004753,0.0785207,0.018934,0.00360706,-0.00360753,0.994404,-0.00231243,-0.0049628,0.105503
6863719000,0.0109331,0.00478244,0.0784797,0.0190818,0.0022698,-0.00459469,0.994398,-0.002456,-0.00498813,0.105551
6873719000,0.0111242,0.00479731,0.0784292,0.0191406,0.000703788,-0.00551637,0.994392,-0.00258861,-0.00500783,0.105603
6883719000,0.0113157,0.00479725,0.0783693,0.0191442,-0.000714569,-0.00644854,0.994386,-0.00271312,-0.00501612,0.105662
6893719000,0.0115066,0.00478389,0.0783006,0.0190394,-0.00195536,-0.00729588,0.994379,-0.00282193,-0.00501653,0.105723
6903719000,0.011696,0.00475766,0.0782224,0.0188403,-0.00328842,-0.00834204,0.994372,-0.00292116,-0.00501808,0.105788
6913719000,0.011884,0.00471843,0.0781342,0.0187551,-0.00455376,-0.00931069,0.994364,-0.00300196,-0.00501514,0.105861
6923719000,0.0120707,0.00466601,0.0780356,0.0185937,-0.00592943,-0.0104121,0.994356,-0.00306505,-0.00500811,0.105936
6933719000,0.0122555,0.00459996,0.0779266,0.0183703,-0.00727946,-0.011388,0.994347,-0.00311186,-0.00499432,0.106014
6943719000,0.013135,0.00577712,0.0779675,0.020422,-0.00379424,-0.0118504,0.994339,-0.00314242,-0.00497416,0.106092
6953719000,0.0133364,0.00573382,0.0778438,0.0198513,-0.00487201,-0.0128922,0.99433,-0.00316393,-0.00494993,0.106175
6963719000,0.014022,0.00657923,0.0779332,0.0210707,-0.00246721,-0.0130612,0.994321,-0.00317283,-0.00492087,0.106261
6973719000,0.014229,0.00654951,0.0777982,0.020321,-0.00347921,-0.0139387,0.994311,-0.00317405,-0.00488041,0.106353
6983719000,0.0144283,0.00650937,0.0776548,0.0195231,-0.00454671,-0.0147418,0.994302,-0.00315558,-0.00483359,0.106445
6993719000,0.01462,0.00645948,0.0775031,0.0188205,-0.0054314,-0.0155864,0.994293,-0.00312246,-0.00478785,0.106535
7003719000,0.0148034,0.00640005,0.077343,0.0178691,-0.0064558,-0.0164339,0.994283,-0.00307928,-0.00473623,0.106626
7013719000,0.0149784,0.00633073,0.077174,0.0171137,-0.00740813,-0.0173819,0.994274,-0.003024,-0.00467234,0.106714
7023719000,0.0151455,0.00625242,0.0769961,0.0163095,-0.00825524,-0.0181882,0.994265,-0.00295556,-0.00460758,0.106802
7033719000,0.0153039,0.00616664,0.076811,0.0153908,-0.00890278,-0.0188411,0.994256,-0.00287372,-0.00454227,0.106893
7043719000,0.0154523,0.00607422,0.0766189,0.0142719,-0.00958487,-0.0195635,0.994247,-0.00278482,-0.00446876,0.106982
7053719000,0.0155899,0.00597482,0.0764199,0.0132607,-0.0102965,-0.0202527,0.994238,-0.00268725,-0.00439314,0.107071
7063719000,0.0157177,0.00586877,0.0762138,0.0122958,-0.0109177,-0.0209568,0.994229,-0.0025667,-0.00431564,0.107157
7073719000,0.0158343,0.00575707,0.0760009,0.0110305,-0.0114241,-0.0216307,0.994221,-0.00244808,-0.00423473,0.107242
7083719000,0.01594,0.00564082,0.0757812,0.0101159,-0.011831,-0.0223087,0.994213,-0.0023138,-0.00414905,0.10732
7093719000,0.0160357,0.00552013,0.0755545,0.00902957,-0.0123111,-0.023023,0.994205,-0.00216906,-0.00405348,0.107399
7103719000,0.0161203,0.00539552,0.0753216,0.00789045,-0.0126134,-0.023563,0.994198,-0.00201482,-0.0039689,0.107471
7113719000,0.0161932,0.00526818,0.0750837,0.00668585,-0.0128588,-0.0240085,0.994191,-0.00185729,-0.00388261,0.107543
7123719000,0.0162534,0.00513772,0.0748406,0.00536398,-0.013239,-0.0246123,0.994185,-0.0016959,-0.00379111,0.107609
7133719000,0.0163012,0.00500438,0.0745929,0.00419855,-0.0134322,-0.0249394,0.994178,-0.00153213,-0.00371011,0.107672
7143719000,0.0163364,0.00486918,0.0743418,0.0028519,-0.0136122,-0.0252731,0.994173,-0.00136966,-0.00363219,0.107731
7153719000,0.0163581,0.00473332,0.0740877,0.00148152,-0.0135644,-0.0255573,0.994167,-0.0011996,-0.00354964,0.107788
7163719000,0.0163653,0.00459843,0.0738308,-4.04055e-05,-0.0134198,-0.0258158,0.994162,-0.00102002,-0.00347207,0.10784
7173719000,0.0163588,0.0044642,0.0735727,-0.00125877,-0.0134301,-0.0258003,0.994157,-0.000840748,-0.00339465,0.107891
7183719000,0.0163393,0.00433068,0.0733145,-0.0026417,-0.0132785,-0.0258344,0.994152,-0.000651682,-0.00331828,0.107941
7193719000,0.0163068,0.00419906,0.073056,-0.00385561,-0.013051,-0.0258774,0.994147,-0.000460644,-0.00324613,0.10799
7203719000,0.0162624,0.004069,0.0727975,-0.0050189,-0.012967,-0.0258078,0.994142,-0.000263867,-0.00318116,0.108034
7213719000,0.0162062,0.0039415,0.0725407,-0.00621741,-0.0125392,-0.0255709,0.994137,-7.02049e-05,-0.00312724,0.108078
7223719000,0.0161372,0.00381709,0.0722864,-0.00756812,-0.0123481,-0.0252731,0.994132,0.000126306,-0.00307763,0.108129
7233719000,0.0160556,0.0036948,0.0720353,-0.00876588,-0.0121143,-0.0249538,0.994127,0.000317181,-0.00303212,0.108174
7243719000,0.0200721,0.00604677,0.0735712,0.00313695,-0.00389333,-0.0189895,0.994123,0.000512589,-0.00299575,0.108213
7253719000,0.0200976,0.00600924,0.0733832,0.00193515,-0.00354202,-0.0186081,0.994119,0.000707443,-0.00295566,0.108251
7263719000,0.020111,0.00597617,0.0731992,0.000731534,-0.00304802,-0.0182062,0.994115,0.00090246,-0.00292556,0.10829
7273719000,0.0201126,0.00594797,0.0730193,-0.000405304,-0.00258538,-0.0177584,0.99411,0.00109486,-0.00290947,0.108332
7283719000,0.0201021,0.00592452,0.0728445,-0.00170253,-0.00210634,-0.0172056,0.994106,0.00128633,-0.00290304,0.108368
7293719000,0.02008,0.00590674,0.0726754,-0.00270515,-0.00145256,-0.0166152,0.994101,0.00147673,-0.00290224,0.108406
7303719000,0.0200475,0.00589555,0.0725118,-0.00379956,-0.000790017,-0.0161152,0.994096,0.00164844,-0.0029051,0.108449
7313719000,0.0200048,0.00589041,0.0723532,-0.00474682,-0.000242893,-0.0155969,0.994092,0.00182199,-0.00291893,0.108489
7323719000,0.0210001,0.0044088,0.0755601,-0.00256189,-0.00409446,-0.00468158,0.994087,0.00199184,-0.00294094,0.108526
7333719000,0.0209692,0.00437009,0.0755162,-0.00361986,-0.00358969,-0.00409933,0.994083,0.00216421,-0.00297804,0.108562
7343719000,0.0209286,0.00433771,0.0754796,-0.00449335,-0.00286454,-0.00320532,0.994078,0.00233738,-0.00302983,0.108599
7353719000,0.0208788,0.00431322,0.0754513,-0.00546708,-0.00202899,-0.00246149,0.994073,0.00251093,-0.00308665,0.108642
7363719000,0.02082,0.00429694,0.0754305,-0.00629024,-0.00122802,-0.00170034,0.994068,0.00267758,-0.00315668,0.108682
7373719000,0.0207527,0.00428827,0.0754166,-0.00717787,-0.000510212,-0.00107654,0.994063,0.00283579,-0.00323126,0.108723
7383719000,0.0206771,0.00428632,0.0754101,-0.00793171,0.000117677,-0.000219958,0.994058,0.00298791,-0.00331323,0.108761
7393719000,0.0205946,0.00429162,0.0754128,-0.00858464,0.000936564,0.000747074,0.994052,0.0031379,-0.00341299,0.108805
7403719000,0.0205052,0.00430374,0.0754241,-0.00929366,0.00148436,0.00152069,0.994047,0.00328248,-0.00351782,0.108847
7413719000,0.02041,0.00432337,0.0754434,-0.00974461,0.00243709,0.00234724,0.994042,0.00341543,-0.00363423,0.108885
7423719000,0.0203094,0.00435145,0.0754715,-0.0103896,0.00317477,0.00325948,0.994036,0.00353111,-0.00375773,0.108929
7433719000,0.0204892,0.00322967,0.0764533,-0.0100781,0.000376303,0.00700357,0.994031,0.00363446,-0.00390134,0.108965
7443719000,0.020386,0.0032367,0.0765278,-0.0105171,0.00106572,0.00790898,0.994026,0.00372737,-0.00404919,0.109
7453719000,0.0205181,0.00249051,0.0769891,-0.0103465,-0.000644945,0.00985032,0.994022,0.00381414,-0.00420827,0.109035
7463719000,0.0204124,0.00248753,0.0770914,-0.0107472,7.52528e-05,0.0106036,0.994017,0.00388715,-0.00438324,0.109068
7473719000,0.0203035,0.00249118,0.0772014,-0.011005,0.000663404,0.0114039,0.994014,0.00395336,-0.00456059,0.10909
7483719000,0.0201918,0.00250025,0.0773197,-0.0113351,0.00115203,0.0122462,0.99401,0.00400947,-0.00474528,0.109109
7493719000,0.0200769,0.00251416,0.0774462,-0.0116548,0.00162882,0.0130515,0.994008,0.00406172,-0.00493678,0.109123
7503719000,0.0199586,0.00253246,0.0775805,-0.0120117,0.00203008,0.0138162,0.994005,0.00410547,-0.00512845,0.109134
7513719000,0.0198371,0.00255422,0.0777222,-0.0122771,0.00232221,0.0145218,0.994004,0.00413048,-0.00532977,0.109136
7523719000,0.0197126,0.00257774,0.0778706,-0.0126368,0.00238048,0.0151672,0.994004,0.00414162,-0.00553614,0.109129
7533719000,0.0195856,0.00260243,0.078026,-0.012777,0.00255713,0.0159017,0.994003,0.00414229,-0.00574628,0.109127
7543719000,0.0191141,0.00256405,0.0772383,-0.0140477,0.00251488,0.0135085,0.994003,0.00412612,-0.00595636,0.109116
7553719000,0.0189728,0.00258914,0.0773759,-0.0141466,0.00250016,0.0140228,0.994004,0.0040983,-0.00616484,0.109093
7563719000,0.0188322,0.00261429,0.0775175,-0.0139712,0.0025282,0.0142827,0.994006,0.00405346,-0.00637643,0.109062
7573719000,0.0186927,0.0026392,0.0776637,-0.0139233,0.00245445,0.0149732,0.994009,0.0039897,-0.00658791,0.109026
7583719000,0.0185535,0.00266391,0.0778156,-0.0139207,0.00248713,0.015402,0.994012,0.00391869,-0.00680018,0.108985
7593719000,0.0184144,0.00268944,0.0788647,-0.0138919,0.0026073,0.0163565,0.994017,0.00383148,-0.00701415,0.108932
7603719000,0.0182768,0.00271636,0.0790301,-0.0136467,0.00278012,0.0167389,0.994023,0.00373361,-0.00722033,0.108869
7613719000,0.0181423,0.00274513,0.0791986,-0.0132463,0.0029752,0.0169544,0.994029,0.00361903,-0.00743255,0.108799
7623719000,0.0180132,0.00277497,0.0793692,-0.0125834,0.00299549,0.0171607,0.994036,0.00349524,-0.00763896,0.10873
7633719000,0.0178907,0.00280492,0.0795416,-0.0119193,0.00299719,0.0173274,0.994043,0.00336986,-0.0078343,0.108653
7643719000,0.0177747,0.00283519,0.0797161,-0.0112862,0.00306175,0.01757,0.994052,0.00323605,-0.00802303,0.108567
7653719000,0.0176653,0.00286602,0.0798923,-0.0106057,0.00310692,0.0176627,0.994061,0.00310267,-0.00821155,0.108467
7663719000,0.0164879,0.00358872,0.0788263,-0.013437,0.00550616,0.0123742,0.994072,0.00295673,-0.00839157,0.108358
7673719000,0.0163572,0.00364433,0.0789503,-0.0126532,0.00558025,0.012421,0.994084,0.00281068,-0.00857334,0.10824
7683719000,0.0154988,0.00409124,0.0782876,-0.0143482,0.006892,0.0089101,0.994096,0.00265678,-0.00875,0.108117
7693719000,0.0153591,0.00416039,0.0783766,-0.0135384,0.00690067,0.00888541,0.994109,0.00249404,-0.00892187,0.10799
7703719000,0.0152274,0.00422832,0.0784647,-0.0127879,0.00667183,0.008733,0.994123,0.0023301,-0.00908544,0.107853
7713719000,0.0151054,0.00429331,0.0785514,-0.0116153,0.0063238,0.0086072,0.994137,0.00215454,-0.00923518,0.107714
7723719000,0.0149935,0.00435495,0.0786375,-0.0107731,0.00600623,0.00862056,0.994152,0.00197293,-0.00938181,0.107567
7733719000,0.0148903,0.00441316,0.0787219,-0.00985529,0.00563816,0.00825896,0.994167,0.00178268,-0.00951692,0.107418
7743719000,0.0147962,0.00446652,0.0788038,-0.00897525,0.00503966,0.00812028,0.994182,0.00159217,-0.00965092,0.107266
7753719000,0.0147103,0.00451411,0.0788841,-0.00820722,0.00448386,0.0079295,0.994199,0.00139855,-0.00977858,0.107103
7763719000,0.0146327,0.00455653,0.0789623,-0.00731674,0.00400487,0.00771647,0.994216,0.00120042,-0.0098919,0.106938
7773719000,0.0137338,0.00532776,0.0781935,-0.00923374,0.00584504,0.00394604,0.994233,0.000993643,-0.00999742,0.106772
7783719000,0.0136463,0.00538476,0.0782319,-0.00824581,0.00550701,0.0037453,0.99425,0.000779307,-0.0100889,0.106605
7793719000,0.0135686,0.0054369,0.0782679,-0.00728131,0.00490488,0.00345398,0.994267,0.000571744,-0.0101607,0.106436
7803719000,0.0135006,0.0054826,0.0783012,-0.00632457,0.00423265,0.00319778,0.994285,0.000368157,-0.0102256,0.106263
7813719000,0.0134431,0.00552227,0.0783318,-0.00518501,0.00370499,0.00292827,0.994304,0.000165594,-0.0102822,0.106084
7823719000,0.0133964,0.00555681,0.0783597,-0.00415246,0.00320638,0.00265324,0.994323,-4.15103e-05,-0.0103283,0.1059
7833719000,0.0133604,0.00558622,0.0783856,-0.00304047,0.00268213,0.0025185,0.994342,-0.000247136,-0.0103715,0.105715
7843719000,0.0133353,0.00560967,0.0784086,-0.00198323,0.00201331,0.0020945,0.994362,-0.000458119,-0.0103954,0.105528
7853719000,0.0133201,0.00562665,0.0784277,-0.00106738,0.00138696,0.00171055,0.994382,-0.000661116,-0.010399,0.105336
7863719000,0.0133143,0.00563716,0.0784437,-9.19865e-05,0.000721273,0.00149427,0.994403,-0.000875585,-0.0103852,0.105138
7873719000,0.0126174,0.00673369,0.0779636,-0.00146186,0.0040384,-0.000869635,0.994425,-0.00109253,-0.0103665,0.104931
7883719000,0.0126077,0.00677157,0.0779535,-0.000472631,0.00348606,-0.0011554,0.994447,-0.00130315,-0.0103312,0.104723
7893719000,0.0120484,0.00753698,0.0776728,-0.00138568,0.00553287,-0.00253327,0.994469,-0.00152087,-0.0102849,0.104514
7903719000,0.0120399,0.00758992,0.0776454,-0.000323273,0.00500489,-0.00293551,0.994492,-0.0017354,-0.0102236,0.1043
7913719000,0.0120417,0.00763784,0.0776148,0.00067034,0.00455984,-0.00318305,0.994515,-0.00195814,-0.0101476,0.10408
7923719000,0.0120543,0.00768031,0.0775806,0.00185011,0.00393232,-0.00365942,0.994539,-0.00217691,-0.0100597,0.103856
7933719000,0.0120779,0.00771745,0.0775417,0.00286577,0.00349799,-0.00412832,0.994563,-0.00240392,-0.00995695,0.103628
7943719000,0.0121111,0.00775095,0.0774989,0.00378274,0.00320753,-0.00443957,0.994588,-0.0026326,-0.00984885,0.103399
7953719000,0.0121533,0.00778183,0.0774533,0.00465721,0.00297502,-0.00467041,0.994611,-0.0028638,-0.00973126,0.103175
7963719000,0.0122041,0.00780877,0.0774052,0.00549724,0.0024206,-0.00494446,0.994636,-0.00309018,-0.00959822,0.102947
7973719000,0.0122244,0.00847061,0.0774866,0.0060088,0.00441444,-0.00472432,0.99466,-0.00331561,-0.00945413,0.102718
7983719000,0.0122892,0.0085129,0.0774372,0.00692744,0.00399271,-0.00514086,0.994685,-0.00353946,-0.0093129,0.102486
7993719000,0.0123634,0.00855172,0.0773848,0.00790773,0.00375725,-0.00533711,0.994709,-0.00374703,-0.00915668,0.102257
8003719000,0.0124455,0.0085882,0.0773311,0.00852283,0.00353641,-0.00541225,0.994733,-0.00395185,-0.00898969,0.10203
8013719000,0.0125339,0.00862211,0.0772765,0.00915498,0.00324871,-0.00551434,0.994757,-0.00415217,-0.00880841,0.101806
8023719000,0.0126283,0.00865247,0.0772203,0.00972644,0.00282843,-0.00572231,0.99478,-0.00434074,-0.00863523,0.101585
8033719000,0.0127285,0.00867968,0.0771631,0.0103109,0.0026201,-0.00571924,0.994803,-0.00452313,-0.00845475,0.10137
8043719000,0.0128347,0.00870466,0.0771059,0.0109299,0.00238094,-0.00571112,0.994826,-0.00469091,-0.00826112,0.101153
8053719000,0.0129469,0.00872786,0.0770482,0.0115212,0.00226387,-0.00582538,0.994848,-0.004846,-0.00806954,0.100939
8063719000,0.0130642,0.00875024,0.0769891,0.0119497,0.00221541,-0.00600483,0.994871,-0.00498824,-0.00787413,0.100724
8073719000,0.0131857,0.00877196,0.0769286,0.0123448,0.00213301,-0.00608798,0.994893,-0.00511942,-0.00766759,0.100512
8083719000,0.0133113,0.00879316,0.0768671,0.0127824,0.00211191,-0.00622224,0.994915,-0.00524627,-0.00746472,0.100307
8093719000,0.0137512,0.00948379,0.077354,0.0142244,0.00451629,-0.00417252,0.994936,-0.00535154,-0.00725944,0.100105
8103719000,0.0138953,0.00952819,0.0773127,0.0145566,0.00433452,-0.00409666,0.994957,-0.00544806,-0.0070498,0.0999022
8113719000,0.0141881,0.0099898,0.077602,0.0150312,0.00600654,-0.00281751,0.994979,-0.00553513,-0.00684052,0.0996929
8123719000,0.0143392,0.0100493,0.0775743,0.0151501,0.00588104,-0.00271204,0.995001,-0.00561359,-0.0066339,0.0994872
8133719000,0.0144909,0.0101076,0.0775475,0.0151631,0.00577139,-0.00266012,0.995022,-0.00568526,-0.00642816,0.0992845
8143719000,0.0146423,0.0101652,0.0775218,0.0151221,0.00574651,-0.00247421,0.995043,-0.00575097,-0.00622192,0.099084
8153719000,0.0147919,0.0102231,0.0774974,0.0148098,0.00581878,-0.00240583,0.995064,-0.00580317,-0.00601548,0.0988829
8163719000,0.0149381,0.0102817,0.0774739,0.0144205,0.00591105,-0.00229091,0.995085,-0.00584806,-0.00581461,0.0986768
8173719000,0.0150805,0.0103404,0.0774522,0.0140778,0.00582549,-0.00204785,0.995106,-0.00588578,-0.00561451,0.0984737
8183719000,0.0152182,0.0104,0.0774321,0.0134576,0.00609385,-0.00196931,0.995128,-0.00592519,-0.00541734,0.0982672
8193719000,0.0153506,0.0104605,0.0774137,0.0130312,0.00601428,-0.00171988,0.995149,-0.00595759,-0.00521746,0.0980642
8203719000,0.0161922,0.0107869,0.0777048,0.015109,0.00710302,-0.000350963,0.99517,-0.00598629,-0.00501641,0.0978589
8213719000,0.0163401,0.0108588,0.0777023,0.0144422,0.00726133,-0.000150352,0.99519,-0.00602122,-0.00482404,0.097658
8223719000,0.016481,0.0109324,0.0777013,0.0137247,0.00745378,-5.48142e-05,0.995212,-0.00604899,-0.00463678,0.0974466
8233719000,0.016615,0.011008,0.0777018,0.0130733,0.00765879,0.000160033,0.995233,-0.00607829,-0.00446147,0.097231
8243719000,0.0167418,0.0110859,0.0777044,0.0122909,0.0079371,0.000365306,0.995255,-0.00611161,-0.00429627,0.0970108
8253719000,0.0168609,0.0111659,0.0777089,0.0115179,0.00805495,0.000532158,0.995277,-0.00614399,-0.00413715,0.0967917
8263719000,0.0169713,0.0112481,0.0777146,0.0105802,0.00839169,0.000603364,0.995299,-0.00617523,-0.00398624,0.0965666
8273719000,0.0170725,0.0113324,0.0777213,0.00964646,0.00846402,0.00073098,0.995322,-0.00621019,-0.00384655,0.0963386
8283719000,0.0171633,0.0114175,0.0777293,0.00853317,0.00855634,0.000877391,0.995345,-0.0062376,-0.00371264,0.0961048
8293719000,0.0172438,0.0115038,0.0777395,0.00755271,0.00870132,0.00116088,0.995368,-0.00626482,-0.00358325,0.0958661
8303719000,0.0173135,0.0115909,0.0777528,0.006409,0.00872788,0.0015053,0.995391,-0.00630094,-0.00346292,0.0956273
8313719000,0.0185519,0.0118615,0.0777694,0.00962476,0.00950389,0.00159161,0.995415,-0.00633392,-0.00334597,0.0953855
8323719000,0.0186428,0.0119566,0.0777868,0.00852918,0.00951328,0.00188619,0.995438,-0.00636242,-0.00323161,0.0951452
8333719000,0.0195747,0.0121544,0.0777831,0.0101823,0.00986058,0.0019867,0.995461,-0.00639506,-0.00312842,0.0949044
8343719000,0.0196696,0.0122528,0.077804,0.00876875,0.00979853,0.00219408,0.995483,-0.00642776,-0.00303006,0.0946686
8353719000,0.0197509,0.012351,0.077827,0.00748031,0.00984113,0.00241997,0.995506,-0.00646208,-0.00294936,0.0944315
8363719000,0.01982,0.0124496,0.0778523,0.00633955,0.00987397,0.0026284,0.995528,-0.00648725,-0.00287708,0.0941984
8373719000,0.0198772,0.0125481,0.0778795,0.00510412,0.00983665,0.0028086,0.99555,-0.00651704,-0.00281221,0.0939646
8383719000,0.0199214,0.0126467,0.0779077,0.00373893,0.00987394,0.00283427,0.995572,-0.00655313,-0.00275709,0.0937326
8393719000,0.0199524,0.0127453,0.0779366,0.00246071,0.00985474,0.00295026,0.995594,-0.00659217,-0.00270555,0.0935018
8403719000,0.0199705,0.0128442,0.0779672,0.00116109,0.0099342,0.00317224,0.995615,-0.00663738,-0.00266782,0.0932743
8413719000,0.0205754,0.0133199,0.0777571,0.00222493,0.0113129,0.00239036,0.995636,-0.00668617,-0.00263919,0.0930476
8423719000,0.0205917,0.0134319,0.0777821,0.00104206,0.0110687,0.0025916,0.995656,-0.00673721,-0.00261331,0.0928227
8433719000,0.0205962,0.0135421,0.0778094,-0.000138851,0.0109666,0.00288108,0.995677,-0.00679249,-0.00260472,0.0925946
8443719000,0.0205891,0.0136513,0.077839,-0.00129637,0.0108772,0.0030362,0.995698,-0.00685559,-0.00260741,0.0923704
8453719000,0.0205705,0.0137596,0.0778686,-0.00240703,0.0107869,0.00287859,0.995718,-0.00691562,-0.00261471,0.0921466
8463719000,0.0205411,0.0138671,0.0778973,-0.00347418,0.0107175,0.00286432,0.995738,-0.00697527,-0.00263108,0.0919257
8473719000,0.0205023,0.0139735,0.0779268,-0.00430331,0.0105581,0.00303384,0.995758,-0.00703132,-0.00266137,0.0917086
8483719000,0.0204545,0.0140776,0.0779581,-0.00524508,0.0102677,0.00322562,0.995776,-0.00709841,-0.00269962,0.0914977
8493719000,0.0203976,0.0141786,0.0779906,-0.00614138,0.00992765,0.00328596,0.995795,-0.00716541,-0.00274355,0.0912919
8503719000,0.020331,0.0142757,0.0780239,-0.00717869,0.00949672,0.00336971,0.995813,-0.00723783,-0.00279313,0.091089
8513719000,0.0202543,0.0143683,0.0780582,-0.00815794,0.00901803,0.00348353,0.995831,-0.00730982,-0.0028585,0.0908843
8523719000,0.0201685,0.0144552,0.0780935,-0.00901535,0.00837132,0.00357543,0.995848,-0.00737754,-0.00293649,0.0906858
8533719000,0.0204923,0.0153244,0.077703,-0.00831371,0.0106089,0.00213796,0.995865,-0.00744569,-0.00301963,0.0904944
8543719000,0.0204056,0.0154275,0.0777244,-0.00899353,0.00998963,0.00212835,0.995881,-0.0075137,-0.00310242,0.0903088
8553719000,0.02066,0.0160818,0.0774803,-0.00845584,0.0113384,0.00121492,0.995897,-0.00758775,-0.00319068,0.0901241
8563719000,0.0205719,0.01619,0.0774927,-0.00914046,0.0102791,0.00125923,0.995912,-0.00766202,-0.00328487,0.0899421
8573719000,0.020477,0.0162881,0.0775051,-0.00983233,0.00933922,0.00121554,0.995927,-0.00772795,-0.00339155,0.0897706
8583719000,0.0203753,0.0163773,0.0775177,-0.0105005,0.00851077,0.0013207,0.995941,-0.0077937,-0.00350729,0.0896067
8593719000,0.0202677,0.0164583,0.0775307,-0.0110112,0.00768158,0.00127557,0.995954,-0.00786291,-0.00362539,0.089448
8603719000,0.020155,0.0165309,0.0775423,-0.0115341,0.00684179,0.00104173,0.995967,-0.00794159,-0.00374256,0.0892907
8613719000,0.0200369,0.0165942,0.0775525,-0.0120906,0.00582547,0.000997734,0.995979,-0.00802101,-0.00386648,0.0891421
8623719000,0.0199139,0.0166485,0.0775616,-0.012518,0.00502783,0.000819251,0.995991,-0.00810306,-0.00399198,0.0889951
8633719000,0.0197872,0.0166935,0.077569,-0.0128334,0.00397801,0.000671018,0.996003,-0.00818644,-0.00412106,0.0888516
8643719000,0.019428,0.0177715,0.0774057,-0.0139336,0.0069752,-0.000136402,0.996014,-0.00825909,-0.00425135,0.0887127
8653719000,0.019286,0.0178364,0.0774033,-0.014433,0.00597597,-0.000344291,0.996025,-0.00833935,-0.00438102,0.0885774
8663719000,0.0191403,0.017892,0.0773983,-0.0146941,0.00514947,-0.000670781,0.996035,-0.00841319,-0.00451847,0.0884439
8673719000,0.0189922,0.0179376,0.0773903,-0.0149237,0.00396426,-0.000919195,0.996046,-0.00847825,-0.00466268,0.0883114
8683719000,0.0188415,0.0179715,0.0773798,-0.0152253,0.00282895,-0.00118367,0.996056,-0.00853157,-0.00480795,0.0881795
8693719000,0.0186883,0.0179952,0.0784771,-0.0154086,0.00189341,-0.00114662,0.996067,-0.00858462,-0.00495511,0.088051
8703719000,0.0185335,0.0180093,0.0784637,-0.0155607,0.000935995,-0.00152688,0.996076,-0.00863011,-0.00511525,0.0879271
8713719000,0.0183765,0.0180139,0.0784465,-0.0158513,-1.57231e-05,-0.00192698,0.996086,-0.00867435,-0.00527958,0.0878016
8723719000,0.018217,0.0180087,0.0784261,-0.016041,-0.00103356,-0.00214005,0.996096,-0.00870947,-0.00544923,0.0876776
8733719000,0.0180546,0.0179933,0.0784021,-0.0164594,-0.00203753,-0.00267383,0.996106,-0.00874304,-0.00561081,0.087553
8743719000,0.0178901,0.0179683,0.0783737,-0.0164404,-0.00297282,-0.00299869,0.996115,-0.00877419,-0.00577868,0.0874282
8753719000,0.0177247,0.0179335,0.0783422,-0.0166491,-0.0039821,-0.00329971,0.996125,-0.00880903,-0.00594972,0.0873057
8763719000,0.0171425,0.0194053,0.0784435,-0.0183419,0.000538362,-0.00315692,0.996134,-0.00884067,-0.00612427,0.0871863
8773719000,0.0167258,0.0203544,0.078516,-0.0194773,0.00311415,-0.00308864,0.996144,-0.0088693,-0.00630142,0.0870601
8783719000,0.0165294,0.0203803,0.0784833,-0.019757,0.00206171,-0.00344506,0.996154,-0.00889412,-0.0064719,0.0869317
8793719000,0.0163308,0.0203964,0.0784464,-0.019942,0.00116188,-0.00393871,0.996163,-0.00892052,-0.00665198,0.0868099
8803719000,0.0161316,0.0204038,0.0784054,-0.0198981,0.000312917,-0.00425373,0.996172,-0.00894518,-0.00683148,0.0866888
8813719000,0.0159321,0.0204032,0.0783602,-0.019993,-0.000440698,-0.00478925,0.996181,-0.00896918,-0.00699999,0.0865717
8823719000,0.0157321,0.0203952,0.0783108,-0.0200129,-0.00114946,-0.00509885,0.99619,-0.00898869,-0.0071671,0.0864489
8833719000,0.0155323,0.0203802,0.0782571,-0.0199676,-0.00184861,-0.00563823,0.996199,-0.00901155,-0.00733841,0.086328
8843719000,0.015333,0.0203586,0.0781974,-0.0198796,-0.00247738,-0.00628953,0.996208,-0.00902924,-0.00751235,0.0862079
8853719000,0.0151344,0.0203314,0.0781315,-0.0198522,-0.00295989,-0.00690429,0.996217,-0.0090462,-0.00768723,0.0860804
8863719000,0.0145834,0.0209658,0.0785816,-0.0211407,-0.00104726,-0.00500053,0.996227,-0.00905988,-0.00785615,0.0859549
8873719000,0.0143723,0.0209532,0.078529,-0.0210356,-0.00146977,-0.00551712,0.996236,-0.00908229,-0.00803479,0.0858288
8883719000,0.0141626,0.0209366,0.0784713,-0.0208998,-0.00185613,-0.00602006,0.996246,-0.00910246,-0.00820476,0.0856982
8893719000,0.0139549,0.0209165,0.0784082,-0.0206329,-0.00215706,-0.00660944,0.996256,-0.00911237,-0.00837483,0.0855667
8903719000,0.0137484,0.0208925,0.07834,-0.0206672,-0.00264143,-0.00702432,0.996266,-0.0091212,-0.00854196,0.0854283
8913719000,0.0135418,0.0208631,0.0782679,-0.0206691,-0.00323284,-0.00739381,0.996276,-0.0091288,-0.00870784,0.0852877
8923719000,0.0133344,0.0208291,0.0781916,-0.0208109,-0.00358058,-0.0078755,0.996287,-0.0091364,-0.00888009,0.0851455
8933719000,0.0131271,0.0207915,0.0781106,-0.020643,-0.00394344,-0.00831114,0.996298,-0.00914441,-0.00905074,0.0849982
8943719000,0.012921,0.0207501,0.0780252,-0.020594,-0.00432653,-0.00877681,0.99631,-0.00914407,-0.00922399,0.0848414
8953719000,0.0127141,0.0207056,0.0779361,-0.0207941,-0.00457975,-0.0090382,0.996321,-0.00914513,-0.00939345,0.0846869
8963719000,0.012056,0.0211235,0.078926,-0.0226043,-0.00307232,-0.00477911,0.996333,-0.00914499,-0.00955724,0.0845293
8973719000,0.0115675,0.0213837,0.0795514,-0.0235457,-0.00232116,-0.00202081,0.996346,-0.00914774,-0.00971888,0.0843628
8983719000,0.0113329,0.0213594,0.0795303,-0.0233321,-0.00253026,-0.00221165,0.996359,-0.0091478,-0.00988254,0.0841905
8993719000,0.0110999,0.0213339,0.0795077,-0.0232445,-0.00257977,-0.00230295,0.996372,-0.0091356,-0.0100405,0.0840105
9003719000,0.0108678,0.0213074,0.0794842,-0.0231704,-0.0027135,-0.00239681,0.996387,-0.00912503,-0.0101984,0.0838191
9013719000,0.0106371,0.02128,0.0794596,-0.0229813,-0.00276546,-0.00251436,0.996402,-0.00910695,-0.0103587,0.0836273
9023719000,0.0104082,0.0212517,0.0794346,-0.0227934,-0.00289974,-0.00248087,0.996417,-0.00907854,-0.0105187,0.0834308
9033719000,0.0101815,0.0212236,0.0794101,-0.0225616,-0.00273046,-0.00242681,0.996433,-0.00904487,-0.0106745,0.0832219
9043719000,0.00995668,0.0211966,0.0793864,-0.0223985,-0.00265401,-0.002305,0.99645,-0.00900806,-0.0108277,0.0830003
9053719000,0.00973427,0.0211701,0.0793646,-0.0220893,-0.00264866,-0.00205871,0.996468,-0.00897697,-0.0109825,0.0827678
9063719000,0.00920501,0.0214014,0.0802184,-0.0229604,-0.00166566,0.0018364,0.996487,-0.00893973,-0.0111357,0.0825221
9073719000,0.00897638,0.0213853,0.0802374,-0.0227362,-0.00152927,0.00197108,0.996507,-0.00890379,-0.0112856,0.0822667
9083719000,0.00875019,0.0213711,0.0802582,-0.0224922,-0.00131487,0.00219592,0.996527,-0.0088556,-0.0114352,0.0819988
9093719000,0.00852799,0.0213581,0.0802826,-0.021948,-0.00127648,0.00266869,0.996549,-0.00881228,-0.0115751,0.0817238
9103719000,0.00831103,0.0213465,0.0803111,-0.0214461,-0.00106023,0.0030319,0.996571,-0.00877171,-0.011709,0.0814436
9113719000,0.00810017,0.0213366,0.0803439,-0.0207277,-0.0009217,0.00353946,0.996592,-0.00872357,-0.0118443,0.0811605
9123719000,0.00789491,0.0213288,0.0803822,-0.0203285,-0.000623513,0.00410932,0.996615,-0.008679,-0.0119748,0.0808672
9133719000,0.00769363,0.021323,0.080426,-0.0199316,-0.000542543,0.00465468,0.996638,-0.00863192,-0.0120951,0.0805682
9143719000,0.0074977,0.0213183,0.0804753,-0.0192576,-0.000396126,0.00520177,0.996662,-0.00858061,-0.0122161,0.0802664
9153719000,0.00730898,0.0213147,0.0805307,-0.0184885,-0.000337681,0.00588526,0.996686,-0.00853138,-0.0123303,0.0799557
9163719000,0.00660384,0.0215732,0.0810764,-0.019795,0.000557324,0.00834025,0.99671,-0.00848674,-0.0124348,0.0796457
9173719000,0.00640902,0.0215785,0.0811639,-0.0191468,0.000525294,0.00916427,0.996733,-0.00844458,-0.0125397,0.0793369
9183719000,0.00581702,0.0217569,0.0814869,-0.0199834,0.00120084,0.0108199,0.996757,-0.00840492,-0.0126399,0.0790273
9193719000,0.00562013,0.0217678,0.0815989,-0.0193764,0.000989083,0.0115739,0.996781,-0.0083621,-0.0127337,0.0787157
9203719000,0.00542951,0.0217771,0.081719,-0.0187413,0.000862033,0.0124447,0.996804,-0.0083266,-0.0128307,0.078407
9213719000,0.00524563,0.0217858,0.0818483,-0.0180323,0.000885986,0.0134107,0.996827,-0.00829385,-0.0129142,0.0781002
9223719000,0.00506899,0.0217941,0.0819867,-0.017297,0.000771056,0.0142792,0.99685,-0.00827069,-0.0129918,0.0777947
9233719000,0.00489879,0.0218016,0.0821344,-0.0167459,0.000734471,0.0152526,0.996873,-0.00824881,-0.0130667,0.077493
9243719000,0.00473421,0.0218087,0.0822922,-0.0161709,0.000674225,0.0163088,0.996896,-0.00822712,-0.0131373,0.0771925
9253719000,0.00457484,0.0218142,0.0824608,-0.0157052,0.000431544,0.0174164,0.996918,-0.00820288,-0.0132011,0.0768954
9263719000,0.00442044,0.0218173,0.0826411,-0.015177,0.000191747,0.0186292,0.99694,-0.00818328,-0.0132682,0.0765992
9273719000,0.00427086,0.021817,0.0828325,-0.0147414,-0.000254688,0.0196619,0.996962,-0.00816339,-0.0133221,0.07631
9283719000,0.00412629,0.021813,0.0830345,-0.0141731,-0.00055618,0.0207351,0.996983,-0.00813923,-0.0133722,0.076024
9293719000,0.00363746,0.0225027,0.082471,-0.0150362,0.00181178,0.0190413,0.997004,-0.00811496,-0.0134099,0.075744
9303719000,0.00348923,0.0225185,0.0826678,-0.0146017,0.00135084,0.020311,0.997024,-0.00809686,-0.0134497,0.0754717
9313719000,0.00334469,0.0225303,0.0828781,-0.0143049,0.0010133,0.0217389,0.997044,-0.00806817,-0.0134798,0.0752042
9323719000,0.00320317,0.0225377,0.0831011,-0.0139978,0.000480835,0.0228611,0.997064,-0.00804036,-0.0135027,0.0749432
9333719000,0.00306448,0.0225397,0.0833362,-0.013742,-0.000100543,0.0241676,0.997083,-0.00800409,-0.01352,0.0746902
9343719000,0.00292825,0.0225361,0.0835842,-0.0135035,-0.000611255,0.0254326,0.997102,-0.00796075,-0.0135236,0.0744429
9353719000,0.00279366,0.0225269,0.0838442,-0.0134135,-0.00122991,0.0265602,0.99712,-0.00791941,-0.0135153,0.0742069
9363719000,0.0026599,0.0225109,0.0841161,-0.0133394,-0.00197103,0.0278273,0.997137,-0.00788762,-0.013503,0.0739806
9373719000,0.00252681,0.0224877,0.0844004,-0.0132775,-0.00267281,0.0290292,0.997154,-0.00785728,-0.0134818,0.0737636
9383719000,0.00239383,0.0224561,0.0846967,-0.0133175,-0.00363973,0.0302388,0.99717,-0.00781959,-0.0134503,0.0735562
9393719000,0.00226786,0.0235079,0.0827781,-0.0133352,-0.00032708,0.022969,0.997185,-0.00777648,-0.0134099,0.0733614
9403719000,0.00213465,0.0234999,0.0830134,-0.0133171,-0.00127114,0.0240862,0.997199,-0.00773895,-0.0133678,0.0731788
9413719000,0.00200752,0.0242542,0.0817625,-0.013414,0.000660972,0.0195724,0.997213,-0.00769603,-0.013319,0.0730089
9423719000,0.0018733,0.024256,0.0819636,-0.013442,-0.000296552,0.0206516,0.997225,-0.00766078,-0.0132634,0.0728486
9433719000,0.00173938,0.0242483,0.0821749,-0.0133455,-0.00122725,0.021594,0.997238,-0.00762302,-0.0132067,0.0726937
9443719000,0.00160573,0.0242308,0.0823953,-0.0133868,-0.00229036,0.0224846,0.997249,-0.00758794,-0.013144,0.0725548
9453719000,0.0014717,0.0242035,0.0826244,-0.0134174,-0.00317037,0.0233537,0.99726,-0.00755351,-0.0130704,0.0724241
9463719000,0.00133764,0.024168,0.0828617,-0.0133933,-0.00391995,0.0240985,0.99727,-0.00751884,-0.012992,0.0723026
9473719000,0.00120299,0.0241244,0.0831066,-0.013535,-0.00480527,0.0248744,0.997279,-0.00750251,-0.0129101,0.0721928
9483719000,0.0010679,0.0240725,0.0833589,-0.0134806,-0.00557623,0.025584,0.997288,-0.00748518,-0.012824,0.0720893
9493719000,0.000934077,0.0240132,0.0836183,-0.0132806,-0.00627158,0.0263063,0.997296,-0.00746917,-0.0127319,0.0719921
9503719000,0.00106491,0.0249164,0.0813281,-0.0122631,-0.00331985,0.0172731,0.997304,-0.0074587,-0.0126364,0.0719017
9513719000,0.000943152,0.0248793,0.0815037,-0.0121091,-0.00411593,0.0178478,0.997311,-0.00745001,-0.0125392,0.0718208
9523719000,0.00082314,0.0248342,0.0816848,-0.0118999,-0.00489039,0.0183738,0.997318,-0.0074476,-0.0124331,0.0717432
9533719000,0.000704025,0.0247813,0.0818707,-0.0119241,-0.00568845,0.0188032,0.997324,-0.00745279,-0.0123176,0.071672
9543719000,0.000584769,0.0247206,0.0820595,-0.0119255,-0.00644946,0.0189531,0.99733,-0.00746398,-0.0122042,0.0716127
9553719000,0.000465568,0.0246528,0.0822496,-0.0119121,-0.00712621,0.0190732,0.997336,-0.00747297,-0.0120874,0.0715525
9563719000,0.000346673,0.0245775,0.0824413,-0.0118637,-0.00791915,0.019264,0.99734,-0.00748325,-0.0119716,0.0715037
9573719000,0.000228238,0.0244944,0.082635,-0.0118201,-0.00869628,0.0194901,0.997345,-0.00750599,-0.0118528,0.0714565
9583719000,0.00011078,0.0244035,0.0828306,-0.0116683,-0.00949377,0.0196298,0.997349,-0.00753193,-0.011741,0.0714135
9593719000,-5.95194e-06,0.0243041,0.0830265,-0.0116749,-0.0103832,0.0195428,0.997353,-0.00756832,-0.0116261,0.0713765
9603719000,6.80349e-05,0.0251976,0.0803155,-0.0109968,-0.00744605,0.0088832,0.997356,-0.007611,-0.0115022,0.0713441
9613719000,7.59692e-05,0.0257688,0.0786514,-0.0103036,-0.00561631,0.0023901,0.997359,-0.00765748,-0.0113851,0.0713181
9623719000,-2.70502e-05,0.0257093,0.0786744,-0.01033,-0.00628773,0.00220501,0.997362,-0.00770731,-0.0112664,0.0712928
9633719000,-0.000130138,0.0256432,0.0786951,-0.0102977,-0.00695113,0.00194174,0.997365,-0.0077653,-0.011144,0.0712695
9643719000,-0.000232658,0.0255719,0.0787131,-0.0102082,-0.00729835,0.00164177,0.997367,-0.00783072,-0.0110197,0.0712462
9653719000,-0.000334474,0.0254963,0.0787278,-0.0101538,-0.00781581,0.00129533,0.99737,-0.00790862,-0.0108937,0.0712217
9663719000,-0.000436121,0.0254162,0.0787389,-0.0101728,-0.00821594,0.000941151,0.997372,-0.00799314,-0.0107591,0.0712029
9673719000,-0.000537124,0.0253317,0.0787474,-0.0100244,-0.00867819,0.000757539,0.997374,-0.00808761,-0.0106275,0.0711811
9683719000,-0.000636161,0.0252432,0.0787524,-0.00977953,-0.00901156,0.000231276,0.997376,-0.00818402,-0.0104948,0.0711616
9693719000,-0.000733666,0.0251511,0.075109,-0.00970576,-0.00940849,-0.00181949,0.997378,-0.00828657,-0.0103609,0.0711445
9703719000,-0.000830296,0.0250557,0.0750876,-0.00961658,-0.00966131,-0.00245652,0.99738,-0.00839968,-0.0102211,0.0711228
9713719000,-0.000926481,0.0249582,0.0750593,-0.00961668,-0.00984121,-0.0031949,0.997382,-0.00852134,-0.0100843,0.0710965
9723719000,-0.00095173,0.0254639,0.0741711,-0.00912902,-0.00767595,-0.00861326,0.997384,-0.00866107,-0.0099403,0.0710696
9733719000,-0.00104176,0.0253871,0.074081,-0.00890799,-0.00772439,-0.00940416,0.997387,-0.00880584,-0.00978705,0.0710344
9743719000,-0.00112968,0.025309,0.0739832,-0.00868392,-0.0078875,-0.0101533,0.99739,-0.00896258,-0.00963621,0.0709867
9753719000,-0.00121564,0.0252292,0.0738775,-0.00850934,-0.00808561,-0.0109739,0.997394,-0.00912843,-0.00949015,0.070936
9763719000,-0.00130034,0.0251487,0.0737629,-0.00842957,-0.00800619,-0.0119569,0.997398,-0.00930332,-0.00933615,0.070876
9773719000,-0.00138358,0.0250693,0.0736393,-0.00821454,-0.00787448,-0.0127582,0.997402,-0.00947978,-0.00918091,0.0708122
9783719000,-0.00146503,0.0249925,0.0735072,-0.00807226,-0.00748632,-0.013668,0.997407,-0.00966324,-0.00902794,0.0707426
9793719000,-0.00154475,0.0249189,0.0733652,-0.00786674,-0.0072212,-0.0147248,0.997412,-0.00985451,-0.00887267,0.0706648
9803719000,-0.00162276,0.0248484,0.0732131,-0.00773207,-0.0068787,-0.0157084,0.997417,-0.0100642,-0.00871714,0.0705793
9813719000,-0.00173471,0.0252318,0.0728719,-0.00778256,-0.00474633,-0.0175845,0.997423,-0.0102905,-0.00855404,0.0704831
9823719000,-0.00183905,0.0254334,0.0726246,-0.00796627,-0.00331712,-0.0189538,0.99743,-0.0105276,-0.00838782,0.0703766
9833719000,-0.00191741,0.0254031,0.0724307,-0.00774109,-0.00281521,-0.0198224,0.997437,-0.0107678,-0.0082262,0.0702576
9843719000,-0.00199463,0.0253774,0.0722277,-0.00771666,-0.00234737,-0.0207738,0.997445,-0.0110198,-0.00806137,0.0701266
9853719000,-0.00207139,0.025357,0.072015,-0.00763743,-0.00173037,-0.0217558,0.997453,-0.0112825,-0.00789127,0.0699855
9863719000,-0.0021464,0.0253426,0.0717931,-0.00736235,-0.00114248,-0.0226409,0.997462,-0.011552,-0.00771368,0.0698373
9873719000,-0.00221891,0.0253349,0.0715613,-0.00713624,-0.000404834,-0.0237128,0.99747,-0.0118378,-0.00753558,0.0696845
9883719000,-0.00228936,0.0253328,0.0713192,-0.00695013,-5.41096e-06,-0.0247055,0.99748,-0.0121277,-0.0073593,0.0695196
9893719000,-0.00235758,0.0253369,0.0710679,-0.00668848,0.000844005,-0.0255622,0.997489,-0.0124108,-0.00717834,0.0693537
9903719000,-0.00242351,0.0253477,0.0708078,-0.00649455,0.00132277,-0.0264471,0.997499,-0.0127049,-0.00698637,0.0691764
9913719000,-0.00248807,0.0253632,0.0705393,-0.00641127,0.0017776,-0.0272474,0.997509,-0.0130049,-0.00679226,0.0689924
9923719000,-0.00255168,0.0253841,0.0702638,-0.00630572,0.00240798,-0.027854,0.99752,-0.0133068,-0.00659706,0.0688016
9933719000,-0.00274096,0.0256729,0.0709788,-0.00635646,0.00393083,-0.0242713,0.99753,-0.0136235,-0.00639723,0.0686091
9943719000,-0.00280319,0.0257147,0.0707323,-0.00612624,0.00436067,-0.0250297,0.99754,-0.013939,-0.00619584,0.0684125
9953719000,-0.00286258,0.0257606,0.0704784,-0.00576334,0.00478249,-0.02576,0.997551,-0.0142593,-0.00598316,0.0682113
9963719000,-0.00291819,0.0258104,0.0702182,-0.00536167,0.00519201,-0.026264,0.997562,-0.0145682,-0.00576054,0.0680016
9973719000,-0.00296964,0.0258636,0.0699529,-0.00492399,0.00543732,-0.0267975,0.997573,-0.0148787,-0.00553455,0.0677948
9983719000,-0.00301754,0.02592,0.0696826,-0.00465139,0.00586189,-0.0272677,0.997584,-0.0151885,-0.00531077,0.0675882
9993719000,-0.00306219,0.0259796,0.0694084,-0.00427452,0.0060541,-0.0275757,0.997594,-0.0154968,-0.00508366,0.0673792
10003719000,-0.00310251,0.0260411,0.0691296,-0.00378349,0.00627056,-0.0281841,0.997605,-0.0158,-0.0048586,0.0671682
10013719000,-0.00313753,0.0261054,0.0688453,-0.00321426,0.00658156,-0.0286789,0.997615,-0.0160948,-0.00463287,0.0669617
10023719000,-0.0031671,0.0261715,0.0685568,-0.00269522,0.00665143,-0.0290116,0.997625,-0.0163848,-0.00439985,0.0667605
10033719000,-0.00319066,0.0262389,0.0682648,-0.00201056,0.00683465,-0.0293824,0.997634,-0.0166691,-0.00416704,0.0665621
10043719000,-0.00354764,0.027029,0.0698258,-0.00242314,0.00954072,-0.0223972,0.997644,-0.0169408,-0.0039277,0.0663681
10053719000,-0.00382026,0.0275485,0.0707326,-0.00268305,0.0110881,-0.018088,0.997653,-0.0171981,-0.00369658,0.0661758
10063719000,-0.00384246,0.0276598,0.0705509,-0.00181292,0.0111031,-0.0182558,0.997661,-0.0174524,-0.0034656,0.0659929
10073719000,-0.00385719,0.0277707,0.070368,-0.00115163,0.0110637,-0.0183255,0.99767,-0.0176896,-0.00324248,0.0658099
10083719000,-0.0038645,0.0278802,0.0701847,-0.000314077,0.0108365,-0.0183405,0.997678,-0.0179178,-0.0030149,0.0656314
10093719000,-0.00386283,0.0279865,0.0700015,0.000650469,0.0104261,-0.0182967,0.997687,-0.0181303,-0.00279255,0.0654549
10103719000,-0.00385162,0.0280885,0.069819,0.00159511,0.00996965,-0.0182124,0.997695,-0.0183284,-0.00257688,0.0652875
10113719000,-0.00383164,0.0281854,0.0696378,0.00240552,0.00940642,-0.0180251,0.997703,-0.0185029,-0.00237331,0.0651201
10123719000,-0.00409231,0.0290226,0.070636,0.00240565,0.0116631,-0.0133325,0.997711,-0.0186597,-0.00216654,0.0649543
10133719000,-0.00406209,0.0291353,0.0705039,0.00359997,0.0108469,-0.013085,0.99772,-0.0187975,-0.00195739,0.0647922
10143719000,-0.00402098,0.0292399,0.0703749,0.00461238,0.0100641,-0.0127108,0.997728,-0.0189094,-0.00176229,0.0646337
10153719000,-0.00396898,0.0293358,0.0702494,0.00578588,0.00911269,-0.0124028,0.997737,-0.0189914,-0.00157192,0.0644841
10163719000,-0.00390451,0.0294221,0.0701277,0.00711146,0.00815736,-0.0119382,0.997745,-0.0190451,-0.00138782,0.0643455
10173719000,-0.00382648,0.0294988,0.0700103,0.00849859,0.00718774,-0.0115312,0.997754,-0.0190756,-0.00121185,0.0642073
10183719000,-0.00373401,0.0295668,0.0698972,0.00999925,0.00641138,-0.011103,0.997763,-0.0190811,-0.00103474,0.0640681
10193719000,-0.00362611,0.0296265,0.0697885,0.0115862,0.00552102,-0.0106178,0.997772,-0.0190558,-0.00086045,0.0639237
10203719000,-0.0035029,0.0296767,0.0696857,0.0130609,0.00452502,-0.00995141,0.997782,-0.0190052,-0.000706235,0.0637884
10213719000,-0.00336452,0.0297169,0.0695885,0.0146189,0.00349778,-0.00949737,0.997793,-0.0189219,-0.000563771,0.0636501
10223719000,-0.00321061,0.0297461,0.0694964,0.0161673,0.00235252,-0.00892216,0.997803,-0.0188183,-0.000424337,0.0635183
10233719000,-0.0037699,0.0309764,0.0702183,0.0153505,0.00580844,-0.00532305,0.997813,-0.0186918,-0.000291433,0.0633972
10243719000,-0.00415971,0.0318276,0.0706345,0.0150858,0.00783592,-0.00301043,0.997824,-0.0185366,-0.000173992,0.0632811
10253719000,-0.00399854,0.0319005,0.0706069,0.0171217,0.00678316,-0.00252184,0.997834,-0.0183618,-7.5119e-05,0.0631736
10263719000,-0.00381784,0.0319624,0.0705843,0.0190098,0.00561911,-0.00199206,0.997844,-0.0181704,1.8867e-05,0.0630727
10273719000,-0.00361733,0.032013,0.0705668,0.0210903,0.00449503,-0.0015145,0.997853,-0.0179704,0.000109339,0.0629753
10283719000,-0.00339477,0.0320526,0.0705535,0.0234219,0.00342936,-0.00113368,0.997863,-0.0177624,0.000194339,0.0628833
10293719000,-0.00314963,0.0320811,0.0705445,0.0256095,0.00225518,-0.000676618,0.997873,-0.017533,0.000264689,0.0627853
10303719000,-0.00288272,0.0320994,0.0705399,0.0277732,0.00141499,-0.000233695,0.997883,-0.0172931,0.000320732,0.0626884
10313719000,-0.00259537,0.032108,0.0705405,0.0296986,0.000299599,0.000343818,0.997894,-0.0170446,0.000371631,0.0625919
10323719000,-0.00228806,0.032105,0.0705468,0.0317643,-0.000924446,0.00091916,0.997904,-0.0167839,0.000408335,0.0624981
10333719000,-0.0019607,0.0320894,0.0705591,0.0337098,-0.00218605,0.00154904,0.997915,-0.016511,0.000433157,0.062395
10343719000,-0.00161274,0.0320618,0.0705784,0.0358825,-0.00335034,0.00229805,0.997925,-0.0162377,0.00045586,0.0623004
10353719000,-0.00232362,0.0328791,0.0704565,0.0338847,-0.00142794,0.00233823,0.997936,-0.0159493,0.000469155,0.0622061
10363719000,-0.00197512,0.0328587,0.0704832,0.0358117,-0.00259075,0.00299671,0.997946,-0.0156559,0.000473318,0.0621183
10373719000,-0.00160717,0.0328267,0.0705166,0.0377772,-0.00379198,0.00368658,0.997955,-0.0153562,0.000467135,0.0620411
10383719000,-0.00121955,0.0327832,0.0705558,0.0397468,-0.00491207,0.00416365,0.997964,-0.0150551,0.000466323,0.0619737
10393719000,-0.000812302,0.0327292,0.0706004,0.0417027,-0.00589499,0.00474357,0.997972,-0.014754,0.00045437,0.061912
10403719000,-0.000385108,0.0326663,0.0706509,0.0437363,-0.00667951,0.00535439,0.99798,-0.0144505,0.000444943,0.0618559
10413719000,6.24151e-05,0.032596,0.0707065,0.0457682,-0.00739257,0.00578024,0.997988,-0.0141502,0.00042384,0.0618056
10423719000,0.000529836,0.032519,0.0707669,0.0477156,-0.00800759,0.00629062,0.997995,-0.0138554,0.000392954,0.0617625
10433719000,0.00101724,0.0324352,0.0708323,0.0497652,-0.0087744,0.00678492,0.998001,-0.0135764,0.000354684,0.0617148
10443719000,0.00152377,0.0323432,0.0709021,0.0515396,-0.00963303,0.00718645,0.998008,-0.0133066,0.000316296,0.0616642
10453719000,0.00115217,0.0331386,0.0701439,0.0501664,-0.00699113,0.00441378,0.998015,-0.0130498,0.00027734,0.0616132
10463719000,0.00166271,0.0330647,0.0701898,0.0519501,-0.00772401,0.00477422,0.998021,-0.012811,0.000232053,0.0615662
10473719000,0.00141363,0.0336215,0.0696837,0.0509124,-0.00610869,0.00302017,0.998026,-0.0125823,0.000186997,0.0615236
10483719000,0.00193099,0.0335564,0.0697151,0.0525678,-0.00687717,0.00326171,0.998032,-0.012372,0.000134936,0.0614768
10493719000,0.0024649,0.0334842,0.0697476,0.0542171,-0.00753457,0.00323875,0.998037,-0.012178,8.17944e-05,0.061429
10503719000,0.00301464,0.0334058,0.0697807,0.0557315,-0.00814434,0.00338339,0.998042,-0.012002,3.40988e-05,0.0613869
10513719000,0.00358037,0.033322,0.0698145,0.0574143,-0.00862742,0.00336709,0.998047,-0.011839,-1.87164e-05,0.0613428
10523719000,0.00416186,0.033232,0.0698483,0.0588818,-0.00937909,0.00340335,0.998051,-0.0116966,-6.65533e-05,0.0613026
10533719000,0.00475868,0.0331358,0.0698824,0.0604812,-0.00985998,0.00341567,0.998054,-0.0115684,-0.000123821,0.0612661
10543719000,0.00537154,0.0330341,0.0699167,0.0620892,-0.0104733,0.0034486,0.998057,-0.0114641,-0.000183677,0.0612399
10553719000,0.00600038,0.0329266,0.0699508,0.0636777,-0.0110347,0.00336203,0.99806,-0.01137,-0.000241144,0.061218
10563719000,0.00628694,0.0332835,0.069076,0.0638709,-0.00974087,-0.000285605,0.998062,-0.0112887,-0.000299026,0.0611948
10573719000,0.00693227,0.0331836,0.0690716,0.0652077,-0.0102309,-0.000585056,0.998064,-0.0112318,-0.000358407,0.0611759
10583719000,0.007591,0.0330798,0.0690646,0.0665418,-0.0105225,-0.000815653,0.998065,-0.0111892,-0.000419732,0.0611662
10593719000,0.00826288,0.0329734,0.0690553,0.0678345,-0.010768,-0.00105136,0.998065,-0.0111631,-0.000485727,0.0611602
10603719000,0.00894777,0.0328642,0.0690424,0.0691424,-0.0110656,-0.00152291,0.998066,-0.0111428,-0.000553463,0.061161
10613719000,0.00964428,0.0327522,0.0690248,0.0701573,-0.0113425,-0.00199827,0.998065,-0.0111355,-0.000631075,0.0611736
10623719000,0.0103513,0.0326386,0.0690034,0.0712479,-0.0113631,-0.00227844,0.998064,-0.0111368,-0.000700108,0.0611923
10633719000,0.0110698,0.0325243,0.0689787,0.0724441,-0.0115079,-0.0026737,0.998062,-0.0111392,-0.00077137,0.0612167
10643719000,0.0117991,0.032409,0.06895,0.0734244,-0.0115488,-0.00305457,0.99806,-0.0111479,-0.000846744,0.0612499
10653719000,0.0125386,0.0322932,0.068917,0.0744761,-0.0116093,-0.00354178,0.998057,-0.0111672,-0.000920989,0.0612892
10663719000,0.0132887,0.0321778,0.068879,0.0755326,-0.0114687,-0.00406155,0.998054,-0.011191,-0.000996042,0.061328
10673719000,0.014049,0.032063,0.0688358,0.076521,-0.0114886,-0.00457753,0.998051,-0.01122,-0.00107686,0.0613725
10683719000,0.0145123,0.0324678,0.0682769,0.0764396,-0.00942688,-0.00685292,0.998048,-0.0112504,-0.00116356,0.0614246
10693719000,0.0150385,0.0326717,0.0728121,0.076668,-0.00802284,-0.00666658,0.998044,-0.011281,-0.00125242,0.0614769
10703719000,0.0158107,0.0325936,0.0727434,0.0778099,-0.00760697,-0.00707551,0.99804,-0.0113152,-0.00134019,0.0615305
10713719000,0.0165936,0.0325197,0.0726701,0.0787697,-0.00716908,-0.00758078,0.998036,-0.0113416,-0.00142789,0.0615963
10723719000,0.0173855,0.03245,0.0725919,0.0796176,-0.0067834,-0.00805339,0.998031,-0.0113667,-0.00151629,0.0616578
10733719000,0.0181854,0.032384,0.0725081,0.0803573,-0.00640304,-0.00870385,0.998027,-0.0113878,-0.00160959,0.0617241
10743719000,0.0189932,0.0323218,0.0724181,0.0811969,-0.006048,-0.00931418,0.998022,-0.011407,-0.00169719,0.0617927
10753719000,0.0198087,0.0322628,0.0723211,0.0819059,-0.00573714,-0.0100677,0.998018,-0.0114222,-0.00178443,0.0618638
10763719000,0.0206318,0.032208,0.0722172,0.0827167,-0.00522153,-0.0107214,0.998013,-0.0114331,-0.00186807,0.0619345
10773719000,0.0214619,0.0321573,0.0721065,0.0833008,-0.00492384,-0.0114226,0.998008,-0.0114474,-0.00194943,0.0620116
10783719000,0.0222983,0.0321092,0.0719892,0.0839744,-0.0047006,-0.0120343,0.998003,-0.0114533,-0.00202958,0.0620878
10793719000,0.0230819,0.0323755,0.0721357,0.0844755,-0.0033518,-0.0114314,0.997998,-0.0114631,-0.00210071,0.0621657
10803719000,0.023928,0.032343,0.0720181,0.0847686,-0.00314866,-0.0120869,0.997993,-0.0114604,-0.0021683,0.0622412
10813719000,0.0247776,0.0323129,0.0718939,0.0851439,-0.0028785,-0.0127581,0.997988,-0.0114504,-0.00223643,0.0623265
10823719000,0.0256309,0.0322846,0.0717625,0.0855239,-0.00277842,-0.013517,0.997982,-0.0114387,-0.0023042,0.0624107
10833719000,0.0264872,0.0322576,0.0716247,0.0857412,-0.00262851,-0.0140469,0.997977,-0.0114257,-0.00237123,0.0624962
10843719000,0.0273459,0.0322315,0.0714811,0.0859928,-0.0025913,-0.0146821,0.997972,-0.0114031,-0.00243859,0.0625775
10853719000,0.0282054,0.0322056,0.0713306,0.0858928,-0.00258864,-0.0154041,0.997967,-0.0113708,-0.00250662,0.0626592
10863719000,0.0290637,0.0321787,0.0711742,0.0857744,-0.00278593,-0.0158909,0.997963,-0.0113323,-0.00258227,0.0627314
10873719000,0.0299199,0.0321493,0.0710127,0.0854725,-0.00309149,-0.0163977,0.997959,-0.0112891,-0.00265086,0.0627993
10883719000,0.0307736,0.0321166,0.0708464,0.0852492,-0.0034589,-0.0168746,0.997956,-0.0112287,-0.00271939,0.0628527
10893719000,0.0322515,0.033262,0.0716803,0.0872022,0.000279332,-0.0129439,0.997954,-0.0111704,-0.00278941,0.0628969
10903719000,0.0335182,0.0340091,0.0721866,0.0882247,0.00257361,-0.010574,0.997952,-0.0110971,-0.00286653,0.062936
10913719000,0.0343989,0.0340332,0.0720793,0.0879305,0.00227808,-0.0108807,0.997951,-0.0110156,-0.00294132,0.0629565
10923719000,0.0352776,0.0340549,0.0719697,0.0878184,0.00206531,-0.011056,0.997952,-0.0109249,-0.00302356,0.062962
10933719000,0.0361541,0.0340746,0.0718584,0.0874853,0.0018715,-0.0111957,0.997953,-0.0108232,-0.00310847,0.0629569
10943719000,0.0370272,0.0340922,0.0717456,0.08714,0.00165227,-0.0113593,0.997955,-0.0107145,-0.00320042,0.0629395
10953719000,0.0378958,0.0341072,0.0716313,0.0865797,0.0013454,-0.0115055,0.997958,-0.0105949,-0.00329395,0.0628967
10963719000,0.0387592,0.0341194,0.0715158,0.0860886,0.00108022,-0.0116019,0.997963,-0.0104706,-0.00339414,0.0628416
10973719000,0.0396179,0.0341287,0.0713994,0.0856497,0.000782993,-0.0116656,0.997968,-0.0103372,-0.0034987,0.0627762
10983719000,0.0404713,0.0341358,0.0712819,0.0850234,0.000627301,-0.0118363,0.997974,-0.0102073,-0.00360729,0.0626993
10993719000,0.0422299,0.0347329,0.0722096,0.087947,0.00282429,-0.00743842,0.99798,-0.010073,-0.00371591,0.0626072
11003719000,0.0431065,0.0347597,0.0721356,0.0873935,0.00256337,-0.00737626,0.997989,-0.00992979,-0.00383577,0.062495
11013719000,0.0439781,0.0347843,0.0720634,0.0869461,0.00237248,-0.00706443,0.997998,-0.00979167,-0.00396209,0.062356
11023719000,0.0448442,0.0348068,0.0719939,0.0862649,0.00212477,-0.00683766,0.998009,-0.00965026,-0.00409952,0.0621886
11033719000,0.0457034,0.0348277,0.0719266,0.0855798,0.00205704,-0.00661019,0.998022,-0.00950371,-0.00425331,0.0619932
11043719000,0.0465557,0.0348484,0.0718624,0.0848779,0.00207038,-0.00624102,0.998037,-0.00934941,-0.00442248,0.0617673
11053719000,0.0474007,0.0348694,0.0718013,0.084106,0.002121,-0.00596997,0.998054,-0.00919339,-0.00459789,0.0615086
11063719000,0.0482381,0.0348895,0.0717433,0.0833729,0.0019117,-0.0056374,0.998071,-0.0090332,-0.00478812,0.0612279
11073719000,0.0490681,0.0349086,0.0716892,0.082636,0.00190385,-0.00518355,0.998091,-0.00886781,-0.00499497,0.0609165
11083719000,0.0498906,0.0349268,0.0716395,0.0818476,0.0017273,-0.00475704,0.998112,-0.00870363,-0.00520458,0.0605786
11093719000,0.0507052,0.0349436,0.0715936,0.0810654,0.00161841,-0.00441917,0.998134,-0.00854084,-0.00542077,0.0602191
11103719000,0.0515113,0.034958,0.0715522,0.0801499,0.00125985,-0.00385012,0.998157,-0.00837265,-0.0056505,0.0598368
11113719000,0.0523084,0.0349681,0.0715169,0.0792702,0.000763983,-0.00321887,0.998181,-0.00820551,-0.00588869,0.0594288
11123719000,0.0544512,0.0356168,0.0724303,0.0834177,0.00241197,0.00109674,0.998207,-0.00804629,-0.00614061,0.0589989
11133719000,0.0552806,0.0356371,0.0724447,0.0825202,0.00168055,0.00178273,0.998233,-0.00788566,-0.00639565,0.0585505
11143719000,0.0570241,0.0361173,0.0729644,0.0851857,0.00260126,0.00440476,0.99826,-0.00771569,-0.00667066,0.0580854
11153719000,0.0578725,0.036139,0.0730123,0.0845474,0.00179004,0.00517836,0.998287,-0.00754869,-0.00695252,0.0576057
11163719000,0.0587129,0.0361519,0.0730684,0.0835646,0.000797421,0.0060382,0.998314,-0.00737769,-0.00723764,0.0571173
11173719000,0.0595439,0.0361554,0.0731322,0.0826225,-9.11416e-05,0.00672976,0.998341,-0.00720438,-0.00752389,0.0566253
11183719000,0.0603647,0.0361492,0.0732038,0.081538,-0.00115589,0.00758977,0.998368,-0.00702819,-0.0078164,0.0561321
11193719000,0.061175,0.0361322,0.0732843,0.08051,-0.00224974,0.00851594,0.998395,-0.00684682,-0.00811403,0.0556337
11203719000,0.061975,0.036104,0.0733733,0.0794877,-0.00339998,0.00927097,0.998421,-0.00667694,-0.00840945,0.0551315
11213719000,0.0627643,0.0360645,0.0734695,0.0783706,-0.00450065,0.00997568,0.998447,-0.00651108,-0.00870714,0.0546315
11223719000,0.0637271,0.037201,0.0734267,0.0779336,-0.00102077,0.010399,0.998473,-0.00633787,-0.00899977,0.054139
11233719000,0.0644995,0.0371859,0.0735364,0.0765983,-0.00197286,0.0115459,0.998497,-0.00617258,-0.00929903,0.0536523
11243719000,0.0652609,0.0371613,0.073657,0.0757141,-0.00292387,0.0125686,0.998521,-0.00601295,-0.00959786,0.0531663
11253719000,0.0660133,0.0371266,0.0737866,0.0747665,-0.00401463,0.0133624,0.998545,-0.00585155,-0.00988857,0.0526836
11263719000,0.0667563,0.0370824,0.0739251,0.0738368,-0.00482538,0.0143284,0.998569,-0.00568966,-0.0101665,0.052202
11273719000,0.0674901,0.0370298,0.0740732,0.0729177,-0.00571209,0.0152956,0.998591,-0.00552196,-0.0104403,0.0517291
11283719000,0.0682148,0.036968,0.0742302,0.0719985,-0.00665593,0.0161086,0.998614,-0.00535269,-0.0107073,0.0512573
11293719000,0.0689311,0.0368967,0.074395,0.0712604,-0.00760367,0.0168462,0.998635,-0.00517319,-0.0109759,0.0507976
11303719000,0.0696398,0.0368165,0.0745674,0.0704705,-0.00843589,0.0176337,0.998656,-0.00499194,-0.0112425,0.0503455
11313719000,0.0703404,0.0367281,0.0747474,0.0696476,-0.0092586,0.0183621,0.998676,-0.0048036,-0.0114993,0.0499012
11323719000,0.0710326,0.0366317,0.0749346,0.0687819,-0.0100161,0.0190864,0.998696,-0.00460873,-0.0117511,0.0494688
11333719000,0.0720142,0.0376738,0.0737528,0.0690131,-0.00651016,0.014603,0.998715,-0.0044083,-0.0120012,0.0490469
11343719000,0.0727008,0.0376043,0.0739024,0.0683761,-0.00732507,0.0153225,0.998733,-0.00420334,-0.0122457,0.0486346
11353719000,0.0736566,0.0383193,0.0731307,0.0687762,-0.00474183,0.0124214,0.99875,-0.00399322,-0.0124861,0.0482333
11363719000,0.0743402,0.038269,0.0732575,0.0680047,-0.00527846,0.0129357,0.998767,-0.00377583,-0.0127189,0.0478428
11373719000,0.0750169,0.0382134,0.0733888,0.0673382,-0.00581279,0.0133221,0.998783,-0.00355304,-0.0129374,0.0474667
11383719000,0.075686,0.0381526,0.0735238,0.0664882,-0.00634748,0.0136663,0.998797,-0.00332953,-0.0131537,0.0471112
11393719000,0.0763463,0.0380869,0.0736614,0.0655725,-0.0067896,0.0138706,0.998812,-0.00310244,-0.0133562,0.0467711
11403719000,0.0769977,0.0380175,0.0738009,0.0646907,-0.0071006,0.0140257,0.998824,-0.00287145,-0.013565,0.0464543
11413719000,0.0776399,0.0379455,0.073941,0.0637578,-0.00730676,0.0139848,0.998836,-0.00264427,-0.0137616,0.0461565
11423719000,0.0782746,0.0378728,0.0740809,0.0631626,-0.0072377,0.0140018,0.998847,-0.00241618,-0.0139537,0.0458788
11433719000,0.0789851,0.0384607,0.0729387,0.0628305,-0.00494095,0.00908904,0.998857,-0.0021893,-0.0141506,0.0456121
11443719000,0.0796095,0.0384117,0.0730285,0.0620742,-0.00482632,0.00887093,0.998866,-0.00196489,-0.0143391,0.0453514
11453719000,0.0802268,0.038364,0.0731158,0.0614053,-0.00469813,0.00857547,0.998875,-0.00175353,-0.0145243,0.0450981
11463719000,0.080838,0.0383166,0.0731998,0.0608226,-0.00476275,0.00824231,0.998884,-0.00154537,-0.014707,0.0448588
11473719000,0.0814422,0.0382697,0.0732815,0.0600288,-0.00463048,0.0080803,0.998892,-0.00134159,-0.0148875,0.0446227
11483719000,0.0820395,0.0382247,0.0733603,0.0594255,-0.00437675,0.0076946,0.9989,-0.00113135,-0.0150703,0.0443827
11493719000,0.0826302,0.038182,0.0734346,0.0587019,-0.00416751,0.0071494,0.998908,-0.000928914,-0.0152579,0.0441403
11503719000,0.0832138,0.0381417,0.0735022,0.0580175,-0.00389269,0.00638571,0.998917,-0.000724633,-0.0154389,0.0438945
11513719000,0.0837904,0.0381036,0.0735627,0.0572975,-0.00373358,0.005703,0.998925,-0.000527663,-0.0156291,0.0436468
11523719000,0.0843587,0.0380685,0.073617,0.0563647,-0.0032897,0.00516595,0.998932,-0.000334184,-0.0158229,0.0433999
11533719000,0.0852577,0.0384755,0.0727029,0.0567624,-0.00122912,0.00104309,0.99894,-0.000141541,-0.0160201,0.0431504
11543719000,0.085821,0.0384643,0.0727095,0.0559292,-0.000952448,0.000281949,0.998948,4.80106e-05,-0.0162239,0.0429002
11553719000,0.0866892,0.038686,0.0721838,0.0563099,7.64458e-05,-0.00222815,0.998955,0.00023292,-0.016442,0.0426505
11563719000,0.0872471,0.0386888,0.0721576,0.0553029,0.000525017,-0.00302925,0.998962,0.000402347,-0.0166554,0.0424052
11573719000,0.0877951,0.0386951,0.0721234,0.0543289,0.000737892,-0.00380663,0.998968,0.000558901,-0.0168653,0.0421642
11583719000,0.0883339,0.0387033,0.0720818,0.0534318,0.000910586,-0.00449984,0.998974,0.000702589,-0.0170763,0.0419296
11593719000,0.0888629,0.0387124,0.0720326,0.0523629,0.000895592,-0.0053415,0.99898,0.000836225,-0.0172868,0.0416997
11603719000,0.0893815,0.038722,0.0719756,0.0513419,0.00102997,-0.00606896,0.998986,0.000948597,-0.0174983,0.0414767
11613719000,0.0898897,0.0387329,0.0719114,0.0502935,0.00114014,-0.00676777,0.998991,0.00104607,-0.0177002,0.0412578
11623719000,0.0903884,0.0387445,0.0718409,0.0494486,0.00117462,-0.00734012,0.998996,0.0011342,-0.0179022,0.0410442
11633719000,0.0909021,0.038912,0.0719238,0.0484,0.00181826,-0.0073056,0.999001,0.00120714,-0.018089,0.040837
11643719000,0.0913814,0.0389304,0.0718481,0.0474902,0.00188846,-0.00784012,0.999006,0.00127037,-0.0182741,0.0406317
11653719000,0.0918519,0.0389488,0.0717674,0.0466253,0.00178938,-0.00830046,0.999011,0.00132244,-0.01845,0.0404305
11663719000,0.092314,0.0389659,0.071682,0.0457892,0.00162589,-0.00876951,0.999016,0.00134945,-0.0186178,0.0402293
11673719000,0.0927673,0.0389825,0.0715912,0.0448627,0.00169463,-0.00939706,0.999021,0.00137019,-0.0187753,0.0400336
11683719000,0.0932121,0.0389997,0.0714947,0.044102,0.00175073,-0.00990557,0.999026,0.00137633,-0.018929,0.0398385
11693719000,0.0936497,0.0390161,0.0713933,0.0434085,0.00151993,-0.0103752,0.999031,0.00136261,-0.0190655,0.0396513
11703719000,0.0940804,0.0390304,0.0712876,0.0427255,0.00135644,-0.0107581,0.999036,0.00132816,-0.0191828,0.0394634
11713719000,0.0945036,0.0390431,0.0711781,0.0419175,0.00117375,-0.0111357,0.999041,0.00128947,-0.0192779,0.0392841
11723719000,0.0949192,0.0390536,0.071065,0.0412025,0.000924212,-0.0115022,0.999047,0.00123386,-0.019362,0.0391104
11733719000,0.0953275,0.0390604,0.0709484,0.0404605,0.000449041,-0.0118171,0.999052,0.00116257,-0.0194296,0.038943
11743719000,0.0957274,0.0390627,0.0708285,0.039512,1.37159e-05,-0.0121506,0.999057,0.00108394,-0.0194728,0.0387838
11753719000,0.0961193,0.0390599,0.0707054,0.0388751,-0.000572325,-0.0124735,0.999062,0.000991952,-0.0195052,0.0386391
11763719000,0.0965258,0.0401728,0.0716772,0.0382326,0.00266835,-0.00877617,0.999067,0.000890291,-0.0195203,0.0385058
11773719000,0.0969043,0.0401952,0.0715881,0.0374639,0.00179303,-0.00903755,0.999072,0.000780174,-0.0195199,0.038387
11783719000,0.0973808,0.0409977,0.0721986,0.0371949,0.00359915,-0.00666604,0.999077,0.00067457,-0.0194959,0.0382791
11793719000,0.0977489,0.0410288,0.0753952,0.0364038,0.00259872,-0.00574378,0.999081,0.000563385,-0.0194621,0.0381822
11803719000,0.0981094,0.0410503,0.0753367,0.0356917,0.00168925,-0.00594206,0.999085,0.000460438,-0.0194084,0.0380957
11813719000,0.0984618,0.041062,0.0752773,0.0347994,0.000660279,-0.0059455,0.999089,0.000354425,-0.0193508,0.0380276
11823719000,0.0988056,0.0410631,0.0752177,0.0339554,-0.000444744,-0.00598517,0.999093,0.000255918,-0.0192832,0.037965
11833719000,0.0991409,0.0410537,0.0751578,0.0331034,-0.00142329,-0.00597722,0.999096,0.000165205,-0.019207,0.0379139
11843719000,0.099468,0.0410327,0.0750982,0.0323198,-0.00278561,-0.00596069,0.999099,6.61454e-05,-0.0191252,0.0378785
11853719000,0.0997877,0.0409987,0.0750387,0.0316327,-0.00399612,-0.00593795,0.999102,-2.95303e-05,-0.0190405,0.0378553
11863719000,0.100101,0.0409523,0.0749794,0.0310086,-0.00528206,-0.00591146,0.999104,-0.000117508,-0.0189375,0.0378465
11873719000,0.100584,0.0425044,0.0754974,0.0311284,-0.000538839,-0.00294095,0.999106,-0.000198531,-0.0188364,0.0378508
11883719000,0.100893,0.0424939,0.0754686,0.0306551,-0.00158489,-0.00283325,0.999107,-0.000271394,-0.0187326,0.0378686
11893719000,0.101198,0.042472,0.0754411,0.0302381,-0.00279723,-0.00266437,0.999108,-0.000336169,-0.0186294,0.0378919
11903719000,0.101498,0.0424383,0.0754147,0.0298355,-0.00394821,-0.00261634,0.999109,-0.000389735,-0.0185212,0.0379305
11913719000,0.101795,0.0423928,0.0753898,0.0295515,-0.00513528,-0.00235057,0.999109,-0.000425825,-0.018411,0.0379808
11923719000,0.102088,0.0423359,0.0753678,0.029089,-0.00625076,-0.00205608,0.999109,-0.000449724,-0.0183017,0.0380353
11933719000,0.102377,0.0422672,0.075348,0.0286369,-0.00748728,-0.00190177,0.999108,-0.000457193,-0.0181835,0.0380981
11943719000,0.10266,0.0421848,0.0753298,0.0280513,-0.0090058,-0.00173194,0.999108,-0.000447642,-0.018069,0.0381737
11953719000,0.102937,0.0420875,0.0753134,0.0273604,-0.0104379,-0.00156065,0.999106,-0.000423198,-0.0179603,0.0382603
11963719000,0.103134,0.0433345,0.0758058,0.0265277,-0.00677769,0.00102126,0.999104,-0.000389247,-0.0178528,0.0383598
11973719000,0.103382,0.0441685,0.07612,0.0257968,-0.00457419,0.0025562,0.999102,-0.000349424,-0.0177416,0.038472
11983719000,0.103637,0.0441176,0.0761466,0.025186,-0.00559513,0.00278023,0.999099,-0.000302255,-0.0176288,0.0385929
11993719000,0.103885,0.0440562,0.0761749,0.0245046,-0.00668432,0.00286771,0.999096,-0.000247117,-0.0175208,0.0387319
12003719000,0.104128,0.043985,0.0762042,0.0239319,-0.00755212,0.00299868,0.999092,-0.000187078,-0.0174136,0.0388777
12013719000,0.104364,0.0439049,0.076234,0.0233605,-0.00847632,0.00295002,0.999088,-0.000129816,-0.0173073,0.0390297
12023719000,0.104595,0.0438165,0.0762631,0.0228144,-0.00920868,0.00288505,0.999084,-6.12164e-05,-0.0172069,0.0391855
12033719000,0.10482,0.0437215,0.0762921,0.0221413,-0.00978696,0.00290051,0.999079,1.16255e-05,-0.0171218,0.0393496
12043719000,0.105038,0.043621,0.0763205,0.0215518,-0.0103107,0.00278663,0.999073,9.20928e-05,-0.0170414,0.0395226
12053719000,0.105249,0.0435149,0.0763479,0.0205953,-0.0109211,0.00269621,0.999067,0.00017559,-0.0169738,0.039699
12063719000,0.105451,0.0434025,0.0763732,0.0197831,-0.0115473,0.00236921,0.999061,0.000263831,-0.0169157,0.0398777
12073719000,0.105644,0.0432844,0.0763961,0.018881,-0.0120775,0.00221144,0.999055,0.000357716,-0.0168763,0.0400613
12083719000,0.105966,0.0438601,0.0766657,0.0183682,-0.00996308,0.00300114,0.999048,0.000449545,-0.0168476,0.0402489
12093719000,0.106145,0.0437575,0.076695,0.0174979,-0.0105515,0.00285118,0.99904,0.000538575,-0.01683,0.0404317
12103719000,0.106316,0.043649,0.0767228,0.0166841,-0.0111311,0.00270674,0.999033,0.000632419,-0.0168189,0.0406211
12113719000,0.106479,0.0435362,0.0767487,0.015829,-0.0114316,0.00247237,0.999025,0.00072566,-0.0168173,0.0408116
12123719000,0.106632,0.0434199,0.0767727,0.0149246,-0.0118406,0.00234566,0.999017,0.000813734,-0.0168249,0.0409976
12133719000,0.106777,0.0432991,0.0767959,0.0139861,-0.0123048,0.00228662,0.99901,0.000890219,-0.0168326,0.0411778
12143719000,0.106913,0.0431747,0.0768185,0.0131549,-0.0125815,0.00222904,0.999002,0.000962528,-0.0168542,0.0413629
12153719000,0.107039,0.0430475,0.0768402,0.012042,-0.0128721,0.00211468,0.998993,0.00101989,-0.0168759,0.0415478
12163719000,0.107155,0.0429176,0.0768603,0.0111461,-0.0130961,0.00190165,0.998985,0.00106524,-0.0169101,0.0417306
12173719000,0.107262,0.0427854,0.0768791,0.0103232,-0.0133445,0.00186529,0.998977,0.00110501,-0.0169438,0.04191
12183719000,0.107355,0.0430737,0.0772382,0.00955701,-0.0121415,0.00308762,0.998969,0.00114235,-0.0169883,0.042082
12193719000,0.107485,0.0432271,0.0774826,0.00867754,-0.0113596,0.00379367,0.998961,0.00116377,-0.0170405,0.0422471
12203719000,0.107567,0.0431121,0.0775193,0.00773007,-0.011642,0.00354556,0.998954,0.00117607,-0.0170971,0.0424005
12213719000,0.10764,0.0429945,0.0775539,0.00679274,-0.0118893,0.00337927,0.998946,0.00118742,-0.0171597,0.0425459
12223719000,0.107702,0.0428752,0.0775863,0.00566378,-0.0119571,0.00311154,0.99894,0.0011874,-0.017227,0.042678
12233719000,0.107754,0.042756,0.0776165,0.00469229,-0.0118899,0.00292144,0.998933,0.00118122,-0.0173035,0.042803
12243719000,0.107796,0.0426369,0.0776443,0.00368988,-0.0119374,0.00263753,0.998926,0.00116561,-0.0173955,0.0429211
12253719000,0.107828,0.0425166,0.0776693,0.00267407,-0.0121172,0.00236659,0.99892,0.00114369,-0.0174934,0.0430341
12263719000,0.10785,0.0423944,0.0776913,0.00175383,-0.0123183,0.00202358,0.998914,0.00111543,-0.0176011,0.0431324
12273719000,0.107862,0.042271,0.0777105,0.000695763,-0.0123591,0.00183093,0.998908,0.00107633,-0.0177165,0.0432193
12283719000,0.107865,0.0421466,0.0777282,-0.000123761,-0.0125249,0.00169222,0.998902,0.00103062,-0.0178397,0.0432987
12293719000,0.10786,0.042021,0.0777447,-0.00093192,-0.0125882,0.00161021,0.998897,0.000980156,-0.0179681,0.043364
12303719000,0.107825,0.0422638,0.0782103,-0.0018486,-0.0112946,0.00323146,0.998893,0.000923374,-0.0180965,0.0434203
12313719000,0.107801,0.0421497,0.0782419,-0.00272787,-0.0115427,0.00308627,0.998888,0.000856971,-0.0182338,0.043468
12323719000,0.10777,0.0420335,0.0782716,-0.00362349,-0.0117022,0.00286489,0.998884,0.000797499,-0.0183771,0.0435057
12333719000,0.10773,0.0419167,0.0783001,-0.00434985,-0.011655,0.00283903,0.99888,0.000717912,-0.0185176,0.0435453
12343719000,0.107683,0.0418006,0.0783278,-0.00510382,-0.0115547,0.00269327,0.998876,0.000640623,-0.0186633,0.0435766
12353719000,0.107629,0.0416852,0.0783546,-0.00555851,-0.0115217,0.00265992,0.998871,0.000556002,-0.0188188,0.0436047
12363719000,0.107571,0.0415693,0.0783801,-0.00607949,-0.0116597,0.00244821,0.998868,0.000461702,-0.0189668,0.0436254
12373719000,0.107508,0.0414523,0.0784046,-0.00662127,-0.0117319,0.00244438,0.998864,0.000353204,-0.019116,0.0436378
12383719000,0.107439,0.0413345,0.0784281,-0.00706282,-0.0118359,0.00225577,0.998861,0.000247349,-0.0192579,0.0436441
12393719000,0.107367,0.0412155,0.0784499,-0.00742678,-0.0119676,0.00210593,0.998859,0.000140903,-0.0194025,0.0436402
12403719000,0.10682,0.0415945,0.0790539,-0.00950687,-0.0100213,0.00418523,0.998856,2.22458e-05,-0.0195526,0.0436286
12413719000,0.106462,0.0417862,0.0794525,-0.0104738,-0.00899129,0.0054278,0.998854,-0.000116866,-0.0196995,0.0436115
12423719000,0.106356,0.0416963,0.0795064,-0.0106401,-0.00904019,0.00535806,0.998853,-0.000263806,-0.0198443,0.0435851
12433719000,0.10625,0.0416057,0.07956,-0.0106746,-0.00907889,0.00535749,0.998851,-0.000412734,-0.0199873,0.0435539
12443719000,0.106142,0.0415153,0.0796132,-0.0108716,-0.00901318,0.0052821,0.99885,-0.000561047,-0.0201241,0.043511
12453719000,0.106035,0.0414246,0.079665,-0.0105943,-0.00912351,0.00508355,0.998849,-0.000718769,-0.0202575,0.0434643
12463719000,0.10593,0.041333,0.0797151,-0.010251,-0.00919936,0.00493159,0.998849,-0.000879475,-0.0203782,0.0434145
12473719000,0.105829,0.0412402,0.0797651,-0.009996,-0.00934567,0.00506434,0.998849,-0.00104422,-0.0204868,0.0433568
12483719000,0.105731,0.0411459,0.0798162,-0.0097032,-0.00951874,0.00515487,0.998849,-0.00122054,-0.0205887,0.0432932
12493719000,0.105635,0.0410489,0.0798692,-0.00937569,-0.00987852,0.00544858,0.99885,-0.00139984,-0.0206845,0.0432229
12503719000,0.105543,0.0409485,0.0799253,-0.00915137,-0.0101871,0.00576784,0.998852,-0.00158234,-0.0207674,0.0431432
12513719000,0.105453,0.0408438,0.0799842,-0.00880092,-0.0107576,0.00602199,0.998853,-0.00176403,-0.0208462,0.0430614
12523719000,0.104646,0.0413669,0.080445,-0.0109583,-0.00891175,0.00783057,0.998855,-0.00193583,-0.0209098,0.0429835
12533719000,0.104539,0.0412748,0.0805249,-0.0105351,-0.00953653,0.00813231,0.998857,-0.0020987,-0.0209665,0.0429066
12543719000,0.104435,0.0411764,0.0806078,-0.0102533,-0.010162,0.00844741,0.998859,-0.00225318,-0.0210049,0.0428348
12553719000,0.104335,0.0410721,0.0806947,-0.00973692,-0.0107063,0.00894568,0.998861,-0.00240627,-0.0210237,0.0427701
12563719000,0.104239,0.0409623,0.0807865,-0.00935418,-0.0112431,0.00941489,0.998863,-0.00254192,-0.0210278,0.0427127
12573719000,0.104148,0.0408477,0.0808827,-0.0088596,-0.0116833,0.00981658,0.998865,-0.00268499,-0.0210091,0.0426649
12583719000,0.104063,0.0407283,0.0809835,-0.0082023,-0.0121808,0.0103406,0.998867,-0.00282863,-0.0209873,0.042624
12593719000,0.103985,0.0406051,0.0810892,-0.00745453,-0.0124675,0.0108126,0.998869,-0.00296729,-0.0209469,0.0425917
12603719000,0.103914,0.0404784,0.0811998,-0.00671651,-0.0128592,0.0112986,0.99887,-0.00310287,-0.0208957,0.0425655
12613719000,0.103851,0.0403466,0.0813158,-0.00582973,-0.0134931,0.0118988,0.998872,-0.00323254,-0.0208213,0.0425459
12623719000,0.103797,0.0402099,0.0814385,-0.00503523,-0.0138427,0.0126543,0.998874,-0.0033528,-0.0207358,0.0425286
12633719000,0.103752,0.0400707,0.0815684,-0.00400468,-0.0140064,0.013314,0.998876,-0.00346385,-0.0206374,0.0425255
12643719000,0.102684,0.0409461,0.0815935,-0.00658603,-0.0105431,0.0136436,0.998878,-0.00356219,-0.0205207,0.0425252
12653719000,0.102623,0.0408397,0.0817335,-0.00554293,-0.0107668,0.0143395,0.99888,-0.00365045,-0.0203904,0.0425319
12663719000,0.101813,0.0413682,0.0817223,-0.00714263,-0.00883133,0.0144523,0.998883,-0.00372103,-0.0202404,0.0425389
12673719000,0.101748,0.0412797,0.0818699,-0.00590901,-0.00889845,0.0150739,0.998885,-0.00378077,-0.0200813,0.0425526
12683719000,0.101695,0.0411903,0.0820238,-0.00484268,-0.00897734,0.0157158,0.998888,-0.00383546,-0.0199102,0.0425738
12693719000,0.101652,0.0410998,0.0821846,-0.0035945,-0.00912748,0.0164287,0.99889,-0.00387588,-0.0197289,0.0425939
12703719000,0.101623,0.041008,0.0823531,-0.00234849,-0.00923311,0.0172703,0.998893,-0.00390323,-0.019539,0.0426137
12713719000,0.101605,0.0409135,0.0825297,-0.00125787,-0.0096649,0.018066,0.998896,-0.00392417,-0.0193321,0.0426374
12723719000,0.101598,0.0408153,0.0827145,-0.00013964,-0.00997465,0.0188795,0.998899,-0.00393447,-0.0191081,0.0426717
12733719000,0.101602,0.0407149,0.0829076,0.00103502,-0.0101091,0.0197462,0.998902,-0.00394019,-0.0188767,0.0427052
12743719000,0.1009,0.0411007,0.0823368,-0.000517005,-0.00858347,0.0177354,0.998904,-0.0039295,-0.0186403,0.0427452
12753719000,0.100901,0.0410141,0.0825181,0.000597361,-0.00872841,0.0185127,0.998907,-0.00390747,-0.0183905,0.0427867
12763719000,0.100911,0.0409256,0.082707,0.00138884,-0.00896966,0.0192691,0.99891,-0.00386186,-0.0181359,0.0428303
12773719000,0.10093,0.0408341,0.0829033,0.00242553,-0.00933389,0.0199879,0.998914,-0.00379954,-0.0178786,0.0428682
12783719000,0.100959,0.0407397,0.0831068,0.00345091,-0.00953633,0.0207222,0.998917,-0.00372515,-0.0176118,0.0429088
12793719000,0.100998,0.0406432,0.0820192,0.00433996,-0.00976949,0.020889,0.99892,-0.00363074,-0.0173411,0.0429517
12803719000,0.101046,0.0405448,0.0822316,0.0053139,-0.00992177,0.0215841,0.998923,-0.00352944,-0.0170679,0.0429936
12813719000,0.101104,0.0404452,0.082451,0.00618682,-0.010004,0.0222937,0.998927,-0.00341017,-0.0167846,0.0430324
12823719000,0.10117,0.0403439,0.0826774,0.00697691,-0.010254,0.0229861,0.99893,-0.00327127,-0.0165046,0.0430675
12833719000,0.101244,0.0402415,0.0829106,0.00781991,-0.0102202,0.0236634,0.998934,-0.00312027,-0.0162202,0.0430976
12843719000,0.101326,0.040139,0.0831507,0.00863349,-0.010288,0.0243556,0.998938,-0.00295546,-0.0159386,0.0431273
12853719000,0.101023,0.0406104,0.0822315,0.00807814,-0.00818186,0.0190888,0.998942,-0.00277602,-0.0156449,0.0431555
12863719000,0.101109,0.040528,0.0824252,0.00890921,-0.00823731,0.0196512,0.998946,-0.00258676,-0.0153548,0.0431769
12873719000,0.100856,0.0408017,0.0818137,0.00848879,-0.0069216,0.0163266,0.99895,-0.0023838,-0.0150697,0.0431938
12883719000,0.100944,0.0407326,0.0819806,0.00916124,-0.00683713,0.017072,0.998954,-0.00216856,-0.0147823,0.043207
12893719000,0.10104,0.0406641,0.0821547,0.00989076,-0.00686105,0.0177343,0.998959,-0.00194667,-0.014497,0.0432194
12903719000,0.101141,0.040596,0.0823352,0.010493,-0.00675389,0.0183684,0.998963,-0.00171677,-0.014208,0.0432297
12913719000,0.101249,0.0405282,0.0825211,0.0109817,-0.0068104,0.0188203,0.998967,-0.00149042,-0.0139099,0.0432379
12923719000,0.10136,0.0404617,0.0827119,0.0111752,-0.00648833,0.0193348,0.998971,-0.00125229,-0.0136213,0.0432472
12933719000,0.101472,0.0403979,0.0829069,0.0113352,-0.00627086,0.0196606,0.998975,-0.0010165,-0.0133358,0.0432535
12943719000,0.101586,0.0403363,0.0831053,0.0113666,-0.00606658,0.0200221,0.998979,-0.000785221,-0.0130473,0.0432543
12953719000,0.101875,0.0405081,0.081971,0.0120025,-0.00513985,0.014205,0.998982,-0.000561617,-0.0127594,0.0432552
12963719000,0.101994,0.0404573,0.0821146,0.011792,-0.00497735,0.0145114,0.998986,-0.000346397,-0.0124696,0.0432546
12973719000,0.102111,0.0404087,0.0822608,0.011618,-0.00472813,0.0147402,0.99899,-0.00013379,-0.0121849,0.0432571
12983719000,0.102226,0.0403627,0.0824093,0.0112983,-0.00447604,0.014951,0.998993,7.01968e-05,-0.0119033,0.0432634
12993719000,0.102338,0.0403188,0.0825595,0.0111662,-0.00429715,0.0151025,0.998996,0.000256434,-0.0116169,0.0432631
13003719000,0.102448,0.0402765,0.0827112,0.010873,-0.00417758,0.0152241,0.999,0.000429708,-0.0113299,0.043255
13013719000,0.102555,0.0402349,0.0828642,0.0105782,-0.00413357,0.0153742,0.999003,0.000592813,-0.0110509,0.0432476
13023719000,0.102658,0.0401937,0.0830185,0.010065,-0.00412124,0.0154948,0.999006,0.000755027,-0.0107776,0.0432372
13033719000,0.102757,0.0401542,0.0831744,0.00975278,-0.00377743,0.0156853,0.99901,0.000910116,-0.0105109,0.043226
13043719000,0.102852,0.0401173,0.0833315,0.00919322,-0.00360161,0.0157418,0.999013,0.00104272,-0.0102501,0.0432178
13053719000,0.102941,0.0400829,0.0834895,0.00865631,-0.00327759,0.0158437,0.999016,0.00116854,-0.00999767,0.0432046
13063719000,0.103026,0.0400513,0.0836474,0.00824397,-0.00305552,0.015734,0.999018,0.00128603,-0.0097487,0.0431921
13073719000,0.103682,0.0402892,0.0820316,0.00975087,-0.00180652,0.00829102,0.999021,0.00139606,-0.00951197,0.0431767
13083719000,0.103777,0.0402713,0.0821137,0.00907835,-0.00176709,0.00812517,0.999024,0.00149391,-0.00927897,0.0431582
13093719000,0.104295,0.0403991,0.0811012,0.0100044,-0.00107526,0.00350861,0.999027,0.00156734,-0.00905399,0.0431452
13103719000,0.104392,0.0403906,0.0811349,0.00924447,-0.00062366,0.00322997,0.999029,0.00162578,-0.00883307,0.0431326
13113719000,0.104482,0.0403852,0.0811657,0.00878713,-0.000450103,0.00292825,0.999032,0.00167045,-0.00862071,0.0431092
13123719000,0.104566,0.0403817,0.0811944,0.00811057,-0.000252832,0.00281359,0.999035,0.00171004,-0.00841509,0.0430845
13133719000,0.104644,0.0403807,0.0812212,0.00739781,6.63004e-05,0.00254385,0.999037,0.00173355,-0.00821329,0.0430589
13143719000,0.104714,0.0403821,0.0812442,0.00663566,0.000218897,0.00205582,0.99904,0.00173788,-0.00802251,0.0430383
13153719000,0.104777,0.0403844,0.0812637,0.00602976,0.000233321,0.00183602,0.999042,0.00172176,-0.00783942,0.0430154
13163719000,0.104834,0.0403868,0.0812802,0.0052777,0.00024067,0.00147211,0.999045,0.00168453,-0.00766303,0.0429935
13173719000,0.10519,0.0408355,0.0804523,0.0058102,0.00199333,-0.00231524,0.999047,0.00163466,-0.00748317,0.0429697
13183719000,0.105245,0.0408559,0.0804276,0.0050802,0.00207367,-0.00261627,0.999049,0.0015706,-0.00730832,0.0429498
13193719000,0.105292,0.040876,0.0803998,0.00428529,0.00194267,-0.00295472,0.999051,0.00148923,-0.00715114,0.0429305
13203719000,0.105331,0.040894,0.0803681,0.00364367,0.00166438,-0.00337356,0.999053,0.0013998,-0.00700981,0.042911
13213719000,0.105364,0.0409091,0.0803325,0.00291269,0.00135865,-0.00374342,0.999055,0.00129985,-0.0068674,0.0428891
13223719000,0.10539,0.0409211,0.0802934,0.00234317,0.00103994,-0.0040847,0.999057,0.00118099,-0.00673066,0.0428719
13233719000,0.10541,0.0409301,0.0802503,0.00166154,0.00075628,-0.00453973,0.999059,0.00105172,-0.00660167,0.0428621
13243719000,0.105423,0.0409365,0.0802017,0.000925521,0.000521657,-0.00517211,0.99906,0.000912982,-0.00648358,0.0428498
13253719000,0.105429,0.0409401,0.0801478,0.000287043,0.000221888,-0.00560826,0.999062,0.000765853,-0.00638115,0.0428315
13263719000,0.105429,0.04094,0.0800892,-0.000270516,-0.000252101,-0.00611044,0.999063,0.000609284,-0.00628305,0.0428183
13273719000,0.105424,0.0409354,0.0800255,-0.000864337,-0.00065203,-0.00663889,0.999064,0.000445683,-0.00619096,0.042802
13283719000,0.105413,0.0409273,0.0799566,-0.00129287,-0.000970464,-0.00713586,0.999065,0.000279324,-0.00611256,0.0427876
13293719000,0.105412,0.0419962,0.0796488,-0.00177166,0.00261506,-0.00848985,0.999067,0.00011149,-0.0060365,0.0427719
13303719000,0.105433,0.0426827,0.0794479,-0.00200355,0.00446035,-0.00935846,0.999068,-6.67237e-05,-0.00597689,0.0427541
13313719000,0.105411,0.0427261,0.0793515,-0.00248794,0.00415633,-0.00991598,0.999069,-0.000250534,-0.00592826,0.0427346
13323719000,0.105384,0.0427654,0.0792503,-0.00287354,0.00368779,-0.0103364,0.99907,-0.000437243,-0.00587689,0.0427137
13333719000,0.105352,0.0427991,0.0791442,-0.00348342,0.00305238,-0.0108723,0.999071,-0.000617931,-0.00582998,0.0426849
13343719000,0.105315,0.0428261,0.0790326,-0.00383065,0.002343,-0.0114465,0.999073,-0.000796882,-0.00578698,0.0426498
13353719000,0.105275,0.0428463,0.078916,-0.00433503,0.00170857,-0.0118876,0.999074,-0.000979501,-0.00575582,0.0426195
13363719000,0.105229,0.0428602,0.078795,-0.00470348,0.00107007,-0.0123113,0.999075,-0.0011657,-0.0057345,0.0425965
13373719000,0.105181,0.042867,0.0786698,-0.00493751,0.000300258,-0.0127225,0.999076,-0.00134775,-0.00571587,0.0425764
13383719000,0.10513,0.0428654,0.0785406,-0.00521595,-0.000618099,-0.0131168,0.999077,-0.00152443,-0.00570609,0.0425481
13393719000,0.104607,0.0438319,0.0789145,-0.00721999,0.00218611,-0.0116224,0.999078,-0.0016955,-0.00570311,0.0425171
13403719000,0.104533,0.0438503,0.0787951,-0.00755766,0.00145801,-0.0122645,0.999079,-0.00186153,-0.0057078,0.0424899
13413719000,0.104457,0.0438617,0.0786703,-0.00774299,0.000820916,-0.0127008,0.999079,-0.00202329,-0.0057201,0.0424668
13423719000,0.104379,0.0438664,0.0785414,-0.0078,0.000118085,-0.0130802,0.99908,-0.00218064,-0.00573665,0.0424496
13433719000,0.1043,0.0438639,0.0784086,-0.00804392,-0.000618733,-0.0134628,0.99908,-0.00233591,-0.00575213,0.042431
13443719000,0.10422,0.0438535,0.0782725,-0.00799318,-0.0014552,-0.0137676,0.999081,-0.00248183,-0.005767,0.0424099
13453719000,0.10414,0.0438354,0.0781336,-0.00800589,-0.00216286,-0.0140161,0.999081,-0.00261089,-0.0057926,0.0423898
13463719000,0.10406,0.0438091,0.0779912,-0.00783401,-0.00309817,-0.0144477,0.999081,-0.00272574,-0.0058236,0.0423735
13473719000,0.103982,0.0437745,0.0778448,-0.00774849,-0.00380776,-0.0148403,0.999081,-0.00283488,-0.00585578,0.0423591
13483719000,0.103906,0.0437331,0.0776948,-0.00755423,-0.00447724,-0.015159,0.999081,-0.00293013,-0.00589042,0.0423476
13493719000,0.103832,0.0436838,0.0775409,-0.00729008,-0.00538722,-0.0156237,0.999081,-0.00301688,-0.00593385,0.0423312
13503719000,0.103761,0.0436266,0.0773836,-0.00693005,-0.00604981,-0.0158315,0.999082,-0.00309626,-0.00597417,0.0423162
13513719000,0.102935,0.0447844,0.078393,-0.00962187,-0.00222551,-0.0118167,0.999082,-0.00317123,-0.00602094,0.0423049
13523719000,0.102841,0.0447584,0.0782739,-0.00924755,-0.00298484,-0.0120102,0.999081,-0.00323829,-0.00606424,0.0423002
13533719000,0.102261,0.0455567,0.0788963,-0.0107095,-0.000443275,-0.00964479,0.999081,-0.00328907,-0.00611387,0.0422877
13543719000,0.102157,0.0455494,0.0787986,-0.0100777,-0.00102332,-0.00990546,0.999081,-0.00332429,-0.00617166,0.0422792
13553719000,0.102058,0.0455356,0.0786982,-0.00971633,-0.00172893,-0.0101636,0.999081,-0.00335661,-0.00622899,0.0422682
13563719000,0.101964,0.0455162,0.0785964,-0.00917793,-0.00215865,-0.0102019,0.999081,-0.00337923,-0.00629025,0.0422578
13573719000,0.101874,0.0454916,0.0784939,-0.0087319,-0.00274998,-0.0103032,0.999081,-0.00339045,-0.00635178,0.0422449
13583719000,0.10179,0.0454612,0.0783907,-0.00816428,-0.00333408,-0.0103339,0.999081,-0.00339164,-0.00641765,0.0422406
13593719000,0.101713,0.0454245,0.0782874,-0.00720937,-0.00400257,-0.0103196,0.999081,-0.00338399,-0.00648727,0.0422284
13603719000,0.101646,0.0453832,0.0781842,-0.0061599,-0.00425848,-0.0103268,0.999081,-0.00337029,-0.00654863,0.0422149
13613719000,0.100795,0.0458674,0.0790304,-0.00789198,-0.0025819,-0.00685738,0.999082,-0.00333578,-0.00660622,0.0421935
13623719000,0.100721,0.0458404,0.0789626,-0.00675506,-0.00280234,-0.00671017,0.999082,-0.00328895,-0.00666957,0.0421823
13633719000,0.100659,0.0458113,0.0788957,-0.00573311,-0.00301376,-0.00666687,0.999083,-0.00323235,-0.00673184,0.042167
13643719000,0.100608,0.0457802,0.0788293,-0.00450777,-0.00321249,-0.00660629,0.999083,-0.00316391,-0.0067856,0.0421518
13653719000,0.100569,0.0457477,0.0787634,-0.00325881,-0.00328879,-0.00657037,0.999084,-0.00308278,-0.00683602,0.0421323
13663719000,0.100543,0.0457147,0.0786981,-0.00194124,-0.00331411,-0.00649627,0.999085,-0.00299707,-0.00689949,0.0421115
13673719000,0.100531,0.045681,0.0786338,-0.000410967,-0.00343424,-0.00637161,0.999085,-0.00291549,-0.00695746,0.0420919
13683719000,0.100535,0.0456472,0.0785715,0.00128308,-0.00331935,-0.00608886,0.999086,-0.00283049,-0.00701121,0.0420775
13693719000,0.100557,0.0456138,0.0785125,0.00292892,-0.00335569,-0.00570003,0.999087,-0.00274333,-0.0070528,0.0420534
13703719000,0.100596,0.0455801,0.0784566,0.00500153,-0.00338597,-0.00548384,0.999088,-0.00265006,-0.00708415,0.0420216
13713719000,0.0993177,0.0457589,0.0792211,0.00207452,-0.00259084,-0.00230776,0.99909,-0.00255724,-0.0071031,0.0419841
13723719000,0.0993479,0.0457336,0.079199,0.00396473,-0.00245854,-0.00211173,0.999092,-0.00246638,-0.00710747,0.0419456
13733719000,0.0983281,0.0458341,0.0796718,0.00204598,-0.00194867,-3.75399e-05,0.999094,-0.0023773,-0.00710334,0.0418999
13743719000,0.0983576,0.045814,0.0796728,0.00384594,-0.00205853,0.000243294,0.999096,-0.00228683,-0.0070955,0.0418417
13753719000,0.098407,0.045793,0.0796772,0.00603466,-0.00214606,0.000633632,0.999099,-0.00219811,-0.007086,0.0417828
13763719000,0.0984769,0.0457708,0.0796841,0.00795353,-0.00227881,0.000746564,0.999102,-0.00211913,-0.00705754,0.0417241
13773719000,0.0985676,0.0457475,0.0796929,0.0101873,-0.00238058,0.00102434,0.999105,-0.00204021,-0.0070196,0.041658
13783719000,0.0986797,0.0457228,0.0797044,0.0122284,-0.00256736,0.00127746,0.999109,-0.00196004,-0.00696804,0.0415881
13793719000,0.0988136,0.045696,0.0797185,0.0145505,-0.00279039,0.00153697,0.999112,-0.00188106,-0.00690596,0.0415169
13803719000,0.0989702,0.0456674,0.0797355,0.0167732,-0.00293867,0.00185102,0.999116,-0.00181009,-0.00682689,0.0414468
13813719000,0.0991492,0.0456375,0.0797555,0.0190336,-0.00303971,0.00216698,0.99912,-0.00173557,-0.00672743,0.0413686
13823719000,0.09935,0.0456067,0.0797777,0.0211318,-0.00311506,0.00227091,0.999124,-0.00166274,-0.00661799,0.0412921
13833719000,0.0995709,0.045575,0.0798016,0.0230565,-0.00324373,0.00249245,0.999128,-0.00159558,-0.00649195,0.0412074
13843719000,0.0983785,0.0459666,0.0800138,0.0198075,-0.00182665,0.00347685,0.999133,-0.00153443,-0.00634172,0.0411191
13853719000,0.0985867,0.0459482,0.0800503,0.0218084,-0.00184159,0.0038036,0.999138,-0.00147612,-0.00617184,0.0410227
13863719000,0.0988149,0.04593,0.0800889,0.0238181,-0.00179887,0.00392668,0.999143,-0.00141695,-0.00599232,0.040921
13873719000,0.0990631,0.0459124,0.0801299,0.025822,-0.0017039,0.00427485,0.999149,-0.00136666,-0.00579834,0.0408153
13883719000,0.0993322,0.0458966,0.080174,0.0279856,-0.001468,0.00454152,0.999154,-0.00131596,-0.00558327,0.0407123
13893719000,0.099622,0.0458833,0.0801465,0.02999,-0.00119418,0.00476356,0.99916,-0.00127667,-0.00535567,0.0406009
13903719000,0.0999319,0.0458724,0.0801948,0.031998,-0.000985452,0.00490797,0.999167,-0.00125028,-0.00510983,0.0404747
13913719000,0.100262,0.0458638,0.080245,0.0340591,-0.000740186,0.005116,0.999173,-0.00122635,-0.00485475,0.0403452
13923719000,0.100613,0.0458587,0.0802964,0.0361509,-0.000275643,0.00517765,0.99918,-0.0012074,-0.00458575,0.0402103
13933719000,0.100985,0.0458581,0.0803489,0.0383055,0.000164662,0.00532177,0.999187,-0.00118992,-0.0043029,0.0400694
13943719000,0.101379,0.0458617,0.0804025,0.0404815,0.000539211,0.0053875,0.999194,-0.00116983,-0.00401047,0.039929
13953719000,0.100686,0.0463953,0.0803144,0.0383637,0.00289905,0.00476845,0.999201,-0.00115931,-0.00370829,0.0397842
13963719000,0.10108,0.0464272,0.080362,0.0403569,0.00348784,0.00473405,0.999208,-0.0011461,-0.00339044,0.0396323
13973719000,0.100577,0.0467188,0.0803132,0.0390898,0.00488781,0.00429215,0.999215,-0.00113868,-0.0030548,0.0394741
13983719000,0.100978,0.0467709,0.0803564,0.0409019,0.00553918,0.00433584,0.999222,-0.00114441,-0.00270255,0.0393184
13993719000,0.101397,0.0468289,0.0803996,0.0428355,0.00605905,0.00430275,0.99923,-0.00114789,-0.0023437,0.0391515
14003719000,0.101835,0.0468921,0.0804424,0.0448474,0.00657185,0.00426634,0.999237,-0.00115735,-0.00197514,0.0389828
14013719000,0.102292,0.0469603,0.0804851,0.0465936,0.00707784,0.00428082,0.999245,-0.00117926,-0.0015855,0.0388069
14023719000,0.102768,0.0470342,0.0805272,0.0485369,0.00769756,0.00413452,0.999252,-0.0012009,-0.00117843,0.038627
14033719000,0.103262,0.0471135,0.0805682,0.0503754,0.0081635,0.00405552,0.99926,-0.00122045,-0.000768351,0.0384317
14043719000,0.103776,0.0471979,0.080609,0.0523594,0.00871804,0.00411127,0.999268,-0.00123587,-0.000354117,0.0382339
14053719000,0.104106,0.0475752,0.0803902,0.0532749,0.0103862,0.00283475,0.999276,-0.00124652,6.90504e-05,0.0380266
14063719000,0.104648,0.0476826,0.080418,0.05515,0.0110846,0.00272415,0.999284,-0.00125537,0.000491008,0.0378111
14073719000,0.105209,0.0477959,0.0804453,0.0569601,0.0115729,0.00273828,0.999292,-0.00125987,0.000923037,0.0375796
14083719000,0.105787,0.0479137,0.0804718,0.0585417,0.0119915,0.00256389,0.999301,-0.00125871,0.00135272,0.0373442
14093719000,0.106381,0.0480362,0.0804968,0.0603131,0.0125062,0.00242819,0.999309,-0.00126153,0.00178898,0.0370999
14103719000,0.106993,0.0481625,0.08052,0.0620384,0.0127523,0.00221877,0.999317,-0.00125854,0.00222694,0.0368552
14113719000,0.10762,0.0482921,0.0805416,0.0634702,0.0131565,0.00209486,0.999325,-0.00124317,0.00267763,0.0366089
14123719000,0.108264,0.0484252,0.0805616,0.0652855,0.0134776,0.00190635,0.999333,-0.0012207,0.00312437,0.0363608
14133719000,0.108925,0.0485614,0.08058,0.0669287,0.0137587,0.00177431,0.999341,-0.00119019,0.00357061,0.0361106
14143719000,0.109602,0.0486997,0.0805964,0.0685913,0.0138998,0.00150886,0.999348,-0.00116134,0.00402144,0.0358644
14153719000,0.110161,0.0495851,0.0804132,0.0697571,0.0168744,0.000476999,0.999355,-0.00112923,0.00446295,0.0356197
14163719000,0.110867,0.0497546,0.0804166,0.0713048,0.0170221,0.000201762,0.999362,-0.00108623,0.00490023,0.0353708
14173719000,0.111315,0.0503666,0.0803088,0.0718972,0.0188029,-0.000568421,0.999368,-0.00103537,0.00532351,0.0351263
14183719000,0.112042,0.0505546,0.0803019,0.073468,0.0188156,-0.000820367,0.999374,-0.000975096,0.00575459,0.0348875
14193719000,0.112785,0.0507432,0.0802922,0.0750808,0.0188956,-0.00112394,0.99938,-0.000912331,0.00617975,0.0346497
14203719000,0.113544,0.0509321,0.0802805,0.0767004,0.018884,-0.00121637,0.999385,-0.000845886,0.00660551,0.0344154
14213719000,0.11432,0.0511198,0.0802675,0.0784284,0.018671,-0.0013807,0.999391,-0.000774735,0.00701816,0.0341861
14223719000,0.115111,0.0513054,0.0802535,0.0798216,0.0184476,-0.00140526,0.999395,-0.000698217,0.00742573,0.033958
14233719000,0.115916,0.051488,0.0802392,0.0812078,0.0180547,-0.0014608,0.9994,-0.00061114,0.00782475,0.0337307
14243719000,0.116735,0.0516681,0.0802234,0.0825704,0.0179785,-0.00170056,0.999405,-0.000512327,0.00821662,0.0335047
14253719000,0.117656,0.0525086,0.0801422,0.0843809,0.0201686,-0.00209046,0.999409,-0.000399624,0.00859499,0.0332803
14263719000,0.118507,0.0527079,0.0801205,0.0858917,0.0197104,-0.00225473,0.999413,-0.000276866,0.00896683,0.033066
14273719000,0.119374,0.0529033,0.080098,0.0873228,0.0193661,-0.00224429,0.999417,-0.000142692,0.00932567,0.0328524
14283719000,0.120253,0.0530946,0.0800752,0.0886281,0.0189076,-0.00231037,0.999421,9.19208e-06,0.00966294,0.0326354
14293719000,0.121146,0.0532811,0.0800513,0.0899311,0.0183856,-0.00247539,0.999424,0.000175399,0.00999107,0.0324218
14303719000,0.122052,0.0534624,0.0800252,0.0912703,0.0178611,-0.00273888,0.999428,0.000357786,0.0103052,0.0322135
14313719000,0.122972,0.0536367,0.0799976,0.0926082,0.0170115,-0.00277523,0.999431,0.00055588,0.0105954,0.0320086
14323719000,0.123904,0.0538027,0.0799688,0.0938427,0.0161805,-0.0029863,0.999435,0.000764896,0.010874,0.0318007
14333719000,0.124849,0.0539602,0.0799389,0.0952294,0.0153022,-0.00298905,0.999438,0.000995782,0.0111337,0.0316075
14343719000,0.125807,0.0541095,0.0799088,0.0964487,0.0145571,-0.00303102,0.999441,0.00123355,0.0113788,0.0314229
14353719000,0.126778,0.0542505,0.0798785,0.0977739,0.0136348,-0.00303347,0.999443,0.00148485,0.0116063,0.0312449
14363719000,0.127763,0.0543823,0.0798484,0.0991131,0.0127211,-0.00298839,0.999446,0.00175014,0.0118221,0.0310754
14373719000,0.12876,0.0545051,0.079819,0.100401,0.0118207,-0.00290066,0.999448,0.00202653,0.0120209,0.0309114
14383719000,0.129489,0.0561493,0.0797965,0.100667,0.0165734,-0.00283296,0.99945,0.00232402,0.0122029,0.0307549
14393719000,0.130258,0.0572631,0.0797685,0.100954,0.0191581,-0.00280212,0.999452,0.00263372,0.0123656,0.0306053
14403719000,0.131274,0.05745,0.0797414,0.102324,0.0183144,-0.00261653,0.999453,0.00295787,0.0125118,0.0304638
14413719000,0.132305,0.0576291,0.0797162,0.103779,0.017517,-0.00242678,0.999454,0.00328709,0.0126448,0.0303336
14423719000,0.133349,0.0577995,0.0796931,0.105081,0.0165864,-0.002198,0.999456,0.00362572,0.0127588,0.0302055
14433719000,0.134406,0.0579605,0.0796727,0.106333,0.015609,-0.00188316,0.999457,0.00398594,0.0128539,0.0300831
14443719000,0.135477,0.0581115,0.079656,0.107817,0.0145704,-0.00144726,0.999458,0.00435517,0.0129245,0.0299681
14453719000,0.136562,0.0582514,0.0796432,0.109199,0.0134053,-0.00111161,0.999458,0.00473396,0.0129804,0.0298638
14463719000,0.137662,0.0583805,0.0796341,0.110688,0.0124129,-0.00070723,0.999459,0.00512315,0.013019,0.0297699
14473719000,0.138776,0.0584998,0.0796294,0.11212,0.0114231,-0.000230184,0.999459,0.00551273,0.0130405,0.0296769
14483719000,0.138659,0.0593955,0.0795792,0.108989,0.0133935,9.45164e-06,0.999459,0.00590467,0.0130447,0.0295955
14493719000,0.139756,0.0595245,0.0795812,0.110434,0.0124883,0.000390051,0.99946,0.00630138,0.0130223,0.0295193
14503719000,0.140868,0.059645,0.0795874,0.111937,0.0116337,0.000846145,0.999459,0.00669947,0.012999,0.0294573
14513719000,0.141994,0.059757,0.0795985,0.113385,0.0107778,0.00138963,0.999458,0.00710156,0.0129679,0.0294013
14523719000,0.143136,0.0598603,0.0796153,0.114932,0.0098745,0.00196508,0.999457,0.00749688,0.0129239,0.0293545
14533719000,0.144292,0.0599554,0.0796379,0.116386,0.00914702,0.00254403,0.999456,0.00789245,0.0128673,0.0293163
14543719000,0.145463,0.0600423,0.079666,0.117676,0.00821852,0.00309188,0.999455,0.00827927,0.012797,0.0292878
14553719000,0.146647,0.0601209,0.0796999,0.119123,0.00748191,0.0036852,0.999453,0.00866705,0.0127102,0.0292625
14563719000,0.147846,0.0601912,0.0797402,0.120651,0.00658136,0.00435956,0.999452,0.00904008,0.0126263,0.0292433
14573719000,0.149059,0.0602528,0.0797873,0.122119,0.005723,0.00506788,0.99945,0.00940384,0.0125227,0.0292377
14583719000,0.150372,0.0609646,0.0790525,0.124042,0.00730816,0.00286456,0.999448,0.00976453,0.0124079,0.029242
14593719000,0.151619,0.0610337,0.0790841,0.125441,0.00659142,0.00345636,0.999445,0.0101144,0.0122854,0.0292539
14603719000,0.152755,0.0616018,0.0785523,0.126619,0.00788395,0.00193766,0.999443,0.0104591,0.0121498,0.0292744
14613719000,0.154029,0.0616771,0.0785747,0.128246,0.00725965,0.00255241,0.99944,0.0107958,0.0120048,0.0292992
14623719000,0.15532,0.0617475,0.0786027,0.129929,0.0068438,0.00304447,0.999438,0.0111236,0.0118513,0.0293342
14633719000,0.156628,0.0618142,0.0786358,0.131633,0.00649277,0.00358285,0.999434,0.0114327,0.011698,0.02938
14643719000,0.157953,0.0618772,0.0786749,0.133358,0.00610102,0.00423155,0.999431,0.011725,0.0115351,0.0294341
14653719000,0.159295,0.0619362,0.0787191,0.135151,0.00570234,0.00460949,0.999428,0.0119936,0.0113726,0.0294975
14663719000,0.160655,0.0619924,0.0787678,0.136859,0.00553548,0.00512868,0.999425,0.0122349,0.0111999,0.0295759
14673719000,0.162032,0.0620461,0.078821,0.138466,0.00519907,0.00552208,0.999421,0.0124586,0.0110205,0.0296681
14683719000,0.163426,0.0620981,0.0788786,0.140255,0.00519221,0.00599459,0.999418,0.0126615,0.01084,0.0297676
14693719000,0.164329,0.0632512,0.0779877,0.140015,0.00929918,0.00273335,0.999414,0.0128393,0.0106523,0.0298734
14703719000,0.165737,0.063344,0.0780181,0.141587,0.00929386,0.00335805,0.999411,0.0129916,0.0104604,0.0299848
14713719000,0.167161,0.0634373,0.0780527,0.143226,0.00936512,0.00355137,0.999408,0.0131172,0.0102673,0.0301073
14723719000,0.168602,0.0635309,0.0780898,0.145029,0.00936609,0.00387528,0.999405,0.013219,0.0100597,0.0302322
14733719000,0.170061,0.0636253,0.0781299,0.146779,0.00949756,0.00414296,0.999402,0.0133039,0.00984506,0.0303649
14743719000,0.171538,0.0637207,0.0781729,0.148533,0.00959497,0.00446817,0.999399,0.0133637,0.00963089,0.0305015
14753719000,0.173031,0.0638174,0.0782198,0.150057,0.00974496,0.00490991,0.999396,0.0133942,0.00940781,0.03064
14763719000,0.174539,0.0639163,0.0782705,0.151652,0.0100334,0.00521743,0.999394,0.0134129,0.00918046,0.0307836
14773719000,0.176065,0.0640181,0.0783231,0.153442,0.0103154,0.00530664,0.999392,0.0134138,0.00894758,0.0309269
14783719000,0.177607,0.0641238,0.0783762,0.154998,0.0108252,0.00530777,0.999389,0.0133787,0.00870698,0.0310794
14793719000,0.179165,0.0642351,0.0784291,0.156621,0.0114377,0.00528498,0.999388,0.013313,0.00845328,0.0312347
14803719000,0.180739,0.0643519,0.0784813,0.158192,0.0119287,0.00516103,0.999386,0.0132205,0.00818939,0.0313911
14813719000,0.181738,0.06508,0.0769514,0.157516,0.0146979,-0.000711792,0.999385,0.0131025,0.00791741,0.0315523
14823719000,0.182883,0.0655583,0.0760172,0.157528,0.0163326,-0.00402885,0.999384,0.0129423,0.00763947,0.0317136
14833719000,0.184465,0.0657252,0.0759754,0.158944,0.0170078,-0.00432139,0.999383,0.0127606,0.00735291,0.0318782
14843719000,0.186061,0.0658981,0.0759319,0.160364,0.0175601,-0.00438829,0.999383,0.0125558,0.00705727,0.03204
14853719000,0.187671,0.0660771,0.075888,0.16169,0.0182238,-0.00439269,0.999382,0.0123316,0.00675606,0.0322109
14863719000,0.189294,0.0662627,0.0758421,0.162879,0.0189003,-0.00478977,0.999382,0.0120859,0.0064469,0.0323865
14873719000,0.190929,0.066455,0.0757931,0.16414,0.0195674,-0.00500055,0.999381,0.0118221,0.00612464,0.0325599
14883719000,0.192576,0.0666537,0.0757415,0.165167,0.02018,-0.00531599,0.999381,0.0115405,0.00580238,0.0327326
14893719000,0.194233,0.0668595,0.0774626,0.166132,0.0209829,-0.00493178,0.99938,0.0112333,0.00547072,0.0329094
14903719000,0.1959,0.0670725,0.0774129,0.167257,0.0216287,-0.00501514,0.99938,0.0109019,0.00513208,0.0330836
14913719000,0.196609,0.067728,0.0768371,0.164818,0.0238947,-0.00825308,0.999379,0.010559,0.00478594,0.0332625
14923719000,0.198262,0.0679698,0.0767539,0.165831,0.0243961,-0.0083721,0.999379,0.0101939,0.00443246,0.0334341
14933719000,0.199925,0.0682174,0.0766685,0.166704,0.025089,-0.00871236,0.999379,0.00981711,0.00406821,0.0336048
14943719000,0.201595,0.0684705,0.0765802,0.16735,0.0255462,-0.00895735,0.999378,0.00942418,0.00370333,0.0337744
14953719000,0.203272,0.0687284,0.0764894,0.168129,0.0260258,-0.00919559,0.999377,0.00901834,0.00333089,0.0339445
14963719000,0.204957,0.0689911,0.0763955,0.16879,0.0265253,-0.00959165,0.999376,0.00861034,0.00294905,0.0341173
14973719000,0.206647,0.0692577,0.0762977,0.169307,0.0268109,-0.00996888,0.999375,0.00819762,0.00256703,0.0342941
14983719000,0.208343,0.0695275,0.076196,0.169891,0.0271586,-0.0103748,0.999373,0.00776473,0.00218138,0.0344713
14993719000,0.210046,0.0698013,0.0760905,0.170569,0.0276039,-0.0107101,0.999371,0.00732102,0.00179308,0.0346509
15003719000,0.211753,0.0700785,0.0759809,0.17087,0.0278601,-0.0112091,0.999369,0.0068676,0.00140245,0.034827
15013719000,0.213464,0.0703589,0.0758665,0.171287,0.0282386,-0.0116818,0.999366,0.00640196,0.00100128,0.0350124
15023719000,0.215179,0.0706431,0.0757477,0.171808,0.0286086,-0.0120691,0.999363,0.00592826,0.000595752,0.0351988
15033719000,0.217665,0.0714096,0.0753729,0.174907,0.0307596,-0.0136315,0.999359,0.00544919,0.000191031,0.0353878
15043719000,0.219415,0.07172,0.0752343,0.175186,0.0312013,-0.0140843,0.999355,0.00495525,-0.000208415,0.035579
15053719000,0.221599,0.07228,0.0749853,0.177066,0.0324936,-0.0149373,0.99935,0.00445818,-0.000618271,0.0357766
15063719000,0.223371,0.0726081,0.0748325,0.17731,0.0330191,-0.0156388,0.999344,0.00395897,-0.00103627,0.0359775
15073719000,0.225146,0.0729402,0.0746736,0.177675,0.033368,-0.0161441,0.999338,0.00344198,-0.00145553,0.036188
15083719000,0.226924,0.073275,0.0745094,0.178037,0.0335964,-0.0166889,0.999331,0.00290978,-0.00187419,0.036403
15093719000,0.228706,0.0736133,0.0743397,0.178295,0.034052,-0.017254,0.999324,0.00237336,-0.00229874,0.0366264
15103719000,0.230489,0.0739556,0.0741651,0.178413,0.0344296,-0.0176524,0.999315,0.00182878,-0.00273075,0.036854
15113719000,0.232275,0.0743005,0.0739866,0.178708,0.0345673,-0.0180628,0.999306,0.00127516,-0.00316911,0.0370869
15123719000,0.234064,0.0746475,0.0738026,0.179114,0.0348415,-0.0187234,0.999296,0.000707493,-0.00360869,0.0373286
15133719000,0.235315,0.0766101,0.0741867,0.177383,0.0410957,-0.0168052,0.999286,0.00013286,-0.0040455,0.0375715
15143719000,0.23709,0.0770225,0.0740149,0.177711,0.0412615,-0.0175609,0.999275,-0.00046018,-0.00447625,0.0378178
15153719000,0.238868,0.0774358,0.0738365,0.178013,0.0413542,-0.0181193,0.999263,-0.00107075,-0.00490972,0.0380674
15163719000,0.240651,0.0778499,0.0736526,0.178569,0.0414756,-0.01865,0.99925,-0.00169455,-0.00534787,0.0383214
15173719000,0.242439,0.0782648,0.0734634,0.179042,0.0415099,-0.0192043,0.999236,-0.00232527,-0.00578949,0.0385697
15183719000,0.244233,0.0786794,0.0732689,0.179603,0.0414286,-0.0196932,0.999222,-0.00297046,-0.00623355,0.038817
15193719000,0.246032,0.0790932,0.0730692,0.180287,0.041333,-0.0202335,0.999208,-0.00362891,-0.00667759,0.0390568
15203719000,0.247838,0.0795072,0.0728639,0.180956,0.0414915,-0.0208262,0.999193,-0.00428854,-0.00712654,0.0392991
15213719000,0.249653,0.0799212,0.0726529,0.181897,0.0413284,-0.0213854,0.999177,-0.00495422,-0.0075806,0.0395465
15223719000,0.251476,0.0803337,0.0724366,0.182803,0.041201,-0.021862,0.99916,-0.00562466,-0.00803513,0.0397863
15233719000,0.25429,0.0814575,0.0736158,0.187282,0.0435489,-0.0166874,0.999143,-0.00629741,-0.0084904,0.0400266
15243719000,0.256715,0.0823495,0.0743418,0.190273,0.0451136,-0.0135262,0.999125,-0.00696944,-0.00893909,0.0402626
15253719000,0.258623,0.0828013,0.0742047,0.191385,0.0450806,-0.0138989,0.999106,-0.00763767,-0.00938782,0.0404941
15263719000,0.260542,0.083251,0.0740635,0.192526,0.0448024,-0.014334,0.999088,-0.00829386,-0.00982608,0.0407166
15273719000,0.262473,0.0836979,0.0739186,0.19366,0.0445711,-0.0146564,0.999069,-0.008942,-0.0102682,0.040936
15283719000,0.264415,0.084141,0.0737705,0.19475,0.0440596,-0.0149698,0.99905,-0.00957597,-0.0107093,0.0411519
15293719000,0.266368,0.0845786,0.0736188,0.195862,0.0434847,-0.0153586,0.99903,-0.0101927,-0.0111464,0.0413663
15303719000,0.268333,0.0850122,0.0734633,0.197135,0.0432385,-0.0157377,0.99901,-0.0107981,-0.0115797,0.0415735
15313719000,0.270311,0.0854422,0.0733041,0.198364,0.0427826,-0.0161135,0.99899,-0.0113905,-0.0120136,0.0417789
15323719000,0.272301,0.0858667,0.0731419,0.199727,0.0421304,-0.0163281,0.99897,-0.0119674,-0.0124434,0.0419733
15333719000,0.274305,0.0862845,0.0729762,0.200894,0.0414447,-0.0168101,0.998949,-0.0125275,-0.0128616,0.0421647
15343719000,0.27632,0.0866956,0.0728065,0.202189,0.0407958,-0.0171229,0.998929,-0.0130734,-0.0132708,0.0423499
15353719000,0.277818,0.0879362,0.0743337,0.201736,0.0431457,-0.0105369,0.998909,-0.0136007,-0.0136768,0.0425294
15363719000,0.27984,0.0883636,0.0742274,0.202884,0.0422266,-0.0107244,0.998889,-0.0141134,-0.0140706,0.0427066
15373719000,0.281875,0.0887806,0.0741192,0.204005,0.0411446,-0.0109032,0.998869,-0.0145991,-0.0144599,0.0428788
15383719000,0.28392,0.0891856,0.0740092,0.205125,0.0398614,-0.0111008,0.998849,-0.0150617,-0.0148354,0.0430483
15393719000,0.285977,0.0895771,0.0738978,0.206278,0.0384432,-0.0111829,0.99883,-0.0154956,-0.0152023,0.0432131
15403719000,0.288046,0.0899533,0.0737863,0.20738,0.0368056,-0.0111127,0.998811,-0.0158958,-0.0155614,0.0433726
15413719000,0.290126,0.0903118,0.073676,0.208625,0.0348928,-0.0109408,0.998793,-0.0162513,-0.0159045,0.0435316
15423719000,0.292218,0.0906498,0.0735681,0.209777,0.0327276,-0.0106562,0.998776,-0.0165567,-0.01623,0.0436879
15433719000,0.29432,0.090966,0.0734627,0.210772,0.0305186,-0.0104142,0.99876,-0.0168157,-0.0165392,0.0438397
15443719000,0.296272,0.0928326,0.0751804,0.211126,0.0343131,-0.00339723,0.998745,-0.0170371,-0.0168299,0.0439892
15453719000,0.298387,0.0931671,0.0751472,0.211962,0.0325573,-0.00324176,0.99873,-0.0172131,-0.0171036,0.0441433
15463719000,0.30051,0.0934839,0.075114,0.212624,0.0307887,-0.00338572,0.998716,-0.017365,-0.0173604,0.0442997
15473719000,0.302384,0.0951478,0.0762828,0.212469,0.034114,0.00101687,0.998703,-0.0174878,-0.0175952,0.044467
15483719000,0.304511,0.0954813,0.0762926,0.213002,0.0325527,0.00094727,0.998689,-0.0175921,-0.0178148,0.0446433
15493719000,0.306645,0.0957992,0.0763025,0.213663,0.0310262,0.00102928,0.998676,-0.0176794,-0.0180095,0.0448286
15503719000,0.308784,0.0961025,0.0763132,0.214198,0.0296317,0.00110113,0.998663,-0.0177532,-0.0181848,0.0450217
15513719000,0.310929,0.0963925,0.0763253,0.214842,0.0283625,0.00131717,0.99865,-0.0178125,-0.0183361,0.0452255
15523719000,0.313079,0.0966696,0.0763393,0.215237,0.0270678,0.00148473,0.998637,-0.017843,-0.0184784,0.0454329
15533719000,0.315235,0.0969341,0.0763557,0.215832,0.0258317,0.00180212,0.998625,-0.0178524,-0.0185989,0.0456466
15543719000,0.317396,0.097188,0.0763749,0.21648,0.0249526,0.00204259,0.998613,-0.0178523,-0.0187046,0.045865
15553719000,0.319796,0.0989393,0.0777153,0.217882,0.0298253,0.00723749,0.998602,-0.0178311,-0.018798,0.0460836
15563719000,0.321976,0.0992336,0.0777884,0.218132,0.0290496,0.00737406,0.998591,-0.0177932,-0.0188633,0.0463013
15573719000,0.324161,0.0995204,0.0778633,0.218774,0.0283018,0.00761257,0.998581,-0.0177423,-0.0189202,0.0465177
15583719000,0.32635,0.0998002,0.0779408,0.219158,0.0276563,0.00789138,0.998571,-0.0176757,-0.018963,0.0467361
15593719000,0.328545,0.100075,0.0780215,0.219845,0.0272668,0.00823918,0.998562,-0.0175987,-0.0189903,0.0469517
15603719000,0.330748,0.100345,0.0781058,0.220607,0.0267695,0.00862109,0.998553,-0.0175076,-0.0190001,0.0471682
15613719000,0.332957,0.100611,0.0781942,0.221304,0.026526,0.00906772,0.998544,-0.0174068,-0.0190065,0.0473848
15623719000,0.335174,0.100875,0.0782875,0.221982,0.0261884,0.00959281,0.998536,-0.0172966,-0.0190054,0.0475888
15633719000,0.337396,0.101138,0.0783856,0.22257,0.0264127,0.0100208,0.998529,-0.0171706,-0.018982,0.0477935
15643719000,0.339625,0.101402,0.078488,0.223105,0.0263073,0.0104567,0.998522,-0.0170427,-0.0189525,0.0479935
15653719000,0.342844,0.101386,0.0795165,0.227213,0.0253137,0.014309,0.998516,-0.0169057,-0.018917,0.0481873
15663719000,0.345119,0.101639,0.0796624,0.227825,0.0253903,0.0148761,0.998511,-0.0167494,-0.018873,0.048369
15673719000,0.347959,0.101719,0.0803378,0.230339,0.0247371,0.0172276,0.998506,-0.0165925,-0.0188258,0.048538
15683719000,0.350265,0.101968,0.0805117,0.230816,0.0250714,0.0175619,0.998502,-0.016432,-0.0187711,0.0487014
15693719000,0.352575,0.102221,0.0806901,0.231198,0.0255405,0.0181134,0.998498,-0.0162604,-0.0187129,0.0488513
15703719000,0.35489,0.10248,0.0808738,0.231789,0.0261436,0.0186389,0.998496,-0.0160834,-0.0186467,0.0489882
15713719000,0.35721,0.102744,0.0810632,0.232368,0.0267149,0.019229,0.998494,-0.015906,-0.0185731,0.0491121
15723719000,0.359537,0.103015,0.0812573,0.232939,0.0274137,0.0195927,0.998493,-0.0157289,-0.0184932,0.0492216
15733719000,0.36187,0.103293,0.0814557,0.233606,0.0281758,0.0200882,0.998492,-0.015551,-0.0184203,0.0493185
15743719000,0.364209,0.103578,0.0816599,0.234166,0.0287973,0.0207623,0.998492,-0.0153755,-0.0183523,0.0494003
15753719000,0.366552,0.103868,0.0818706,0.234569,0.0293911,0.0213632,0.998493,-0.0152063,-0.0182872,0.0494673
15763719000,0.368384,0.104204,0.081967,0.233234,0.0303414,0.0214941,0.998494,-0.0150413,-0.018216,0.049517
15773719000,0.370719,0.10451,0.0821857,0.233803,0.0309393,0.0222543,0.998496,-0.0148685,-0.0181383,0.0495502
15783719000,0.37306,0.104822,0.0824119,0.234221,0.0315327,0.0229887,0.998499,-0.0146973,-0.0180632,0.0495711
15793719000,0.375404,0.105141,0.0826453,0.234692,0.0321851,0.0236823,0.998503,-0.0145268,-0.0179941,0.049577
15803719000,0.377753,0.105466,0.0828861,0.235115,0.0328864,0.0244709,0.998507,-0.0143588,-0.0179211,0.0495664
15813719000,0.380105,0.1058,0.083135,0.235247,0.0338032,0.0253185,0.998512,-0.0141942,-0.0178469,0.0495406
15823719000,0.38246,0.10614,0.0833928,0.23568,0.0342379,0.0262372,0.998517,-0.0140328,-0.0177751,0.0495051
15833719000,0.384817,0.106486,0.0836597,0.235776,0.034867,0.0271412,0.998523,-0.0138727,-0.0177036,0.0494552
15843719000,0.387175,0.106839,0.0839366,0.235848,0.0357228,0.0282454,0.99853,-0.0137114,-0.0176297,0.0493893
15853719000,0.389534,0.107199,0.0842244,0.235884,0.0364099,0.0293099,0.998537,-0.0135548,-0.0175596,0.0493188
15863719000,0.391893,0.107568,0.0845225,0.235916,0.0372825,0.0303188,0.998544,-0.0134005,-0.0174894,0.0492402
15873719000,0.394252,0.107945,0.0848308,0.235902,0.0381582,0.0313282,0.998552,-0.0132529,-0.0174232,0.0491493
15883719000,0.397485,0.108423,0.0838661,0.239173,0.0392704,0.0277397,0.99856,-0.0131079,-0.017364,0.049043
15893719000,0.400393,0.108824,0.0780011,0.241206,0.0399808,0.0240904,0.998568,-0.0129651,-0.0173075,0.0489272
15903719000,0.402805,0.109229,0.0782476,0.241196,0.0409244,0.0252216,0.998577,-0.0128349,-0.0172522,0.0488022
15913719000,0.405218,0.109642,0.078506,0.241264,0.0416738,0.0264536,0.998586,-0.012709,-0.0172033,0.0486678
15923719000,0.407631,0.110062,0.0787765,0.241327,0.0423324,0.027655,0.998595,-0.0125834,-0.0171566,0.0485292
15933719000,0.410044,0.110489,0.079059,0.241331,0.0431225,0.0288327,0.998604,-0.0124599,-0.0171107,0.0483868
15943719000,0.412458,0.110924,0.0793535,0.24146,0.043894,0.0300723,0.998614,-0.0123426,-0.0170648,0.0482355
15953719000,0.414873,0.111367,0.07966,0.24151,0.0446161,0.0312365,0.998624,-0.0122249,-0.0170272,0.0480777
15963719000,0.417288,0.111816,0.0799779,0.241533,0.0453507,0.0323422,0.998633,-0.0121097,-0.0169854,0.0479173
15973719000,0.419704,0.112272,0.0803063,0.241724,0.0458266,0.033328,0.998643,-0.0119953,-0.0169424,0.0477527
15983719000,0.422357,0.112095,0.0793053,0.242736,0.0438246,0.0273993,0.998653,-0.0118888,-0.0169088,0.047586
15993719000,0.424786,0.112535,0.0795839,0.243014,0.0441078,0.0283202,0.998663,-0.0117924,-0.0168767,0.0474152
16003719000,0.427217,0.112978,0.0798708,0.243112,0.0445505,0.0290589,0.998673,-0.0117039,-0.0168457,0.0472488
16013719000,0.42965,0.113425,0.0801649,0.24352,0.0449194,0.0297541,0.998682,-0.0116199,-0.0168231,0.0470836
16023719000,0.432086,0.113877,0.0804651,0.243771,0.0454189,0.0302999,0.998691,-0.0115476,-0.0168036,0.0469176
16033719000,0.434526,0.114332,0.0807705,0.244138,0.0456514,0.0307779,0.998699,-0.0114809,-0.016792,0.0467517
16043719000,0.436969,0.11479,0.0810804,0.24443,0.0459028,0.0312042,0.998708,-0.0114174,-0.0167774,0.0465891
16053719000,0.439416,0.11525,0.081394,0.244994,0.0461609,0.0315171,0.998716,-0.0113623,-0.0167698,0.04643
16063719000,0.441868,0.115713,0.0817106,0.245456,0.0463462,0.0317912,0.998724,-0.0113127,-0.0167694,0.0462745
16073719000,0.444325,0.116178,0.0820287,0.245876,0.0466438,0.0318333,0.998731,-0.011282,-0.0167724,0.0461269
16083719000,0.446786,0.116645,0.0823466,0.246458,0.0467901,0.0317378,0.998738,-0.0112635,-0.0167815,0.0459825
16093719000,0.449254,0.117113,0.0826631,0.247032,0.0468622,0.0315624,0.998744,-0.0112573,-0.0167906,0.0458419
16103719000,0.451489,0.119261,0.0803933,0.246833,0.0530105,0.0201945,0.99875,-0.0112648,-0.016806,0.0457051
16113719000,0.453779,0.120783,0.0790407,0.24651,0.0566503,0.0132144,0.998756,-0.0112921,-0.0168193,0.0455742
16123719000,0.456248,0.12135,0.0791715,0.247257,0.0568595,0.0129482,0.99876,-0.0113334,-0.0168326,0.0454539
16133719000,0.458724,0.121919,0.0792992,0.247911,0.0569053,0.012576,0.998764,-0.0113971,-0.0168531,0.0453394
16143719000,0.461207,0.122489,0.0794236,0.248668,0.0569491,0.0123186,0.998768,-0.0114668,-0.0168808,0.045234
16153719000,0.463696,0.123059,0.0795441,0.249136,0.0570829,0.0117782,0.998771,-0.0115468,-0.0169028,0.0451325
16163719000,0.46619,0.123629,0.0796599,0.249709,0.0570545,0.0113706,0.998774,-0.0116386,-0.0169373,0.0450445
16173719000,0.468691,0.1242,0.0797712,0.250529,0.0571364,0.0108961,0.998776,-0.0117409,-0.0169655,0.0449607
16183719000,0.4712,0.124772,0.0798774,0.251127,0.0571084,0.0103345,0.998777,-0.0118523,-0.0169908,0.0448857
16193719000,0.474817,0.126597,0.0785417,0.255953,0.0615203,0.00376903,0.998778,-0.0119797,-0.0170213,0.0448197
16203719000,0.477379,0.127211,0.0785767,0.256467,0.0611238,0.00321647,0.998779,-0.0121281,-0.0170365,0.0447598
16213719000,0.479947,0.127819,0.0786062,0.256951,0.0605081,0.00268215,0.998779,-0.012289,-0.017038,0.0447053
16223719000,0.482519,0.128421,0.0786305,0.25745,0.0598207,0.0021798,0.998779,-0.0124601,-0.0170358,0.0446557
16233719000,0.485096,0.129015,0.0786504,0.257967,0.0590274,0.00180647,0.998779,-0.0126447,-0.0170377,0.04461
16243719000,0.487677,0.1296,0.078666,0.258373,0.0580113,0.00130573,0.998779,-0.0128381,-0.017031,0.0445642
16253719000,0.490263,0.130174,0.0786764,0.258791,0.0567274,0.000784457,0.998778,-0.0130269,-0.0170152,0.0445269
16263719000,0.492852,0.130734,0.078681,0.258983,0.0553715,0.000141361,0.998777,-0.0132127,-0.0169985,0.0445042
16273719000,0.495445,0.13128,0.0786801,0.259531,0.0538266,-0.00033086,0.998776,-0.0134002,-0.0169613,0.0444851
16283719000,0.498042,0.131811,0.0786749,0.259962,0.0523079,-0.000705877,0.998775,-0.0135843,-0.0169155,0.0444681
16293719000,0.500644,0.132326,0.0786653,0.260442,0.0506778,-0.00122299,0.998774,-0.0137534,-0.0168658,0.0444599
16303719000,0.50325,0.132825,0.0786499,0.260714,0.0491514,-0.00185345,0.998773,-0.0139092,-0.0168031,0.0444524
16313719000,0.505859,0.13331,0.078628,0.261098,0.0478056,-0.0025339,0.998772,-0.0140524,-0.0167426,0.0444533
16323719000,0.50815,0.134673,0.0782592,0.260282,0.0497155,-0.00444048,0.998771,-0.0141835,-0.0166688,0.0444617
16333719000,0.510545,0.13577,0.0780392,0.260057,0.0504284,-0.00578404,0.99877,-0.0143059,-0.0165845,0.0444794
16343719000,0.513148,0.136268,0.0779778,0.260671,0.0491242,-0.00650347,0.998769,-0.0144199,-0.016495,0.0445077
16353719000,0.515759,0.136752,0.0779094,0.261444,0.0477735,-0.0071659,0.998767,-0.0145245,-0.0163923,0.044546
16363719000,0.518376,0.137223,0.077835,0.262016,0.0463113,-0.00771535,0.998766,-0.014607,-0.0162858,0.0445943
16373719000,0.521,0.137678,0.0777554,0.262755,0.0447479,-0.00821186,0.998764,-0.0146789,-0.0161668,0.0446579
16383719000,0.523631,0.138118,0.0776697,0.263434,0.0433011,-0.00892483,0.998762,-0.0147386,-0.0160356,0.0447263
16393719000,0.526268,0.138544,0.0775766,0.263947,0.041952,-0.00968614,0.99876,-0.0147833,-0.0158963,0.0448017
16403719000,0.528911,0.138957,0.0774769,0.264729,0.0405062,-0.0102581,0.998758,-0.0148104,-0.0157466,0.0448849
16413719000,0.531562,0.139354,0.0773719,0.265415,0.0390588,-0.0107381,0.998757,-0.0148257,-0.015584,0.044972
16423719000,0.534219,0.139737,0.0772621,0.266029,0.0375452,-0.0112368,0.998755,-0.0148232,-0.0154131,0.0450652
16433719000,0.536505,0.141904,0.0778904,0.265333,0.0427845,-0.00905335,0.998754,-0.0147937,-0.0152233,0.0451547
16443719000,0.539162,0.142325,0.0777972,0.265953,0.0413942,-0.00959451,0.998754,-0.0147393,-0.0150285,0.0452458
16453719000,0.541825,0.142733,0.0776991,0.266575,0.0401546,-0.0100137,0.998754,-0.0146635,-0.0148272,0.0453409
16463719000,0.544493,0.143128,0.0775962,0.267155,0.038935,-0.0105781,0.998754,-0.0145727,-0.0146161,0.0454286
16473719000,0.547168,0.143513,0.0774878,0.267727,0.0379817,-0.0110984,0.998755,-0.0144547,-0.0143908,0.0455168
16483719000,0.549848,0.143887,0.0773731,0.268393,0.0369005,-0.0118361,0.998757,-0.0143119,-0.0141579,0.0455999
16493719000,0.552536,0.144252,0.0772519,0.269063,0.0359321,-0.012403,0.998759,-0.0141557,-0.0139259,0.0456803
16503719000,0.555229,0.144607,0.0771251,0.269603,0.0351061,-0.0129528,0.998762,-0.0139723,-0.0136836,0.0457463
16513719000,0.557926,0.144953,0.0769926,0.269897,0.0340558,-0.0135499,0.998765,-0.013771,-0.0134335,0.0458087
16523719000,0.560628,0.145289,0.0768538,0.27043,0.0332924,-0.0142202,0.998768,-0.0135596,-0.0131736,0.045872
16533719000,0.563233,0.14811,0.077918,0.270447,0.0415504,-0.0102973,0.998772,-0.0133312,-0.0129113,0.0459336
16543719000,0.565855,0.150073,0.0785694,0.270441,0.0461681,-0.00816753,0.998776,-0.0130825,-0.0126481,0.0459935
16553719000,0.568562,0.150531,0.0784843,0.270834,0.0453752,-0.00885122,0.99878,-0.0128247,-0.0123828,0.0460503
16563719000,0.571272,0.15098,0.0783928,0.271105,0.044529,-0.00945042,0.998784,-0.0125441,-0.0121174,0.0461024
16573719000,0.573984,0.151421,0.0782953,0.271315,0.0437439,-0.0100577,0.998789,-0.0122466,-0.011855,0.0461587
16583719000,0.576698,0.151855,0.0781919,0.271441,0.0428835,-0.0106133,0.998793,-0.0119354,-0.0115899,0.0462137
16593719000,0.579414,0.15228,0.078083,0.271732,0.0421424,-0.0111689,0.998797,-0.0116098,-0.0113221,0.046269
16603719000,0.582131,0.152697,0.0779683,0.271854,0.0413174,-0.0117667,0.998802,-0.0112662,-0.0110578,0.0463174
16613719000,0.584851,0.153105,0.0778481,0.272047,0.0403614,-0.0122898,0.998807,-0.0109054,-0.0108027,0.0463611
16623719000,0.587573,0.153505,0.0777235,0.272354,0.0394431,-0.0126239,0.998812,-0.0105206,-0.0105629,0.0463997
16633719000,0.590943,0.154806,0.0793593,0.274916,0.0421189,-0.00646187,0.998817,-0.0101205,-0.010331,0.0464315
16643719000,0.593694,0.155222,0.0792932,0.275262,0.04134,-0.00674839,0.998822,-0.00970003,-0.0101057,0.0464573
16653719000,0.596448,0.155631,0.079224,0.275494,0.0404882,-0.00709723,0.998827,-0.00925767,-0.00988593,0.0464824
16663719000,0.599203,0.156033,0.0791517,0.275663,0.0397617,-0.00736537,0.998833,-0.008791,-0.00967607,0.0464961
16673719000,0.60196,0.156426,0.0790778,0.275752,0.0389791,-0.00741621,0.998839,-0.00832121,-0.00947275,0.0465029
16683719000,0.604719,0.156813,0.0790036,0.27599,0.0382712,-0.00742699,0.998844,-0.00783144,-0.00928437,0.046507
16693719000,0.60748,0.157192,0.0789286,0.276195,0.0375526,-0.0075644,0.99885,-0.00732604,-0.00910751,0.0465021
16703719000,0.610243,0.157565,0.0788529,0.27636,0.037092,-0.00757101,0.998856,-0.00680885,-0.00893524,0.0464907
16713719000,0.613007,0.157934,0.0787773,0.27643,0.036589,-0.00754915,0.998861,-0.00628354,-0.00875891,0.0464806
16723719000,0.615772,0.158296,0.0787024,0.276655,0.0359565,-0.00743962,0.998867,-0.00575155,-0.0086001,0.0464559
16733719000,0.61854,0.158653,0.0786292,0.276894,0.0352715,-0.00720478,0.998873,-0.00521051,-0.00844029,0.046425
16743719000,0.62131,0.159003,0.0785573,0.27708,0.0348589,-0.00716843,0.998878,-0.00467175,-0.00828809,0.04639
16753719000,0.624266,0.158818,0.0796876,0.277738,0.0326183,-0.00270746,0.998884,-0.00412954,-0.00813558,0.0463477
16763719000,0.627044,0.159142,0.0796611,0.277888,0.0323412,-0.00258937,0.998889,-0.00358576,-0.00798788,0.0462974
16773719000,0.62993,0.159168,0.0803546,0.278254,0.0309843,0.00019269,0.998895,-0.00304391,-0.00785028,0.046239
16783719000,0.632712,0.159476,0.080357,0.278208,0.0306453,0.000292207,0.998901,-0.0025137,-0.00772702,0.0461674
16793719000,0.635495,0.159781,0.0803606,0.278263,0.0304728,0.000427757,0.998906,-0.00200269,-0.00761247,0.0460885
16803719000,0.638277,0.160085,0.0803658,0.278161,0.0302453,0.00061887,0.998912,-0.00150089,-0.00750193,0.0459961
16813719000,0.641058,0.160386,0.080372,0.278067,0.03007,0.000614216,0.998918,-0.00100725,-0.00740096,0.0458959
16823719000,0.643838,0.160686,0.0803795,0.277924,0.0299136,0.000896248,0.998924,-0.000532509,-0.00730711,0.0457873
16833719000,0.646617,0.160985,0.0803891,0.277839,0.0297712,0.00101655,0.998931,-7.25299e-05,-0.00721012,0.0456674
16843719000,0.649394,0.161282,0.0804008,0.277625,0.029624,0.0013245,0.998937,0.000375481,-0.0071214,0.0455395
16853719000,0.652168,0.161577,0.0804158,0.277151,0.029404,0.0016722,0.998944,0.000807038,-0.0070469,0.0454035
16863719000,0.654938,0.161871,0.0804336,0.276842,0.0294487,0.00189928,0.99895,0.00122044,-0.00697454,0.045264
16873719000,0.657704,0.162165,0.0804544,0.276451,0.0293421,0.00224981,0.998956,0.00162438,-0.0069045,0.0451214
16883719000,0.659936,0.161182,0.0812435,0.274059,0.0245433,0.00538264,0.998962,0.00201637,-0.00684186,0.0449783
16893719000,0.662674,0.161426,0.0812999,0.27349,0.0242611,0.00589054,0.998969,0.00239265,-0.00679135,0.0448333
16903719000,0.665406,0.161667,0.0813612,0.273042,0.0239651,0.00637792,0.998974,0.00276358,-0.00674157,0.0446902
16913719000,0.668134,0.161906,0.0814284,0.272582,0.023756,0.00706146,0.99898,0.00312339,-0.00669792,0.0445515
16923719000,0.670857,0.162142,0.0815021,0.27201,0.0235817,0.00768284,0.998985,0.00347776,-0.00666395,0.044412
16933719000,0.673575,0.162377,0.0815825,0.271526,0.0234017,0.0083907,0.99899,0.00382495,-0.00664508,0.0442776
16943719000,0.676287,0.162611,0.0816693,0.270942,0.0233671,0.00896724,0.998995,0.00415781,-0.00661677,0.0441464
16953719000,0.678994,0.162845,0.0817615,0.270332,0.0234105,0.0094653,0.998999,0.0044813,-0.00660083,0.0440201
16963719000,0.681694,0.163079,0.0818592,0.269663,0.0233506,0.0100828,0.999003,0.00479787,-0.00658871,0.0438929
16973719000,0.684387,0.163312,0.0819633,0.269071,0.0233347,0.0107402,0.999007,0.00510754,-0.00658764,0.0437724
16983719000,0.685974,0.163777,0.0819299,0.264399,0.0239942,0.0109019,0.99901,0.00540797,-0.00659647,0.0436558
16993719000,0.688,0.164162,0.0769723,0.261501,0.024503,0.00953615,0.999014,0.00570059,-0.0066026,0.0435421
17003719000,0.690612,0.164407,0.0770713,0.260907,0.0245585,0.0102747,0.999017,0.00598575,-0.00662059,0.0434291
17013719000,0.693218,0.164652,0.0771776,0.260259,0.024404,0.0109835,0.999019,0.006266,-0.00664826,0.043321
17023719000,0.695816,0.164896,0.0772911,0.259334,0.0245255,0.0117065,0.999022,0.00654007,-0.00667993,0.0432131
17033719000,0.698405,0.165143,0.0774118,0.258494,0.0247098,0.012435,0.999025,0.00681312,-0.0067185,0.0431038
17043719000,0.700986,0.165391,0.0775395,0.257649,0.0249459,0.0131175,0.999028,0.00707193,-0.00675732,0.0429915
17053719000,0.703558,0.165642,0.0776741,0.256697,0.0253584,0.0138026,0.99903,0.00731726,-0.00680551,0.0428803
17063719000,0.70612,0.165899,0.0778152,0.255648,0.0258729,0.014419,0.999033,0.00754952,-0.00686347,0.0427766
17073719000,0.708671,0.16616,0.0779616,0.254599,0.0263328,0.0148456,0.999035,0.00776091,-0.00692779,0.0426711
17083719000,0.711212,0.166425,0.0781128,0.253598,0.0267927,0.0154004,0.999037,0.00795542,-0.00699792,0.0425715
17093719000,0.713743,0.166696,0.0782688,0.25256,0.0272416,0.0158121,0.999039,0.00813414,-0.00707904,0.0424719
17103719000,0.716263,0.166971,0.0784284,0.25143,0.0277613,0.016094,0.999042,0.00828813,-0.00716752,0.0423739
17113719000,0.718772,0.167251,0.0785905,0.250368,0.0284208,0.0163284,0.999044,0.00841642,-0.00726509,0.042271
17123719000,0.72127,0.167539,0.0787549,0.249315,0.0290044,0.0165623,0.999047,0.00852467,-0.00736319,0.0421668
17133719000,0.723758,0.167831,0.078921,0.248283,0.029561,0.0166415,0.99905,0.00861687,-0.00747353,0.0420675
17143719000,0.726235,0.16813,0.0790886,0.247034,0.0300858,0.0168839,0.999052,0.00868792,-0.00758664,0.0419722
17153719000,0.728699,0.168434,0.0792576,0.245919,0.0308458,0.0169204,0.999055,0.00873698,-0.00770766,0.0418753
17163719000,0.731154,0.168746,0.079427,0.24496,0.031489,0.0169536,0.999058,0.00876806,-0.00783951,0.0417761
17173719000,0.733598,0.169065,0.079596,0.243852,0.0322113,0.0168474,0.99906,0.00877515,-0.00799234,0.0416811
17183719000,0.736031,0.169391,0.0797646,0.242757,0.0329965,0.0168693,0.999063,0.00876107,-0.00814004,0.0415886
17193719000,0.738453,0.169725,0.0799326,0.241725,0.0338248,0.0167322,0.999066,0.00872577,-0.00829653,0.0414959
17203719000,0.740866,0.170067,0.0800984,0.24071,0.0345614,0.0164335,0.999069,0.00866703,-0.00846682,0.0414081
17213719000,0.743268,0.170416,0.0802618,0.239786,0.0353197,0.016256,0.999072,0.00857474,-0.00864889,0.0413231
17223719000,0.745661,0.170773,0.0804231,0.238756,0.0360502,0.0160015,0.999074,0.00845086,-0.00883319,0.0412433
17233719000,0.748043,0.171136,0.0805821,0.237661,0.036519,0.0157995,0.999077,0.00829979,-0.00902973,0.0411697
17243719000,0.750415,0.171503,0.0807397,0.236744,0.0369201,0.0157052,0.999079,0.0081209,-0.00923173,0.0410975
17253719000,0.752778,0.171874,0.0808961,0.235834,0.0373486,0.0155808,0.999082,0.00791478,-0.00943695,0.0410325
17263719000,0.757088,0.170944,0.0805848,0.241184,0.0335382,0.0139005,0.999084,0.00768523,-0.00964654,0.0409718
17273719000,0.759494,0.171281,0.0807241,0.240194,0.0337588,0.0139587,0.999086,0.00743019,-0.00985628,0.0409198
17283719000,0.761892,0.171621,0.0808639,0.239372,0.0342117,0.0140033,0.999088,0.00714951,-0.0100732,0.0408736
17293719000,0.764281,0.171965,0.0810039,0.238455,0.0346029,0.0139823,0.999089,0.00686232,-0.0102928,0.0408327
17303719000,0.766662,0.172313,0.081144,0.23771,0.0348561,0.0140431,0.999091,0.00656468,-0.0105085,0.0407949
17313719000,0.769036,0.172663,0.0812851,0.237026,0.0351647,0.0141814,0.999092,0.0062675,-0.0107275,0.0407596
17323719000,0.771404,0.173016,0.0814283,0.236531,0.0355046,0.0144478,0.999093,0.0059634,-0.0109498,0.0407193
17333719000,0.773767,0.173372,0.0815739,0.236125,0.0358141,0.0146881,0.999094,0.005656,-0.0111828,0.040682
17343719000,0.776126,0.173732,0.0817222,0.235754,0.0360302,0.0149663,0.999094,0.00534512,-0.011425,0.0406467
17353719000,0.779785,0.176125,0.0806977,0.239315,0.0424201,0.0111453,0.999094,0.00503707,-0.011668,0.0406115
17363719000,0.782176,0.17655,0.0808098,0.238927,0.0426384,0.0112668,0.999094,0.00472753,-0.0119123,0.0405751
17373719000,0.784564,0.176978,0.0809231,0.238817,0.0429511,0.0113946,0.999094,0.00441912,-0.0121638,0.0405433
17383719000,0.786953,0.17741,0.0810383,0.238914,0.0432809,0.0116382,0.999094,0.00411109,-0.0124075,0.0405103
17393719000,0.789342,0.177844,0.0811557,0.238809,0.0435612,0.0118528,0.999093,0.00379975,-0.0126603,0.040477
17403719000,0.791731,0.178281,0.0812753,0.238981,0.0438456,0.012065,0.999092,0.00348067,-0.0129169,0.040443
17413719000,0.794122,0.17872,0.0813968,0.239224,0.0440101,0.012233,0.999092,0.00316139,-0.0131626,0.0404056
17423719000,0.796515,0.17916,0.0815209,0.239393,0.0440541,0.0125879,0.999091,0.00282909,-0.0134101,0.0403681
17433719000,0.798911,0.1796,0.0816487,0.239912,0.0439271,0.0129774,0.99909,0.00249487,-0.0136499,0.0403286
17443719000,0.801312,0.180038,0.0817812,0.240254,0.0436864,0.0135273,0.999089,0.00215944,-0.0138852,0.0402909
17453719000,0.803718,0.180473,0.0819183,0.240935,0.043285,0.0138797,0.999088,0.00182741,-0.0141163,0.040252
17463719000,0.806131,0.180904,0.082058,0.241605,0.0429261,0.0140685,0.999087,0.00149904,-0.0143378,0.0402043
17473719000,0.806892,0.182009,0.0809981,0.237172,0.0444937,0.0107339,0.999087,0.00117149,-0.0145529,0.0401542
17483719000,0.809268,0.182452,0.0811078,0.237984,0.0439753,0.0112036,0.999086,0.000845556,-0.0147557,0.0400989
17493719000,0.810611,0.183345,0.080472,0.235716,0.0447484,0.0091903,0.999086,0.000516207,-0.014948,0.0400409
17503719000,0.812972,0.18379,0.0805666,0.236537,0.0441874,0.00972628,0.999086,0.000193951,-0.0151366,0.0399759
17513719000,0.815343,0.184231,0.0806657,0.23756,0.0439175,0.0101005,0.999086,-0.000127759,-0.0153213,0.0399077
17523719000,0.817723,0.184667,0.0807683,0.238575,0.043274,0.0104068,0.999086,-0.000452208,-0.0154967,0.0398321
17533719000,0.820115,0.185098,0.0808736,0.239735,0.0429899,0.0106628,0.999086,-0.000782707,-0.0156634,0.0397536
17543719000,0.822518,0.185524,0.0809818,0.240867,0.0422809,0.0109846,0.999087,-0.00111884,-0.0158279,0.0396706
17553719000,0.824933,0.185945,0.0810924,0.2421,0.0418017,0.0111223,0.999087,-0.00145659,-0.0159839,0.039581
17563719000,0.827359,0.186359,0.0812054,0.243221,0.0411303,0.0114904,0.999088,-0.00179816,-0.0161308,0.0394864
17573719000,0.828762,0.189347,0.0804408,0.241098,0.0484911,0.00910694,0.999089,-0.00213291,-0.0162787,0.0393841
17583719000,0.831179,0.189828,0.0805329,0.242331,0.0477183,0.00932165,0.99909,-0.00248527,-0.0164175,0.0392864
17593719000,0.833607,0.190302,0.080628,0.243315,0.0469905,0.00969038,0.999091,-0.00284696,-0.0165495,0.0391882
17603719000,0.836046,0.190769,0.0807268,0.24454,0.0463838,0.0100678,0.999091,-0.00320224,-0.0166708,0.0390912
17613719000,0.838498,0.191229,0.0808295,0.245883,0.0456047,0.0104809,0.999092,-0.00356366,-0.0167773,0.0389968
17623719000,0.840963,0.191681,0.0809357,0.24713,0.0449087,0.0107526,0.999093,-0.00392478,-0.0168769,0.0389077
17633719000,0.84344,0.192127,0.0810455,0.248245,0.0441776,0.0112054,0.999093,-0.00429111,-0.0169671,0.0388189
17643719000,0.845928,0.192563,0.081158,0.249277,0.0430688,0.0112996,0.999093,-0.0046548,-0.0170431,0.038737
17653719000,0.848425,0.192989,0.0812731,0.250221,0.0422035,0.011712,0.999094,-0.00501471,-0.0171076,0.0386543
17663719000,0.850933,0.193407,0.0813912,0.251324,0.0412822,0.0119108,0.999094,-0.00537617,-0.0171636,0.0385745
17673719000,0.852296,0.194865,0.080023,0.248606,0.0436385,0.00737956,0.999094,-0.00574088,-0.0172134,0.0384954
17683719000,0.854787,0.195296,0.0800977,0.249506,0.0425155,0.00755286,0.999094,-0.00610569,-0.0172543,0.0384269
17693719000,0.856446,0.196504,0.0792099,0.247625,0.0440267,0.00440949,0.999093,-0.0064777,-0.0172903,0.0383594
17703719000,0.858926,0.196939,0.0792543,0.248232,0.0428672,0.00447796,0.999093,-0.00684901,-0.0173144,0.0382893
17713719000,0.861411,0.197362,0.0792992,0.24881,0.0416825,0.00450706,0.999093,-0.00721631,-0.0173256,0.0382199
17723719000,0.863901,0.197773,0.0793445,0.249315,0.0405191,0.00455174,0.999093,-0.00758123,-0.0173224,0.0381489
17733719000,0.866397,0.198171,0.0793901,0.249803,0.0392227,0.00455597,0.999093,-0.0079462,-0.0173203,0.0380823
17743719000,0.868897,0.198557,0.0794356,0.2503,0.0378981,0.0045548,0.999093,-0.00830716,-0.0173057,0.0380193
17753719000,0.871402,0.19893,0.0794814,0.250513,0.0366805,0.00460062,0.999093,-0.00865254,-0.0172801,0.037955
17763719000,0.873908,0.19929,0.0795271,0.250778,0.0354449,0.00454486,0.999092,-0.00899193,-0.0172532,0.0378921
17773719000,0.876417,0.199639,0.0795721,0.251032,0.0343569,0.00444909,0.999092,-0.00932549,-0.0172179,0.0378285
17783719000,0.878929,0.199977,0.0796156,0.251268,0.0332625,0.00424451,0.999092,-0.00964511,-0.0171786,0.0377685
17793719000,0.881807,0.204183,0.0794265,0.252708,0.0452045,0.0033354,0.999092,-0.00994984,-0.0171294,0.0377087
17803719000,0.884335,0.20463,0.0794589,0.252891,0.0441782,0.00313866,0.999093,-0.010247,-0.0170643,0.0376436
17813719000,0.886865,0.205066,0.07949,0.253098,0.0429466,0.00308587,0.999094,-0.0105275,-0.0169907,0.0375792
17823719000,0.889397,0.205489,0.0795198,0.253167,0.0418005,0.00288089,0.999095,-0.0107908,-0.0169106,0.0375121
17833719000,0.891928,0.205901,0.0795473,0.253114,0.0406208,0.00260082,0.999096,-0.0110409,-0.0168258,0.0374424
17843719000,0.894459,0.206302,0.0795707,0.253145,0.0394347,0.00209146,0.999098,-0.0112778,-0.016743,0.0373603
17853719000,0.89699,0.206689,0.0795889,0.252957,0.0381388,0.00155078,0.9991,-0.011503,-0.0166523,0.0372712
17863719000,0.899519,0.207066,0.0796014,0.252929,0.0371192,0.000944637,0.999103,-0.011713,-0.0165537,0.037176
17873719000,0.902047,0.207432,0.0796083,0.252665,0.0361898,0.000439843,0.999106,-0.011906,-0.0164508,0.0370752
17883719000,0.904573,0.20779,0.0796089,0.252479,0.0352767,-0.000329805,0.99911,-0.0120907,-0.016344,0.0369652
17893719000,0.909412,0.211154,0.0793208,0.259964,0.044543,-0.00200126,0.999114,-0.0122605,-0.016234,0.0368556
17903719000,0.913438,0.213479,0.0791643,0.264614,0.0500038,-0.00332509,0.999118,-0.0124215,-0.0161145,0.0367441
17913719000,0.916083,0.213974,0.0791269,0.264257,0.049109,-0.00415418,0.999122,-0.0125751,-0.0159999,0.0366312
17923719000,0.918725,0.214462,0.0790814,0.264179,0.0484564,-0.00494275,0.999126,-0.0127213,-0.0158704,0.036513
17933719000,0.921365,0.214943,0.0790274,0.26395,0.047633,-0.00587236,0.99913,-0.0128609,-0.0157319,0.0364083
17943719000,0.924003,0.215415,0.0789647,0.263554,0.0468468,-0.00665916,0.999135,-0.0130017,-0.0155876,0.0363062
17953719000,0.926636,0.21588,0.0788934,0.263142,0.0461623,-0.0076066,0.999139,-0.0131398,-0.0154313,0.0362088
17963719000,0.929266,0.216338,0.0788119,0.262686,0.0454162,-0.0086953,0.999143,-0.0132756,-0.0152678,0.0361184
17973719000,0.93189,0.216789,0.0787196,0.262304,0.0446838,-0.00975635,0.999147,-0.0134008,-0.0151016,0.0360268
17983719000,0.934511,0.217232,0.0786175,0.261908,0.0440812,-0.0106696,0.999151,-0.0135256,-0.0149281,0.0359397
17993719000,0.937128,0.21767,0.0791131,0.261429,0.0434027,-0.0113724,0.999155,-0.0136541,-0.0147542,0.0358514
18003719000,0.93974,0.218101,0.0789945,0.260906,0.0428509,-0.0123489,0.999159,-0.0137772,-0.0145752,0.0357707
18013719000,0.9421,0.220364,0.0797146,0.259243,0.0490093,-0.00861621,0.999162,-0.0139027,-0.0143921,0.0356937
18023719000,0.94469,0.220853,0.0796229,0.258821,0.0486109,-0.00971529,0.999166,-0.0140342,-0.0142134,0.0356168
18033719000,0.947274,0.221336,0.0795207,0.257961,0.0481495,-0.0107234,0.999169,-0.0141697,-0.0140374,0.0355407
18043719000,0.94985,0.221817,0.0794085,0.257072,0.0480002,-0.0117244,0.999172,-0.0143144,-0.0138629,0.0354672
18053719000,0.952416,0.222296,0.0792853,0.25621,0.0478287,-0.0129065,0.999175,-0.0144648,-0.0136857,0.0353928
18063719000,0.954973,0.222773,0.0791503,0.255147,0.0475196,-0.0140926,0.999178,-0.0146099,-0.0135123,0.0353192
18073719000,0.957518,0.223248,0.0790047,0.253919,0.0474084,-0.0150327,0.999181,-0.0147558,-0.0133505,0.0352417
18083719000,0.960051,0.223721,0.0788491,0.252642,0.0473032,-0.0160975,0.999183,-0.0149128,-0.0131924,0.0351702
18093719000,0.962571,0.224193,0.0786835,0.251372,0.0471353,-0.0170198,0.999185,-0.0150706,-0.013036,0.0350975
18103719000,0.965079,0.224664,0.0785078,0.250215,0.0470557,-0.0181159,0.999187,-0.0152296,-0.012887,0.0350279
18113719000,0.967574,0.225134,0.0783223,0.248919,0.0469312,-0.0189825,0.999189,-0.0153842,-0.0127423,0.034957
18123719000,0.970057,0.225604,0.0781271,0.247571,0.0469291,-0.0200549,0.999191,-0.0155438,-0.0126118,0.0348838
18133719000,0.971063,0.227158,0.0796141,0.241052,0.0506269,-0.0132749,0.999192,-0.015702,-0.0124971,0.0348129
18143719000,0.973465,0.227664,0.0794768,0.239424,0.0505411,-0.0141855,0.999194,-0.0158523,-0.0123932,0.0347429
18153719000,0.975167,0.22883,0.0804764,0.23526,0.0524932,-0.00988862,0.999195,-0.0160052,-0.0123033,0.034665
18163719000,0.977511,0.229355,0.0803723,0.233579,0.052383,-0.0109302,0.999196,-0.0161611,-0.0122235,0.0345864
18173719000,0.979837,0.229877,0.0802581,0.231736,0.0520966,-0.0118965,0.999197,-0.0163117,-0.0121564,0.0345114
18183719000,0.982145,0.230398,0.0801352,0.229783,0.052037,-0.0126926,0.999198,-0.0164619,-0.0121044,0.0344334
18193719000,0.984434,0.230918,0.0800049,0.227977,0.0519516,-0.0133563,0.999199,-0.016616,-0.0120745,0.0343515
18203719000,0.986703,0.231437,0.0798684,0.225834,0.0518481,-0.0139551,0.999199,-0.0167578,-0.0120605,0.0342687
18213719000,0.988951,0.231954,0.0797252,0.223859,0.0516556,-0.014686,0.9992,-0.0169034,-0.0120591,0.0341874
18223719000,0.99118,0.232471,0.0795761,0.221845,0.0516193,-0.0151223,0.9992,-0.0170354,-0.0120769,0.0341011
18233719000,0.996687,0.233202,0.0813656,0.231668,0.0521113,-0.00732653,0.999201,-0.0171666,-0.0121111,0.0340137
18243719000,0.998995,0.233723,0.0812898,0.229929,0.0519908,-0.00783624,0.999201,-0.0172922,-0.0121671,0.0339272
18253719000,1.00129,0.234243,0.0812097,0.228112,0.0519787,-0.00819351,0.999201,-0.0174241,-0.0122317,0.0338337
18263719000,1.00356,0.234761,0.0811259,0.226157,0.051738,-0.00856548,0.999201,-0.0175464,-0.0123001,0.0337365
18273719000,1.00581,0.235277,0.0810385,0.224246,0.0514491,-0.00891556,0.999201,-0.0176654,-0.0123841,0.0336385
18283719000,1.00804,0.23579,0.0809476,0.222042,0.0510004,-0.00926616,0.999201,-0.0177709,-0.012486,0.0335391
18293719000,1.01025,0.236298,0.080853,0.219873,0.0507299,-0.0096473,0.999201,-0.0178733,-0.0125979,0.0334405
18303719000,1.01244,0.236805,0.0807548,0.217878,0.0505919,-0.0099899,0.999201,-0.0179814,-0.0127223,0.0333421
18313719000,1.01461,0.23731,0.080654,0.215874,0.0504806,-0.0101718,0.999201,-0.0180711,-0.0128555,0.0332459
18323719000,1.01676,0.237814,0.0805521,0.21395,0.0502144,-0.0102009,0.999201,-0.0181516,-0.0130085,0.0331499
18333719000,1.02025,0.23868,0.0829183,0.216844,0.0511386,-0.000471957,0.999201,-0.0182223,-0.0131684,0.0330559
18343719000,1.02241,0.239189,0.0829131,0.214918,0.0506683,-0.000570231,0.9992,-0.0182864,-0.0133422,0.032965
18353719000,1.02564,0.239969,0.0845036,0.216807,0.050979,0.0058162,0.9992,-0.0183385,-0.0135414,0.0328673
18363719000,1.02779,0.240477,0.084562,0.214946,0.050516,0.00585961,0.999199,-0.0183864,-0.0137505,0.032765
18373719000,1.02993,0.24098,0.0846214,0.213263,0.0500968,0.00603033,0.999199,-0.0184195,-0.0139777,0.0326583
18383719000,1.03206,0.241477,0.0846832,0.211593,0.0493529,0.00631799,0.999199,-0.0184513,-0.0142171,0.0325526
18393719000,1.03417,0.241968,0.0847487,0.209836,0.0487132,0.00678462,0.999198,-0.0184697,-0.0144625,0.0324393
18403719000,1.03626,0.242451,0.0848179,0.208304,0.047999,0.00706691,0.999198,-0.0184928,-0.0147119,0.0323284
18413719000,1.03833,0.242928,0.08489,0.20695,0.0473577,0.00733726,0.999197,-0.0185095,-0.014961,0.0322235
18423719000,1.0404,0.243398,0.0849657,0.205437,0.0466735,0.00782235,0.999196,-0.0185229,-0.01522,0.0321287
18433719000,1.04244,0.243861,0.0850465,0.203905,0.0458496,0.00833714,0.999195,-0.0185327,-0.0154822,0.0320451
18443719000,1.04447,0.244314,0.0851321,0.202407,0.0448069,0.00877987,0.999193,-0.0185366,-0.0157442,0.031975
18453719000,1.04424,0.249292,0.0856582,0.192634,0.0603611,0.0111537,0.99919,-0.0185384,-0.0160101,0.0319257
18463719000,1.04616,0.249891,0.0857723,0.19128,0.0594538,0.0116576,0.999187,-0.0185425,-0.0162829,0.0318937
18473719000,1.04807,0.25048,0.0858914,0.189874,0.0585065,0.0121596,0.999182,-0.0185404,-0.0165577,0.031883
18483719000,1.04996,0.251061,0.0860164,0.188733,0.0575241,0.0128567,0.999178,-0.0185327,-0.0168399,0.0318936
18493719000,1.05184,0.251631,0.0861477,0.187564,0.056646,0.0134008,0.999172,-0.0185203,-0.0171257,0.0319279
18503719000,1.05371,0.252193,0.0862854,0.186397,0.0557002,0.0141235,0.999165,-0.0185054,-0.0174106,0.0319805
18513719000,1.05557,0.252745,0.0864303,0.185294,0.0545959,0.0148593,0.999159,-0.0184816,-0.0176974,0.032053
18523719000,1.05742,0.253285,0.0865828,0.184106,0.0534902,0.0156392,0.999151,-0.0184505,-0.0179872,0.0321462
18533719000,1.05925,0.253815,0.0867419,0.182947,0.052394,0.0161984,0.999143,-0.0184126,-0.0182717,0.032257
18543719000,1.06108,0.254333,0.086907,0.181726,0.0512388,0.0168097,0.999134,-0.0183686,-0.0185633,0.0323893
18553719000,1.06302,0.254023,0.0880553,0.181094,0.0471877,0.0211591,0.999124,-0.0183172,-0.0188632,0.0325414
18563719000,1.06483,0.254489,0.0882696,0.179757,0.0459519,0.0217004,0.999114,-0.0182581,-0.0191626,0.0327099
18573719000,1.06685,0.254581,0.0890452,0.179261,0.0434148,0.02423,0.999103,-0.0181916,-0.0194743,0.0328976
18583719000,1.06863,0.25501,0.0892903,0.177841,0.0424465,0.0247822,0.999092,-0.0181195,-0.0197903,0.0331008
18593719000,1.0704,0.25543,0.0895412,0.17647,0.041417,0.0254085,0.999079,-0.0180476,-0.0201028,0.0333271
18603719000,1.07216,0.255838,0.0897985,0.175297,0.0402027,0.0260487,0.999066,-0.0179712,-0.020412,0.0335779
18613719000,1.07391,0.256234,0.0900621,0.17407,0.0389786,0.026661,0.999052,-0.0178993,-0.0207219,0.0338438
18623719000,1.07564,0.256618,0.0903326,0.172893,0.0378761,0.0274515,0.999037,-0.0178282,-0.0210267,0.0341258
18633719000,1.07737,0.256992,0.0906115,0.171546,0.0369803,0.02833,0.999022,-0.0177624,-0.0213232,0.0344251
18643719000,1.07908,0.257357,0.0908994,0.170213,0.0359417,0.0292324,0.999006,-0.0177073,-0.0216152,0.0347421
18653719000,1.08077,0.257711,0.0911946,0.168954,0.0349122,0.0298206,0.998989,-0.0176668,-0.02189,0.0350801
18663719000,1.08262,0.257509,0.0912123,0.168283,0.0320462,0.0294917,0.998971,-0.0176363,-0.0221525,0.0354351
18673719000,1.08429,0.257824,0.091511,0.167128,0.0309508,0.0302452,0.998952,-0.0176138,-0.0224052,0.0358102
18683719000,1.08596,0.25813,0.0918164,0.165908,0.0301841,0.0308358,0.998933,-0.0175907,-0.022644,0.0362044
18693719000,1.08761,0.258427,0.0921282,0.164587,0.0293568,0.0315283,0.998913,-0.0175785,-0.0228764,0.0366108
18703719000,1.08925,0.258718,0.0924476,0.163313,0.0286988,0.0323489,0.998892,-0.0175818,-0.0231043,0.0370292
18713719000,1.09088,0.259001,0.0927744,0.162133,0.0280638,0.0330063,0.998871,-0.017601,-0.0233253,0.0374617
18723719000,1.09249,0.259279,0.093109,0.160901,0.0275073,0.0339217,0.998849,-0.0176278,-0.0235401,0.0379045
18733719000,1.09409,0.259552,0.093452,0.159704,0.0270191,0.0346778,0.998826,-0.0176708,-0.0237354,0.0383633
18743719000,1.09569,0.259818,0.0938027,0.158458,0.0262881,0.0354518,0.998802,-0.0177181,-0.0239184,0.0388275
18753719000,1.09726,0.260079,0.0941608,0.157104,0.0258703,0.0361806,0.998779,-0.0177705,-0.0240901,0.039301
18763719000,1.09906,0.26061,0.0935198,0.156612,0.0263495,0.0331232,0.998754,-0.0178352,-0.0242555,0.0397873
18773719000,1.10083,0.261079,0.0932048,0.156091,0.0266403,0.0314863,0.998729,-0.0179099,-0.0244097,0.0402882
18783719000,1.10239,0.261343,0.0935224,0.154735,0.0262094,0.0320359,0.998704,-0.0179929,-0.0245604,0.0407917
18793719000,1.10393,0.261604,0.0938462,0.153577,0.025974,0.0327058,0.998678,-0.0180757,-0.0247014,0.0413032
18803719000,1.10546,0.261862,0.0941763,0.152256,0.0255972,0.0333252,0.998651,-0.0181733,-0.0248403,0.041824
18813719000,1.10697,0.262117,0.0945123,0.150849,0.0253363,0.0338789,0.998623,-0.0182867,-0.0249735,0.042353
18823719000,1.10847,0.262369,0.0948546,0.149539,0.025085,0.0345802,0.998595,-0.0184117,-0.0250879,0.0428892
18833719000,1.10996,0.262618,0.0952029,0.148288,0.0247272,0.0350726,0.998566,-0.0185544,-0.0251986,0.0434269
18843719000,1.11144,0.262864,0.0955549,0.146924,0.024514,0.0353227,0.998537,-0.0187025,-0.0253052,0.0439654
18853719000,1.1129,0.263108,0.0959102,0.145417,0.0242198,0.0357363,0.998508,-0.0188506,-0.0254085,0.0445076
18863719000,1.11435,0.263349,0.0962692,0.14389,0.0240132,0.0360726,0.998478,-0.0190195,-0.0255077,0.0450475
18873719000,1.11599,0.263767,0.0954663,0.143177,0.0243434,0.032027,0.998448,-0.0192039,-0.0256012,0.0455877
18883719000,1.11742,0.26401,0.0957872,0.141912,0.0241615,0.0321493,0.998416,-0.0193969,-0.0256903,0.0461356
18893719000,1.11883,0.264251,0.0961094,0.140427,0.0241037,0.0323021,0.998384,-0.0196069,-0.0257743,0.0466893
18903719000,1.12022,0.26449,0.0964341,0.138742,0.023717,0.0326425,0.998351,-0.0198343,-0.0258573,0.0472472
18913719000,1.1216,0.264726,0.0967614,0.13697,0.0234006,0.0328078,0.998318,-0.0200748,-0.0259377,0.0478087
18923719000,1.12296,0.264958,0.0970909,0.13516,0.0230306,0.0330971,0.998284,-0.0203276,-0.0260125,0.0483728
18933719000,1.12431,0.265186,0.0974234,0.133146,0.0226065,0.0333961,0.998249,-0.0205867,-0.0260818,0.048935
18943719000,1.12563,0.265409,0.0977586,0.131482,0.0220536,0.0336546,0.998214,-0.0208563,-0.0261423,0.0495023
18953719000,1.12693,0.265628,0.098096,0.129583,0.0216777,0.0338273,0.998178,-0.0211281,-0.0262039,0.0500774
18963719000,1.12822,0.265843,0.0984351,0.127369,0.0213317,0.033986,0.998141,-0.0214101,-0.026263,0.0506596
18973719000,1.13102,0.265095,0.0969708,0.130754,0.0173549,0.0275614,0.998103,-0.0217057,-0.0263164,0.0512452
18983719000,1.13232,0.265266,0.0972469,0.128331,0.0167777,0.0276517,0.998065,-0.0220031,-0.0263634,0.0518316
18993719000,1.13483,0.264911,0.0963737,0.130359,0.0143257,0.0234715,0.998027,-0.0223031,-0.0264091,0.0524189
19003719000,1.13612,0.265052,0.0966088,0.127812,0.0136571,0.023552,0.997987,-0.0226117,-0.0264536,0.0530127
19013719000,1.13739,0.265185,0.096844,0.125265,0.012964,0.0234817,0.997947,-0.0229196,-0.0264977,0.0536074
19023719000,1.13863,0.265313,0.0970793,0.122559,0.0126547,0.0235706,0.997907,-0.0232307,-0.0265459,0.0542032
19033719000,1.13984,0.265438,0.0973148,0.119727,0.0123678,0.0235392,0.997866,-0.0235389,-0.0265859,0.0547976
19043719000,1.14102,0.265559,0.0975496,0.116974,0.0118992,0.0234287,0.997825,-0.0238428,-0.0266358,0.055388
19053719000,1.14218,0.265677,0.0977844,0.114084,0.0116575,0.023521,0.997783,-0.0241443,-0.0266913,0.0559724
19063719000,1.14331,0.265792,0.0980206,0.111303,0.0114012,0.0237169,0.997742,-0.0244426,-0.0267573,0.0565448
19073719000,1.1444,0.265905,0.0982583,0.10847,0.0111055,0.023833,0.997701,-0.0247323,-0.0268278,0.0571007
19083719000,1.14547,0.266015,0.0984973,0.105359,0.0109043,0.0239619,0.997661,-0.0250143,-0.0269157,0.05764
19093719000,1.14651,0.266123,0.0907094,0.102444,0.0106602,0.0205322,0.997621,-0.0252824,-0.0270055,0.0581688
19103719000,1.14909,0.266667,0.0903013,0.105424,0.011939,0.0169593,0.997582,-0.0255375,-0.0271077,0.058673
19113719000,1.15013,0.266786,0.0904713,0.102459,0.0116774,0.0170388,0.997544,-0.0257802,-0.0272264,0.0591587
19123719000,1.15114,0.2669,0.0906418,0.099637,0.011299,0.0170515,0.997507,-0.0260126,-0.027348,0.0596201
19133719000,1.15213,0.267011,0.0908119,0.0967396,0.0108324,0.0169621,0.997472,-0.0262257,-0.027479,0.0600612
19143719000,1.15308,0.267118,0.0909821,0.0939378,0.0106011,0.017092,0.997436,-0.0264192,-0.0276235,0.0604931
19153719000,1.15401,0.267224,0.0911537,0.091377,0.0104643,0.0172163,0.997402,-0.026599,-0.027783,0.0609069
19163719000,1.15491,0.267327,0.0913258,0.0888585,0.0102886,0.0172098,0.997369,-0.0267653,-0.027948,0.0612979
19173719000,1.15578,0.267429,0.0914982,0.0861997,0.0100905,0.0172691,0.997337,-0.0269112,-0.0281263,0.0616686
19183719000,1.15663,0.26753,0.0916713,0.0836104,0.0100334,0.0173447,0.997307,-0.0270508,-0.0283047,0.0620162
19193719000,1.15892,0.267807,0.0911807,0.0862524,0.0104439,0.0140539,0.997278,-0.027167,-0.0284939,0.0623401
19203719000,1.15977,0.267911,0.0913213,0.0836144,0.0102612,0.0140716,0.997251,-0.0272756,-0.0286893,0.0626363
19213719000,1.16183,0.268157,0.091031,0.0857901,0.0105027,0.0119446,0.997225,-0.0273756,-0.0288869,0.0629159
19223719000,1.16267,0.268261,0.0911503,0.0833485,0.0101875,0.0119059,0.9972,-0.0274678,-0.0290955,0.0631812
19233719000,1.16349,0.268361,0.0912686,0.0808814,0.00995581,0.0117641,0.997175,-0.0275644,-0.0293064,0.0634275
19243719000,1.16429,0.268459,0.0913857,0.0785532,0.00965168,0.0116588,0.997152,-0.027658,-0.0295197,0.063657
19253719000,1.16506,0.268554,0.0915013,0.0761954,0.00923678,0.0114452,0.997129,-0.0277469,-0.0297428,0.0638688
19263719000,1.16581,0.268644,0.0916146,0.0738123,0.00874456,0.0112187,0.997107,-0.0278363,-0.0299606,0.0640674
19273719000,1.16654,0.268729,0.091726,0.0716701,0.0082761,0.0110758,0.997086,-0.0279368,-0.0301815,0.0642506
19283719000,1.16725,0.268808,0.0918354,0.0695789,0.00767119,0.0107968,0.997065,-0.0280462,-0.0304032,0.0644231
19293719000,1.16793,0.268883,0.0919422,0.0675635,0.00722867,0.0105721,0.997045,-0.0281577,-0.0306268,0.0645821
19303719000,1.1686,0.268952,0.0920471,0.0657389,0.00655394,0.0104054,0.997026,-0.028271,-0.0308463,0.0647199
19313719000,1.16925,0.269463,0.0916234,0.0640701,0.00770693,0.00791596,0.997007,-0.0283986,-0.0310678,0.0648462
19323719000,1.16989,0.269538,0.0917016,0.0623557,0.00738431,0.00773109,0.99699,-0.0285254,-0.0312903,0.0649523
19333719000,1.1705,0.26961,0.0917778,0.0608285,0.00686509,0.00750335,0.996973,-0.028653,-0.0315056,0.0650429
19343719000,1.1711,0.269674,0.0918517,0.0594825,0.00604098,0.00728233,0.996958,-0.0287848,-0.0317168,0.0651191
19353719000,1.17169,0.269731,0.091924,0.0581502,0.00544886,0.00716042,0.996944,-0.028914,-0.0319262,0.0651761
19363719000,1.17227,0.269782,0.0919954,0.0569493,0.0045755,0.00713882,0.996931,-0.0290538,-0.0321223,0.0652131
19373719000,1.17283,0.269825,0.0920662,0.0556611,0.00413036,0.00700539,0.996919,-0.0291954,-0.0323113,0.0652321
19383719000,1.17338,0.269864,0.0921358,0.0545931,0.00359001,0.00691309,0.996908,-0.0293511,-0.032499,0.0652376
19393719000,1.17392,0.269897,0.0922041,0.05354,0.00302328,0.00676422,0.996899,-0.0295164,-0.0326677,0.0652247
19403719000,1.17445,0.269924,0.0922727,0.0526184,0.00238406,0.00694402,0.996891,-0.0296834,-0.0328298,0.0651946
19413719000,1.17435,0.270262,0.0919484,0.049564,0.00292625,0.00534246,0.996884,-0.0298495,-0.0329784,0.0651383
19423719000,1.17451,0.270516,0.0917603,0.0475475,0.00292831,0.00425349,0.99688,-0.0300191,-0.0331107,0.0650652
19433719000,1.17499,0.27054,0.0918027,0.0468719,0.00192841,0.00421322,0.996876,-0.0301863,-0.0332386,0.0649747
19443719000,1.17545,0.270556,0.0918446,0.0461377,0.00116649,0.00417539,0.996874,-0.0303536,-0.0333556,0.0648697
19453719000,1.17591,0.270563,0.0918865,0.0454922,0.000230882,0.00420579,0.996873,-0.0305203,-0.033465,0.064751
19463719000,1.17636,0.27056,0.0919282,0.0448299,-0.000762131,0.00413801,0.996873,-0.030683,-0.0335721,0.0646251
19473719000,1.17681,0.270547,0.0919694,0.0443066,-0.00194218,0.00410418,0.996874,-0.0308401,-0.0336615,0.06448
19483719000,1.17725,0.270522,0.0920102,0.0435821,-0.00290674,0.004048,0.996877,-0.030985,-0.0337411,0.0643326
19493719000,1.17768,0.270488,0.0920498,0.042955,-0.00394043,0.00387968,0.99688,-0.0311204,-0.0338069,0.0641796
19503719000,1.1781,0.270443,0.0920887,0.0423109,-0.00502531,0.00390165,0.996883,-0.0312509,-0.0338724,0.0640266
19513719000,1.1777,0.271009,0.0919939,0.0384959,-0.00367068,0.00319425,0.996889,-0.031365,-0.0339214,0.0638654
19523719000,1.17809,0.270968,0.0920257,0.0378963,-0.00459365,0.00317208,0.996894,-0.0314683,-0.0339702,0.0636988
19533719000,1.17846,0.270917,0.0920569,0.0373328,-0.00557445,0.00306983,0.996902,-0.031552,-0.0340067,0.0635144
19543719000,1.17883,0.270857,0.0920875,0.0367744,-0.00649341,0.00303466,0.996911,-0.031633,-0.0340319,0.0633156
19553719000,1.1792,0.270788,0.0921162,0.0361158,-0.00723602,0.00272147,0.996922,-0.0317024,-0.0340482,0.063109
19563719000,1.17956,0.270712,0.0921428,0.035636,-0.00789629,0.00259082,0.996934,-0.031769,-0.0340489,0.0628866
19573719000,1.17991,0.27063,0.0921673,0.0351017,-0.00860484,0.00230374,0.996947,-0.0318309,-0.034039,0.0626451
19583719000,1.18026,0.27054,0.0921896,0.0343998,-0.00927245,0.00217001,0.996962,-0.0318906,-0.0340147,0.062384
19593719000,1.1806,0.270444,0.0922104,0.0339005,-0.00993669,0.00197291,0.99698,-0.0319395,-0.0339738,0.0621035
19603719000,1.18093,0.270341,0.0922292,0.0332807,-0.0107828,0.00180579,0.996999,-0.0319856,-0.0339106,0.0618041
19613719000,1.18126,0.27023,0.0922462,0.0327065,-0.0113364,0.00158525,0.99702,-0.0320292,-0.0338402,0.061479
19623719000,1.18159,0.270114,0.0922605,0.0320858,-0.0118293,0.00128307,0.997043,-0.032068,-0.0337589,0.0611388
19633719000,1.18127,0.270661,0.0923636,0.0294114,-0.010084,0.00143119,0.997067,-0.0320976,-0.033669,0.0607717
19643719000,1.1812,0.270996,0.0924423,0.0274371,-0.00903687,0.00141303,0.997093,-0.032125,-0.0335698,0.0603876
19653719000,1.18147,0.270902,0.0924553,0.0271197,-0.00973646,0.00118602,0.99712,-0.0321533,-0.0334506,0.0599852
19663719000,1.18174,0.270803,0.0924666,0.0266268,-0.0102051,0.00107167,0.997149,-0.0321775,-0.0333196,0.0595667
19673719000,1.182,0.270698,0.0924763,0.0261397,-0.0107987,0.000877831,0.997179,-0.0321983,-0.0331792,0.0591278
19683719000,1.18226,0.270586,0.0924836,0.0256228,-0.0114635,0.000567743,0.99721,-0.0322162,-0.033027,0.0586775
19693719000,1.18251,0.270469,0.0924882,0.0249884,-0.0120498,0.000352634,0.997242,-0.0322293,-0.0328616,0.0582156
19703719000,1.18276,0.270346,0.0924896,0.0243151,-0.012537,-7.26281e-05,0.997276,-0.0322336,-0.0326884,0.0577347
19713719000,1.183,0.270216,0.0924867,0.0238191,-0.0133745,-0.000492381,0.997311,-0.032223,-0.0325049,0.0572414
19723719000,1.18324,0.270079,0.0924794,0.0232515,-0.0140302,-0.000982327,0.997346,-0.0322031,-0.032318,0.0567368
19733719000,1.18311,0.270301,0.092803,0.0214042,-0.0133077,-0.000209139,0.997382,-0.0321734,-0.0321229,0.0562302
19743719000,1.18332,0.270165,0.0927982,0.0209471,-0.0137953,-0.000749402,0.997419,-0.0321359,-0.0319177,0.0557074
19753719000,1.18353,0.270025,0.0927875,0.0202979,-0.0142608,-0.00138269,0.997457,-0.0320951,-0.0317089,0.0551804
19763719000,1.18373,0.26988,0.0927715,0.019727,-0.0146545,-0.00182676,0.997494,-0.0320402,-0.0314975,0.0546496
19773719000,1.18392,0.269732,0.0927513,0.0192996,-0.0149706,-0.00221792,0.997532,-0.0319727,-0.0312822,0.0541136
19783719000,1.18411,0.26958,0.0927264,0.0186317,-0.0154906,-0.00275786,0.997571,-0.0319036,-0.0310571,0.0535717
19793719000,1.1843,0.269423,0.0926962,0.0179532,-0.0159315,-0.00327107,0.99761,-0.0318155,-0.0308326,0.0530291
19803719000,1.18447,0.269263,0.0926605,0.0173856,-0.0160881,-0.00386828,0.997648,-0.03172,-0.0306103,0.0524821
19813719000,1.18464,0.2691,0.092619,0.016593,-0.0163353,-0.00444825,0.997687,-0.0316203,-0.0303849,0.0519303
19823719000,1.1848,0.268936,0.0925714,0.015976,-0.0166327,-0.00505522,0.997726,-0.0315206,-0.0301619,0.0513734
19833719000,1.18496,0.268768,0.0925184,0.0152707,-0.0168299,-0.00554618,0.997765,-0.0314142,-0.0299395,0.0508157
19843719000,1.18511,0.268599,0.09246,0.0146684,-0.017109,-0.00613388,0.997804,-0.031299,-0.0297114,0.0502531
19853719000,1.1849,0.268834,0.0934292,0.0127876,-0.0158345,-0.00302934,0.997842,-0.0311846,-0.0294854,0.0496907
19863719000,1.18503,0.268674,0.0933964,0.0120482,-0.0160873,-0.00353156,0.99788,-0.0310787,-0.0292646,0.0491302
19873719000,1.18501,0.268788,0.0940659,0.0109155,-0.0152556,-0.0014449,0.997917,-0.0309808,-0.0290406,0.0485687
19883719000,1.18512,0.268634,0.0940482,0.0102749,-0.0156258,-0.00209347,0.997953,-0.0308788,-0.0288275,0.0480044
19893719000,1.18522,0.268476,0.0940245,0.00953967,-0.015957,-0.00264767,0.99799,-0.0307802,-0.0286053,0.0474407
19903719000,1.18531,0.268315,0.0939943,0.00869726,-0.0162053,-0.00338439,0.998026,-0.0306858,-0.0283859,0.0468767
19913719000,1.18539,0.268151,0.093957,0.00795969,-0.0165084,-0.00407368,0.99806,-0.0306014,-0.0281664,0.0463201
19923719000,1.18546,0.267986,0.0939137,0.0070195,-0.0165885,-0.00459683,0.998094,-0.0305238,-0.0279472,0.0457744
19933719000,1.18553,0.267818,0.0938651,0.00623488,-0.0169816,-0.00511843,0.998127,-0.030446,-0.0277247,0.0452365
19943719000,1.18559,0.267647,0.0938114,0.00534754,-0.01729,-0.00561593,0.998159,-0.0303657,-0.0275135,0.0447081
19953719000,1.1854,0.267904,0.0949697,0.00345725,-0.0161509,-0.00181609,0.998191,-0.0302909,-0.0273092,0.0441844
19963719000,1.18543,0.267741,0.0949485,0.00219809,-0.0164686,-0.0024245,0.998221,-0.0302265,-0.027102,0.0436716
19973719000,1.18544,0.267575,0.0949222,0.00109944,-0.0168343,-0.00284353,0.99825,-0.0301645,-0.0269049,0.0431677
19983719000,1.18545,0.267405,0.0948909,8.14842e-05,-0.0171723,-0.00341589,0.998278,-0.0301093,-0.0267079,0.0426772
19993719000,1.18544,0.267231,0.0948536,-0.00107521,-0.0176054,-0.00404409,0.998305,-0.0300676,-0.0265139,0.0421895
20003719000,1.18543,0.267052,0.0948109,-0.00218331,-0.0181332,-0.00448803,0.998331,-0.0300236,-0.0263318,0.0417143
20013719000,1.1854,0.266869,0.0947641,-0.00339605,-0.0184645,-0.00487304,0.998356,-0.0299893,-0.0261466,0.041249
20023719000,1.18536,0.266682,0.0947126,-0.00454257,-0.0188635,-0.00541828,0.998381,-0.029966,-0.0259607,0.0407917
20033719000,1.18531,0.266491,0.0946562,-0.00576089,-0.019393,-0.00586189,0.998404,-0.0299548,-0.0257809,0.0403482
20043719000,1.18524,0.266294,0.0945967,-0.00687875,-0.0199583,-0.00604232,0.998426,-0.0299558,-0.0255994,0.0399206
20053719000,1.18517,0.266093,0.0945352,-0.00813886,-0.0202873,-0.00625418,0.998446,-0.0299757,-0.0254268,0.0395089
20063719000,1.18508,0.265887,0.0944718,-0.00961889,-0.0208946,-0.00642872,0.998464,-0.0300062,-0.0252629,0.0391181
20073719000,1.18509,0.266445,0.0963432,-0.0104783,-0.0188164,0.000411954,0.998481,-0.0300503,-0.0251096,0.0387516
20083719000,1.18498,0.266253,0.0963466,-0.0118195,-0.0194336,0.000269389,0.998497,-0.0301049,-0.0249516,0.0384019
20093719000,1.18509,0.266612,0.0944483,-0.0124584,-0.0180357,0.00347635,0.998512,-0.0301626,-0.0248098,0.0380715
20103719000,1.18496,0.266429,0.0944828,-0.0138683,-0.0185988,0.00342558,0.998525,-0.0302239,-0.0246769,0.0377619
20113719000,1.18481,0.266241,0.0945176,-0.0152531,-0.0188982,0.00352737,0.998537,-0.0302808,-0.0245581,0.0374697
20123719000,1.18465,0.266049,0.0945531,-0.0166764,-0.0194956,0.0035722,0.998548,-0.0303368,-0.0244506,0.0371925
20133719000,1.18448,0.265851,0.0945899,-0.0179158,-0.0200652,0.00379503,0.998558,-0.0303938,-0.0243604,0.0369361
20143719000,1.18429,0.265648,0.0946276,-0.0194217,-0.0205203,0.0037457,0.998568,-0.0304426,-0.0242762,0.0366984
20153719000,1.18409,0.26544,0.0946662,-0.0209326,-0.0211222,0.00397372,0.998576,-0.0305038,-0.0242045,0.0364702
20163719000,1.18387,0.265227,0.0947074,-0.0224385,-0.0215894,0.00427287,0.998583,-0.0305688,-0.0241528,0.0362534
20173719000,1.18364,0.265009,0.0947521,-0.0239248,-0.0219889,0.00465095,0.998589,-0.0306301,-0.0241112,0.0360556
20183719000,1.18355,0.265581,0.0957071,-0.0249961,-0.0195799,0.00957769,0.998594,-0.0306906,-0.0240851,0.0358766
20193719000,1.18329,0.265383,0.0958057,-0.0265707,-0.0200897,0.0101491,0.998598,-0.030758,-0.024074,0.0357161
20203719000,1.18302,0.26518,0.0959097,-0.0281233,-0.0205822,0.0106355,0.998602,-0.0308223,-0.0240657,0.0355704
20213719000,1.18273,0.264971,0.0960195,-0.0297422,-0.0212185,0.0113331,0.998604,-0.0308795,-0.0240705,0.035447
20223719000,1.18243,0.264756,0.096136,-0.0313255,-0.0216736,0.0119664,0.998606,-0.0309298,-0.024082,0.0353384
20233719000,1.1821,0.264537,0.0962595,-0.0330516,-0.0221123,0.0127364,0.998607,-0.0309772,-0.0241056,0.0352508
20243719000,1.18177,0.264313,0.096391,-0.0346403,-0.0227166,0.0135528,0.998607,-0.0310266,-0.024142,0.0351851
20253719000,1.18141,0.264084,0.0965303,-0.0364095,-0.0231616,0.0143065,0.998607,-0.0310582,-0.0241936,0.0351397
20263719000,1.18104,0.26385,0.0966773,-0.03789,-0.0235732,0.0151018,0.998605,-0.0311002,-0.0242509,0.0351185
20273719000,1.18065,0.263611,0.096832,-0.0394535,-0.0241732,0.0158336,0.998602,-0.0311441,-0.0243178,0.0351171
20283719000,1.18006,0.263983,0.0974306,-0.0416353,-0.0224551,0.0186137,0.998598,-0.0311901,-0.0243923,0.0351333
20293719000,1.17963,0.263756,0.097621,-0.0433389,-0.0229664,0.019464,0.998593,-0.0312432,-0.0244736,0.0351704
20303719000,1.17926,0.26397,0.0980166,-0.0447718,-0.0219207,0.0212774,0.998587,-0.0312902,-0.0245691,0.0352228
20313719000,1.17881,0.263748,0.0982353,-0.0464001,-0.0224766,0.0224526,0.998581,-0.0313406,-0.0246721,0.0352978
20323719000,1.17833,0.26352,0.0984658,-0.0483037,-0.0231376,0.0236412,0.998573,-0.0313839,-0.0247866,0.0353891
20333719000,1.17784,0.263285,0.0987086,-0.0502286,-0.0238837,0.0249328,0.998565,-0.031413,-0.0249134,0.0354937
20343719000,1.17733,0.263043,0.0989643,-0.0521597,-0.0244979,0.0262068,0.998557,-0.0314347,-0.0250429,0.0356113
20353719000,1.1768,0.262794,0.0992328,-0.0540526,-0.0253223,0.0274833,0.998549,-0.0314377,-0.0251851,0.0357401
20363719000,1.17625,0.262536,0.0995142,-0.0556999,-0.0262517,0.0288047,0.99854,-0.0314225,-0.0253475,0.0358781
20373719000,1.17568,0.26227,0.0998087,-0.0574253,-0.0269935,0.0301025,0.998531,-0.0313933,-0.0255113,0.0360374
20383719000,1.1751,0.261997,0.100116,-0.0592271,-0.0276289,0.0313234,0.998522,-0.0313435,-0.0256894,0.0362131
20393719000,1.17438,0.262226,0.0995391,-0.0615854,-0.0264975,0.0287817,0.998512,-0.0312808,-0.0258817,0.0364036
20403719000,1.17375,0.261957,0.0998327,-0.0634342,-0.0273037,0.0299418,0.998502,-0.0312133,-0.0260785,0.0366055
20413719000,1.17311,0.26168,0.100139,-0.0653786,-0.028065,0.0312174,0.99849,-0.0311433,-0.0262817,0.036827
20423719000,1.17244,0.261395,0.100457,-0.0673605,-0.0288849,0.0324184,0.998478,-0.0310711,-0.0265035,0.0370635
20433719000,1.17176,0.261103,0.100787,-0.0692922,-0.0296014,0.033655,0.998465,-0.0309921,-0.0267277,0.037318
20443719000,1.17106,0.260803,0.10113,-0.0709968,-0.0303864,0.0349931,0.998451,-0.0309091,-0.0269627,0.0375891
20453719000,1.17034,0.260495,0.101486,-0.0729819,-0.0311794,0.0360903,0.998436,-0.0308199,-0.0272061,0.0378805
20463719000,1.1696,0.260178,0.101852,-0.0749998,-0.0322311,0.0372267,0.99842,-0.0307258,-0.0274609,0.0381948
20473719000,1.16884,0.259852,0.102231,-0.0771022,-0.032968,0.0384391,0.998403,-0.0306265,-0.0277197,0.0385268
20483719000,1.16806,0.259518,0.102621,-0.0790963,-0.0338381,0.0396172,0.998385,-0.0305295,-0.0279805,0.0388786
20493719000,1.16671,0.259702,0.100644,-0.0831296,-0.0327108,0.0312338,0.998366,-0.0304393,-0.0282459,0.0392575
20503719000,1.16586,0.259371,0.100961,-0.0852704,-0.0334674,0.0322019,0.998345,-0.03034,-0.0285187,0.0396559
20513719000,1.1649,0.259448,0.099661,-0.0876146,-0.0326441,0.0268207,0.998323,-0.0302384,-0.0288049,0.0400766
20523719000,1.16402,0.259117,0.0999342,-0.0898398,-0.0333884,0.0278238,0.9983,-0.0301335,-0.0290953,0.0405213
20533719000,1.16311,0.25878,0.100216,-0.09228,-0.0341563,0.0286227,0.998276,-0.0300318,-0.0293962,0.0409841
20543719000,1.16217,0.258435,0.100507,-0.0944216,-0.0347266,0.0295216,0.99825,-0.0299349,-0.0297051,0.0414645
20553719000,1.16122,0.258084,0.100806,-0.0964864,-0.0354686,0.0303087,0.998223,-0.0298282,-0.0300237,0.04196
20563719000,1.16024,0.257726,0.101113,-0.0984512,-0.0361588,0.0309744,0.998195,-0.0297125,-0.0303437,0.0424693
20573719000,1.15925,0.257362,0.101426,-0.100619,-0.0367509,0.0316654,0.998166,-0.0295961,-0.03068,0.0429898
20583719000,1.15823,0.256991,0.101746,-0.10267,-0.0374462,0.0322515,0.998135,-0.0294692,-0.0310203,0.0435304
20593719000,1.15663,0.256746,0.0995975,-0.106843,-0.0374041,0.0231006,0.998104,-0.0293346,-0.031365,0.0440887
20603719000,1.15555,0.25637,0.0998309,-0.109147,-0.0378355,0.0235738,0.998072,-0.0291938,-0.0317106,0.0446626
20613719000,1.15445,0.25599,0.100069,-0.111308,-0.0380581,0.0240657,0.998038,-0.0290452,-0.032068,0.0452578
20623719000,1.15333,0.255609,0.100312,-0.113304,-0.0381774,0.024465,0.998002,-0.0289071,-0.0324281,0.0458729
20633719000,1.15218,0.255227,0.100558,-0.11531,-0.0381262,0.024887,0.997965,-0.0287788,-0.0327864,0.0465144
20643719000,1.15102,0.254847,0.100808,-0.117261,-0.0379091,0.0250825,0.997925,-0.0286578,-0.0331497,0.0471739
20653719000,1.14984,0.254468,0.10106,-0.119164,-0.0379247,0.0252152,0.997884,-0.0285489,-0.0335146,0.0478532
20663719000,1.14864,0.25409,0.101313,-0.121074,-0.0377802,0.0254748,0.997841,-0.0284634,-0.0338818,0.048539
20673719000,1.14742,0.253713,0.101569,-0.122978,-0.0375512,0.0256184,0.997796,-0.0284004,-0.0342398,0.0492351
20683719000,1.14618,0.253338,0.101826,-0.124689,-0.0373521,0.0259182,0.997751,-0.0283486,-0.034585,0.049938
20693719000,1.14492,0.252965,0.102086,-0.126443,-0.0372967,0.0260327,0.997704,-0.0283167,-0.0349323,0.050647
20703719000,1.14346,0.252378,0.0990395,-0.128796,-0.0378534,0.0136847,0.997655,-0.0283046,-0.035279,0.0513599
20713719000,1.14215,0.251844,0.0971415,-0.13067,-0.0384594,0.00615946,0.997606,-0.0283126,-0.0356221,0.0520669
20723719000,1.14083,0.25146,0.0972031,-0.132374,-0.0383273,0.00616495,0.997557,-0.028327,-0.0359593,0.0527715
20733719000,1.1395,0.251077,0.0972654,-0.134087,-0.0382262,0.00627774,0.997506,-0.0283493,-0.0362983,0.0534788
20743719000,1.13815,0.250696,0.0973295,-0.135686,-0.0380337,0.00654616,0.997455,-0.0283879,-0.0366312,0.0541872
20753719000,1.13679,0.250316,0.0973956,-0.137223,-0.0378873,0.00667053,0.997402,-0.0284339,-0.0369709,0.0548953
20763719000,1.13541,0.249938,0.0974623,-0.138712,-0.0377245,0.00667253,0.997349,-0.0284829,-0.0373029,0.0555998
20773719000,1.13401,0.249561,0.0975293,-0.140054,-0.0375991,0.00673392,0.997296,-0.0285464,-0.0376347,0.0563035
20783719000,1.13261,0.249186,0.0975958,-0.141346,-0.0374401,0.00656881,0.997241,-0.0286153,-0.0379629,0.057008
20793719000,1.13119,0.248813,0.0976617,-0.142594,-0.0372596,0.00659696,0.997186,-0.028709,-0.038284,0.0577131
20803719000,1.12975,0.248441,0.0977269,-0.144131,-0.0370052,0.0064456,0.997129,-0.0288251,-0.0385985,0.0584141
20813719000,1.12831,0.248072,0.0977902,-0.145457,-0.0369371,0.00621715,0.997074,-0.0289394,-0.0388935,0.0591083
20823719000,1.12684,0.247703,0.0978503,-0.146859,-0.0368556,0.00581054,0.997017,-0.0290795,-0.0391792,0.0597979
20833719000,1.12532,0.247816,0.0955878,-0.148189,-0.0348264,-0.00328279,0.996961,-0.0292293,-0.039463,0.0604787
20843719000,1.12383,0.247469,0.0955521,-0.14951,-0.0346292,-0.00384936,0.996903,-0.0293999,-0.0397486,0.0611548
20853719000,1.12233,0.247124,0.0955103,-0.150793,-0.034529,-0.00451759,0.996846,-0.029573,-0.0400232,0.0618248
20863719000,1.12081,0.246778,0.0954618,-0.152134,-0.0345708,-0.00517726,0.996788,-0.0297604,-0.0403011,0.0624824
20873719000,1.11929,0.246433,0.0954072,-0.153176,-0.0344931,-0.00573387,0.99673,-0.0299658,-0.0405772,0.0631334
20883719000,1.11775,0.246087,0.0953463,-0.154208,-0.0346681,-0.00645139,0.996672,-0.0301777,-0.0408458,0.0637718
20893719000,1.1162,0.245739,0.0952777,-0.155328,-0.0349094,-0.00728046,0.996614,-0.0303939,-0.0411038,0.0644055
20903719000,1.11464,0.245387,0.0952009,-0.156335,-0.0354034,-0.00807773,0.996556,-0.0306099,-0.0413605,0.0650293
20913719000,1.11307,0.24503,0.0951159,-0.157499,-0.0360333,-0.00891217,0.996498,-0.0308394,-0.0416095,0.0656442
20923719000,1.11149,0.244667,0.095023,-0.158423,-0.0366829,-0.00966535,0.99644,-0.0310752,-0.0418574,0.0662492
20933719000,1.10951,0.244328,0.0928529,-0.160627,-0.0373013,-0.0178268,0.996382,-0.0313141,-0.0420959,0.0668544
20943719000,1.1079,0.243953,0.0926708,-0.161334,-0.0377578,-0.0185973,0.996324,-0.0315554,-0.0423278,0.0674559
20953719000,1.10614,0.243637,0.0912772,-0.162391,-0.0382985,-0.0239063,0.996267,-0.0318025,-0.0425429,0.0680528
20963719000,1.10451,0.24325,0.0910336,-0.163081,-0.0391482,-0.024816,0.996209,-0.0320573,-0.0427479,0.0686417
20973719000,1.10288,0.242853,0.0907813,-0.163774,-0.0401771,-0.0256414,0.996153,-0.0323129,-0.0429369,0.0692232
20983719000,1.10123,0.242447,0.0905205,-0.164638,-0.0411819,-0.0265246,0.996098,-0.0325606,-0.0431043,0.0697927
20993719000,1.09958,0.242029,0.0902502,-0.165329,-0.04235,-0.0275359,0.996042,-0.0328059,-0.0432726,0.0703609
21003719000,1.09793,0.241599,0.0899715,-0.165989,-0.0436259,-0.0282038,0.995988,-0.0330568,-0.0434219,0.0709176
21013719000,1.09627,0.241156,0.0896862,-0.16659,-0.0450072,-0.0288518,0.995935,-0.0332984,-0.043561,0.0714672
21023719000,1.0946,0.240699,0.0893946,-0.167159,-0.0463909,-0.0294679,0.995883,-0.0335293,-0.0436796,0.0720083
21033719000,1.09281,0.240278,0.0888378,-0.168082,-0.0477115,-0.0310289,0.995832,-0.0337478,-0.043791,0.0725437
21043719000,1.09113,0.239793,0.0885244,-0.168635,-0.049325,-0.0316519,0.995782,-0.0339527,-0.0438868,0.073067
21053719000,1.08944,0.239291,0.0882053,-0.16916,-0.0510192,-0.0321621,0.995734,-0.0341482,-0.0439624,0.0735848
21063719000,1.08775,0.238772,0.0878813,-0.169665,-0.0529131,-0.0326535,0.995688,-0.0343219,-0.0440229,0.0740954
21073719000,1.08605,0.238232,0.0875521,-0.170337,-0.0549211,-0.0331764,0.995643,-0.034473,-0.0440655,0.0746044
21083719000,1.08434,0.237671,0.0872188,-0.17091,-0.0572681,-0.0334915,0.995599,-0.0345861,-0.0440936,0.075108
21093719000,1.08263,0.237088,0.0868829,-0.17148,-0.0594002,-0.0336868,0.995559,-0.034662,-0.0441049,0.0756024
21103719000,1.08091,0.236482,0.0865451,-0.17208,-0.0618235,-0.0338668,0.99552,-0.0347015,-0.0441003,0.0760998
21113719000,1.07919,0.235852,0.086206,-0.172763,-0.0641037,-0.0339639,0.995483,-0.0346964,-0.0440775,0.0765898
21123719000,1.07745,0.2352,0.085866,-0.173379,-0.0664159,-0.0340193,0.995449,-0.0346407,-0.0440484,0.0770761
21133719000,1.07572,0.234524,0.085525,-0.173883,-0.0687041,-0.0341886,0.995417,-0.0345424,-0.0440056,0.0775585
21143719000,1.07303,0.235835,0.0858704,-0.177961,-0.0636855,-0.0318941,0.995387,-0.0343907,-0.0439504,0.0780385
21153719000,1.07072,0.236528,0.0859817,-0.180518,-0.0609615,-0.0303459,0.99536,-0.0341911,-0.0438794,0.0785174
21163719000,1.06891,0.235907,0.0856779,-0.180912,-0.0630827,-0.0304233,0.995334,-0.0339515,-0.0437902,0.0789985
21173719000,1.0671,0.235266,0.0853737,-0.18138,-0.0650908,-0.0304167,0.99531,-0.033675,-0.0436838,0.0794699
21183719000,1.06528,0.234605,0.0850685,-0.18184,-0.0670552,-0.0306201,0.995288,-0.0333575,-0.0435635,0.0799416
21193719000,1.06346,0.233926,0.0784207,-0.182302,-0.0688582,-0.0330763,0.995269,-0.0329918,-0.0434254,0.080409
21203719000,1.06163,0.233229,0.0780894,-0.182709,-0.0705654,-0.0331837,0.995251,-0.0325912,-0.0432692,0.0808721
21213719000,1.05981,0.232516,0.0777574,-0.183114,-0.0721197,-0.0332134,0.995236,-0.0321538,-0.0431016,0.0813292
21223719000,1.05797,0.231787,0.0774241,-0.183428,-0.0736281,-0.0334409,0.995221,-0.0316857,-0.0429191,0.0817858
21233719000,1.05614,0.231042,0.0770891,-0.183761,-0.0752933,-0.0335566,0.995208,-0.0311956,-0.0427246,0.082238
21243719000,1.0543,0.230283,0.0767536,-0.184184,-0.0765186,-0.0335437,0.995196,-0.0306809,-0.0425129,0.0826827
21253719000,1.05178,0.230427,0.0772258,-0.1871,-0.0744427,-0.0292485,0.995186,-0.0301367,-0.0422871,0.083121
21263719000,1.04991,0.229676,0.076934,-0.187244,-0.0757077,-0.0291148,0.995176,-0.0295782,-0.0420538,0.0835592
21273719000,1.04803,0.228912,0.0766442,-0.187534,-0.076923,-0.0288482,0.995167,-0.0290045,-0.0418019,0.0839866
21283719000,1.04616,0.228138,0.0763574,-0.187687,-0.0779461,-0.028499,0.99516,-0.0284045,-0.0415307,0.0844056
21293719000,1.04428,0.227354,0.0760752,-0.187842,-0.0788488,-0.027951,0.995154,-0.0277928,-0.0412519,0.0848244
21303719000,1.0424,0.22656,0.0757976,-0.188322,-0.0798751,-0.0275717,0.995148,-0.027162,-0.0409543,0.0852329
21313719000,1.04052,0.225758,0.0755241,-0.188579,-0.080611,-0.0271173,0.995144,-0.0265124,-0.0406428,0.0856316
21323719000,1.03863,0.224948,0.0752557,-0.188893,-0.0813294,-0.0265573,0.995142,-0.025846,-0.0403153,0.0860223
21333719000,1.03674,0.224132,0.0749935,-0.189051,-0.0819134,-0.0258876,0.99514,-0.0251587,-0.0399786,0.0863966
21343719000,1.03463,0.223194,0.0753824,-0.19004,-0.0826073,-0.0221435,0.99514,-0.0244564,-0.0396421,0.0867607
21353719000,1.0326,0.222302,0.0755395,-0.190713,-0.0828799,-0.0197038,0.995139,-0.02375,-0.0393011,0.0871154
21363719000,1.03069,0.221473,0.0753462,-0.191058,-0.0826719,-0.0189645,0.99514,-0.0230327,-0.0389466,0.0874558
21373719000,1.02878,0.220647,0.0751611,-0.191314,-0.0825096,-0.0180561,0.995142,-0.0223045,-0.0385926,0.0877841
21383719000,1.02687,0.219823,0.0749855,-0.19154,-0.0822799,-0.0170724,0.995145,-0.0215676,-0.0382262,0.0880942
21393719000,1.02495,0.219003,0.0748202,-0.191632,-0.081685,-0.0159721,0.995149,-0.0208334,-0.0378537,0.088387
21403719000,1.02304,0.21819,0.0746644,-0.191533,-0.0808915,-0.0151961,0.995153,-0.0201061,-0.037481,0.0886667
21413719000,1.02112,0.217386,0.074517,-0.191563,-0.0799908,-0.0142799,0.995158,-0.0193735,-0.0371098,0.0889302
21423719000,1.0192,0.216592,0.0743795,-0.191826,-0.0787473,-0.0132209,0.995164,-0.0186485,-0.0367413,0.089173
21433719000,1.01728,0.215811,0.0742531,-0.191995,-0.0776233,-0.0120521,0.99517,-0.0179385,-0.0363669,0.089398
21443719000,1.01536,0.215041,0.0741391,-0.192065,-0.0762929,-0.0107542,0.995178,-0.0172387,-0.0359904,0.0896024
21453719000,1.01344,0.214286,0.0740373,-0.192206,-0.0747046,-0.00961506,0.995186,-0.0165549,-0.0356159,0.0897929
21463719000,1.01152,0.213547,0.0739465,-0.192487,-0.0731686,-0.00854659,0.995195,-0.0158897,-0.035238,0.0899588
21473719000,1.01029,0.210968,0.0731487,-0.190174,-0.0784629,-0.0106205,0.995205,-0.0152517,-0.0348651,0.0901061
21483719000,1.00839,0.210191,0.0730488,-0.190596,-0.0767944,-0.00936056,0.995215,-0.0146464,-0.0344946,0.0902315
21493719000,1.00648,0.209432,0.0729621,-0.19125,-0.075025,-0.00796889,0.995226,-0.0140649,-0.034131,0.0903438
21503719000,1.00457,0.208691,0.0728888,-0.19161,-0.0730915,-0.00669588,0.995238,-0.0135221,-0.033772,0.0904327
21513719000,1.00265,0.207971,0.0728277,-0.191981,-0.0710132,-0.00552489,0.995251,-0.0130104,-0.0334077,0.0905012
21523719000,1.00073,0.207271,0.0727779,-0.192495,-0.0688476,-0.00443023,0.995265,-0.012527,-0.03305,0.090549
21533719000,0.998801,0.206594,0.0727396,-0.192811,-0.0667473,-0.00323917,0.995279,-0.0120752,-0.0326918,0.090578
21543719000,0.996871,0.205937,0.0727138,-0.193209,-0.0645375,-0.00192113,0.995295,-0.0116567,-0.0323429,0.0905831
21553719000,0.994936,0.205303,0.0727006,-0.193622,-0.0622738,-0.000710515,0.995312,-0.0112684,-0.0319972,0.0905664
21563719000,0.992997,0.20469,0.0726992,-0.194248,-0.0602925,0.000436015,0.995331,-0.0109072,-0.0316593,0.0905277
21573719000,0.990016,0.201492,0.0704415,-0.198577,-0.0675246,-0.00734477,0.99535,-0.0105804,-0.0313282,0.0904672
21583719000,0.988027,0.200828,0.0703732,-0.199227,-0.0651644,-0.00631676,0.995371,-0.0102807,-0.0310138,0.0903842
21593719000,0.985459,0.1983,0.068779,-0.201911,-0.0697159,-0.0113659,0.995392,-0.0100115,-0.0307179,0.0902776
21603719000,0.983437,0.197614,0.0686698,-0.202578,-0.067518,-0.0104709,0.995415,-0.00978019,-0.0304319,0.0901518
21613719000,0.981408,0.19695,0.0685691,-0.203253,-0.0653513,-0.009664,0.995438,-0.00958188,-0.0301563,0.0900108
21623719000,0.979371,0.196307,0.068477,-0.20408,-0.0632229,-0.0087578,0.995462,-0.00941803,-0.0298932,0.0898511
21633719000,0.977327,0.195685,0.0683934,-0.20487,-0.0611275,-0.00794936,0.995487,-0.00929373,-0.0296396,0.0896712
21643719000,0.975274,0.195083,0.068317,-0.205701,-0.0592704,-0.00733539,0.995513,-0.00920044,-0.0294012,0.089473
21653719000,0.973211,0.194499,0.068247,-0.206771,-0.0574293,-0.00666784,0.995539,-0.00914253,-0.029177,0.0892639
21663719000,0.971139,0.193935,0.0681835,-0.20758,-0.0555295,-0.00603927,0.995565,-0.0091229,-0.0289689,0.0890349
21673719000,0.968086,0.192914,0.0659522,-0.212292,-0.0555702,-0.0141394,0.995592,-0.00913208,-0.0287789,0.0887961
21683719000,0.965959,0.192366,0.0658123,-0.213269,-0.0539492,-0.0138529,0.99562,-0.00917007,-0.0286101,0.0885329
21693719000,0.963821,0.191834,0.0656757,-0.214292,-0.0524932,-0.013455,0.995648,-0.0092354,-0.028457,0.0882587
21703719000,0.961674,0.191317,0.0655425,-0.215091,-0.0510157,-0.0131919,0.995676,-0.00933118,-0.0283226,0.0879724
21713719000,0.959518,0.190814,0.0654106,-0.216147,-0.049591,-0.0131982,0.995704,-0.00944629,-0.0282117,0.0876796
21723719000,0.957352,0.190325,0.0652791,-0.217106,-0.0481651,-0.0130888,0.995733,-0.00958993,-0.0281113,0.0873743
21733719000,0.955175,0.189849,0.0651474,-0.21816,-0.0469412,-0.0132648,0.99576,-0.00975806,-0.0280325,0.0870641
21743719000,0.952988,0.189385,0.0650141,-0.219183,-0.0459773,-0.0133864,0.995788,-0.00994934,-0.0279771,0.0867395
21753719000,0.950792,0.18893,0.0648792,-0.220159,-0.045,-0.0136032,0.995817,-0.0101633,-0.027938,0.0864005
21763719000,0.948585,0.188483,0.0647413,-0.221191,-0.0442837,-0.0139585,0.995845,-0.0103864,-0.0279236,0.0860571
21773719000,0.946369,0.188044,0.064599,-0.222064,-0.0436173,-0.0145083,0.995873,-0.0106161,-0.0279335,0.0857021
21783719000,0.944144,0.18761,0.0644514,-0.222887,-0.0430885,-0.0150054,0.995901,-0.010858,-0.027962,0.085332
21793719000,0.941032,0.18932,0.0618313,-0.226919,-0.034833,-0.0247299,0.995928,-0.0111144,-0.0280176,0.0849622
21803719000,0.938282,0.190234,0.0601251,-0.229507,-0.0298192,-0.0306985,0.995955,-0.011382,-0.0280905,0.0845862
21813719000,0.935981,0.189938,0.0598136,-0.230575,-0.0294986,-0.0315965,0.995982,-0.0116503,-0.0281878,0.084203
21823719000,0.933671,0.189643,0.0594938,-0.231435,-0.0293394,-0.0323699,0.996008,-0.0119323,-0.0283112,0.0838158
21833719000,0.931352,0.189351,0.059165,-0.23234,-0.0291049,-0.0333927,0.996033,-0.0122163,-0.0284504,0.0834252
21843719000,0.929026,0.18906,0.0588261,-0.232912,-0.0290602,-0.0343726,0.996058,-0.0125092,-0.0286095,0.0830278
21853719000,0.926693,0.188769,0.0584773,-0.233658,-0.029157,-0.0353923,0.996082,-0.0128068,-0.0287829,0.0826304
21863719000,0.924354,0.188477,0.0581184,-0.234198,-0.0291971,-0.0363808,0.996106,-0.013107,-0.0289752,0.0822266
21873719000,0.92201,0.188184,0.0577495,-0.234583,-0.0294748,-0.0374135,0.99613,-0.0134166,-0.0291726,0.0818217
21883719000,0.919663,0.187888,0.0573702,-0.234926,-0.0297717,-0.0384345,0.996152,-0.013733,-0.0293827,0.0814169
21893719000,0.915699,0.188997,0.0556181,-0.241338,-0.0247751,-0.044755,0.996175,-0.0140381,-0.0296007,0.0810095
21903719000,0.913284,0.188748,0.0551651,-0.241547,-0.025215,-0.0458444,0.996197,-0.0143389,-0.0298332,0.0806011
21913719000,0.910868,0.188492,0.0547013,-0.241711,-0.0258863,-0.0469276,0.996218,-0.014641,-0.0300758,0.0801894
21923719000,0.90845,0.18823,0.0542256,-0.241755,-0.0266141,-0.0482065,0.996239,-0.0149416,-0.0303213,0.0797803
21933719000,0.906032,0.18796,0.0537376,-0.241874,-0.0273672,-0.0493834,0.99626,-0.0152331,-0.0305704,0.0793735
21943719000,0.903614,0.187682,0.0532382,-0.241813,-0.0281477,-0.0505083,0.99628,-0.0155207,-0.0308262,0.0789651
21953719000,0.901197,0.187397,0.0527272,-0.24167,-0.0289505,-0.0516814,0.996299,-0.015798,-0.0310793,0.0785637
21963719000,0.898781,0.187102,0.0522048,-0.241369,-0.0299107,-0.0528015,0.996318,-0.0160659,-0.031333,0.0781675
21973719000,0.89637,0.186798,0.0516714,-0.240918,-0.0308875,-0.053879,0.996337,-0.0163233,-0.0315756,0.0777754
21983719000,0.893964,0.186484,0.0511274,-0.240259,-0.032036,-0.0549302,0.996355,-0.0165795,-0.0318177,0.0773874
21993719000,0.891564,0.186157,0.0505735,-0.239719,-0.0332388,-0.0558405,0.996374,-0.0168227,-0.0320468,0.0769962
22003719000,0.889171,0.185819,0.0500107,-0.23898,-0.0344671,-0.0567281,0.996392,-0.0170573,-0.0322673,0.0766186
22013719000,0.883502,0.187307,0.0499901,-0.249918,-0.0290882,-0.0555691,0.996409,-0.0172785,-0.0324754,0.0762619
22023719000,0.881006,0.187009,0.0494303,-0.24923,-0.0304797,-0.0563876,0.996425,-0.0174977,-0.0326772,0.0759187
22033719000,0.876404,0.188013,0.0492879,-0.256094,-0.0270962,-0.0557426,0.99644,-0.0177088,-0.0328572,0.0755877
22043719000,0.873847,0.187734,0.0487268,-0.255326,-0.0286542,-0.056468,0.996455,-0.0178984,-0.0330316,0.0752698
22053719000,0.871297,0.18744,0.0481587,-0.254532,-0.0303054,-0.0571518,0.996469,-0.0180647,-0.0331863,0.0749753
22063719000,0.868756,0.187128,0.0475835,-0.25381,-0.0320981,-0.057886,0.996483,-0.0182206,-0.0333158,0.074698
22073719000,0.866221,0.186798,0.0470019,-0.253036,-0.0339089,-0.0584318,0.996496,-0.0183639,-0.033436,0.0744402
22083719000,0.863695,0.186451,0.0464155,-0.252189,-0.0354934,-0.0588558,0.996508,-0.0184835,-0.0335378,0.0741965
22093719000,0.861178,0.186087,0.0458246,-0.251314,-0.0371711,-0.0593268,0.99652,-0.0185915,-0.0336155,0.0739738
22103719000,0.858669,0.185706,0.0452298,-0.250443,-0.0390185,-0.059627,0.996531,-0.0186779,-0.0336764,0.0737722
22113719000,0.856168,0.185308,0.0446319,-0.249743,-0.040559,-0.059954,0.996542,-0.0187398,-0.033715,0.0735957
22123719000,0.85228,0.186715,0.0452872,-0.254108,-0.0355968,-0.0556526,0.996552,-0.0187819,-0.0337272,0.0734381
22133719000,0.849743,0.18635,0.0447293,-0.253355,-0.037341,-0.0559177,0.996561,-0.0188159,-0.0337261,0.0733119
22143719000,0.847212,0.185967,0.04417,-0.252666,-0.0392997,-0.0559568,0.99657,-0.0188351,-0.0336928,0.0732013
22153719000,0.84469,0.185565,0.0436103,-0.251762,-0.0411301,-0.055977,0.996578,-0.0188372,-0.0336351,0.0731155
22163719000,0.842176,0.185144,0.0430507,-0.250995,-0.0428758,-0.0559475,0.996586,-0.0188299,-0.0335478,0.0730564
22173719000,0.83967,0.184706,0.0424908,-0.250332,-0.0447469,-0.0560327,0.996592,-0.0188039,-0.0334296,0.0730245
22183719000,0.83717,0.184249,0.0419302,-0.249661,-0.0467312,-0.0560859,0.996598,-0.0187661,-0.0332877,0.073023
22193719000,0.834676,0.183772,0.061562,-0.249157,-0.0486951,-0.0470105,0.996603,-0.0187092,-0.0331157,0.0730523
22203719000,0.832186,0.183275,0.0610916,-0.24881,-0.05059,-0.0470617,0.996607,-0.0186387,-0.0329167,0.0731
22213719000,0.8297,0.182759,0.0606204,-0.248431,-0.0526596,-0.0471729,0.996611,-0.0185487,-0.0326959,0.0731679
22223719000,0.826876,0.184182,0.0609249,-0.249424,-0.0474872,-0.0432441,0.996615,-0.0184414,-0.0324472,0.0732563
22233719000,0.824161,0.184998,0.0609993,-0.249779,-0.0446775,-0.0407918,0.996618,-0.018314,-0.032176,0.0733635
22243719000,0.821664,0.184543,0.0605902,-0.249785,-0.0464798,-0.0410143,0.996621,-0.0181704,-0.0318803,0.073491
22253719000,0.819167,0.184069,0.060179,-0.249661,-0.0482431,-0.0412277,0.996623,-0.0180105,-0.0315603,0.0736417
22263719000,0.816671,0.183578,0.0597666,-0.249574,-0.0499232,-0.0412513,0.996624,-0.017826,-0.0312186,0.0738109
22273719000,0.814175,0.18307,0.0593535,-0.249621,-0.0516172,-0.0413815,0.996625,-0.0176222,-0.0308586,0.0739951
22283719000,0.811679,0.182547,0.0589382,-0.249578,-0.0529689,-0.0416674,0.996626,-0.0174061,-0.0304733,0.0741919
22293719000,0.809181,0.182011,0.05852,-0.249829,-0.0543576,-0.0419701,0.996626,-0.0171769,-0.0300733,0.0744058
22303719000,0.806683,0.18146,0.0580988,-0.249752,-0.0557539,-0.0422852,0.996626,-0.0169366,-0.029657,0.0746314
22313719000,0.804186,0.180897,0.0576737,-0.249738,-0.0569946,-0.0427252,0.996625,-0.0166871,-0.029213,0.0748733
22323719000,0.801687,0.180321,0.0572443,-0.249948,-0.0580681,-0.0431618,0.996624,-0.01643,-0.0287555,0.0751271
22333719000,0.798676,0.178856,0.0574165,-0.252121,-0.062273,-0.0406886,0.996621,-0.0161614,-0.0282854,0.0753976
22343719000,0.796155,0.178229,0.057008,-0.252147,-0.0631289,-0.0410266,0.996618,-0.0158857,-0.0278047,0.0756731
22353719000,0.793632,0.177594,0.0565961,-0.252585,-0.0639641,-0.0413398,0.996615,-0.0155985,-0.027317,0.075954
22363719000,0.791104,0.176951,0.0561805,-0.252988,-0.0646205,-0.0417806,0.996611,-0.0152968,-0.0268167,0.0762406
22373719000,0.788571,0.176302,0.0557606,-0.25348,-0.0650927,-0.042199,0.996607,-0.0149963,-0.0263177,0.0765297
22383719000,0.786033,0.175648,0.0553367,-0.254141,-0.0657018,-0.0425846,0.996603,-0.0146901,-0.0258191,0.0768167
22393719000,0.783489,0.174989,0.0549081,-0.254703,-0.0660704,-0.0431346,0.996598,-0.0143667,-0.0253258,0.0771077
22403719000,0.780938,0.174327,0.054475,-0.255426,-0.066444,-0.0434869,0.996592,-0.0140391,-0.0248438,0.0773956
22413719000,0.77838,0.173661,0.0540385,-0.256151,-0.0667168,-0.0438122,0.996586,-0.0137041,-0.0243657,0.0776853
22423719000,0.775815,0.172994,0.0535989,-0.256821,-0.06677,-0.0441039,0.996579,-0.0133685,-0.0238913,0.0779741
22433719000,0.771527,0.174247,0.0546626,-0.263802,-0.0597012,-0.0379241,0.996572,-0.0130203,-0.0234272,0.0782623
22443719000,0.767881,0.174808,0.0552386,-0.268233,-0.0554036,-0.0341538,0.996565,-0.0126697,-0.0229772,0.078546
22453719000,0.765195,0.174255,0.0548955,-0.269183,-0.0550966,-0.0344676,0.996557,-0.0123067,-0.0225478,0.0788274
22463719000,0.762498,0.173705,0.0545494,-0.270191,-0.0548932,-0.0347442,0.996549,-0.0119408,-0.0221313,0.0791039
22473719000,0.759792,0.173157,0.0542008,-0.271172,-0.0548365,-0.0349839,0.99654,-0.0115685,-0.0217391,0.0793771
22483719000,0.757074,0.17261,0.0538494,-0.27231,-0.0545476,-0.0352976,0.996531,-0.011195,-0.0213564,0.079654
22493719000,0.754346,0.172066,0.0534949,-0.273276,-0.0542256,-0.0355991,0.996521,-0.0108161,-0.0209946,0.0799273
22503719000,0.751607,0.171527,0.0531376,-0.274497,-0.0536691,-0.0358562,0.99651,-0.0104356,-0.0206519,0.0801984
22513719000,0.748857,0.170992,0.0527781,-0.27559,-0.0532789,-0.0360415,0.996498,-0.0100632,-0.0203386,0.0804728
22523719000,0.746094,0.170462,0.0524165,-0.276948,-0.0527937,-0.0362818,0.996486,-0.00970079,-0.0200454,0.0807435
22533719000,0.742712,0.169014,0.0534139,-0.280546,-0.0555693,-0.0308267,0.996474,-0.00934473,-0.0197739,0.0810074
22543719000,0.7399,0.168461,0.0531046,-0.28189,-0.0550182,-0.031042,0.99646,-0.00899877,-0.0195256,0.0812733
22553719000,0.737075,0.167915,0.0527923,-0.283103,-0.05417,-0.0314011,0.996446,-0.00866169,-0.0193063,0.0815383
22563719000,0.734239,0.167378,0.0524769,-0.284214,-0.0530801,-0.0316897,0.996431,-0.00833281,-0.0191095,0.081798
22573719000,0.73139,0.166853,0.0521586,-0.285476,-0.0520853,-0.0319748,0.996416,-0.00800868,-0.0189371,0.0820532
22583719000,0.72853,0.166337,0.0518382,-0.286566,-0.0511161,-0.0320997,0.9964,-0.00770216,-0.0187815,0.0823059
22593719000,0.725657,0.165832,0.0515165,-0.287932,-0.0497899,-0.0322333,0.996385,-0.0074051,-0.0186474,0.0825462
22603719000,0.722772,0.165341,0.0511937,-0.289083,-0.0485103,-0.0323293,0.99637,-0.00711835,-0.01854,0.0827774
22613719000,0.719875,0.164863,0.0508694,-0.290434,-0.0469973,-0.0325384,0.996356,-0.00684741,-0.0184463,0.0829897
22623719000,0.716964,0.164399,0.050543,-0.29165,-0.0457581,-0.0327443,0.996342,-0.00658724,-0.0183782,0.0831919
22633719000,0.714042,0.163949,0.0502154,-0.292873,-0.0443996,-0.0327613,0.996328,-0.00634179,-0.0183347,0.0833857
22643719000,0.711107,0.163512,0.0498882,-0.294156,-0.0430261,-0.0326867,0.996315,-0.0061172,-0.018304,0.0835645
22653719000,0.708158,0.163089,0.0495616,-0.295505,-0.0415595,-0.0326257,0.996303,-0.00591801,-0.0183086,0.0837262
22663719000,0.704718,0.161092,0.0510721,-0.298351,-0.0458086,-0.0256353,0.996291,-0.00573651,-0.018325,0.0838726
22673719000,0.701513,0.159605,0.051911,-0.300128,-0.0480026,-0.021431,0.996281,-0.0055825,-0.0183617,0.0840047
22683719000,0.698506,0.159133,0.0516967,-0.301246,-0.0464482,-0.0214147,0.996271,-0.00544962,-0.0184166,0.0841171
22693719000,0.69549,0.158675,0.0514835,-0.302129,-0.045023,-0.0212413,0.996261,-0.00534256,-0.0184767,0.0842212
22703719000,0.692463,0.158232,0.051272,-0.303099,-0.0437152,-0.0210572,0.996253,-0.00526648,-0.018554,0.0843037
22713719000,0.689427,0.157801,0.0510617,-0.304094,-0.0424806,-0.020996,0.996247,-0.0052221,-0.0186413,0.0843684
22723719000,0.686384,0.157381,0.0508533,-0.304692,-0.041504,-0.0206812,0.99624,-0.00520414,-0.0187453,0.0844199
22733719000,0.683333,0.156971,0.0506479,-0.305316,-0.0404094,-0.0203938,0.996235,-0.00521159,-0.0188571,0.0844547
22743719000,0.680278,0.156572,0.050446,-0.305795,-0.0394094,-0.0199933,0.996231,-0.00524045,-0.0189751,0.084472
22753719000,0.677217,0.156182,0.0502488,-0.306415,-0.0386231,-0.0194435,0.996228,-0.00529242,-0.0191056,0.0844758
22763719000,0.674151,0.155799,0.0500573,-0.306865,-0.037886,-0.018852,0.996226,-0.00535861,-0.0192393,0.0844662
22773719000,0.669659,0.157346,0.0504532,-0.312541,-0.0304236,-0.0160885,0.996225,-0.005436,-0.0193739,0.08444
22783719000,0.666531,0.157044,0.0502959,-0.313077,-0.0299665,-0.0153755,0.996225,-0.00553739,-0.0195152,0.0844038
22793719000,0.663399,0.156746,0.0501464,-0.313236,-0.0296949,-0.0145186,0.996226,-0.00565375,-0.0196607,0.0843575
22803719000,0.660266,0.156449,0.0500059,-0.313455,-0.0296398,-0.0135807,0.996227,-0.00578258,-0.0198027,0.084299
22813719000,0.65713,0.156152,0.0498735,-0.313717,-0.0298712,-0.0129083,0.996229,-0.0059179,-0.0199438,0.0842285
22823719000,0.653992,0.155853,0.0497485,-0.313882,-0.029963,-0.0121,0.996232,-0.00605707,-0.0200829,0.0841523
22833719000,0.650853,0.155552,0.0496317,-0.314003,-0.0301448,-0.0112492,0.996235,-0.00619674,-0.0202203,0.0840699
22843719000,0.647713,0.155249,0.0495242,-0.313939,-0.0304529,-0.0102535,0.99624,-0.00633451,-0.0203513,0.0839777
22853719000,0.644575,0.154943,0.049426,-0.313729,-0.0307758,-0.00937816,0.996245,-0.00646973,-0.0204759,0.0838771
22863719000,0.641437,0.154633,0.0493376,-0.313738,-0.0312378,-0.00830692,0.99625,-0.00661513,-0.0205882,0.0837708
22873719000,0.635765,0.155462,0.0490427,-0.322703,-0.0277836,-0.00816194,0.996257,-0.00675597,-0.0206953,0.0836576
22883719000,0.632538,0.155181,0.0489668,-0.322568,-0.0283866,-0.00703219,0.996264,-0.00690045,-0.0207835,0.0835384
22893719000,0.627714,0.155694,0.0486361,-0.327995,-0.0262722,-0.0067134,0.996271,-0.00703574,-0.0208674,0.0834193
22903719000,0.624436,0.155427,0.048575,-0.327634,-0.0272192,-0.00549729,0.996279,-0.00716318,-0.0209344,0.0832982
22913719000,0.621162,0.155151,0.0485266,-0.327234,-0.0280386,-0.00419716,0.996287,-0.00728144,-0.0209888,0.0831765
22923719000,0.617892,0.154865,0.0484915,-0.326765,-0.0290358,-0.00282487,0.996296,-0.00739635,-0.0210299,0.083055
22933719000,0.614627,0.15457,0.0484692,-0.326223,-0.0300047,-0.0016231,0.996304,-0.00750859,-0.021061,0.0829418
22943719000,0.611367,0.154264,0.0484594,-0.3258,-0.0312662,-0.000338188,0.996311,-0.00760324,-0.0210727,0.0828344
22953719000,0.608112,0.153945,0.0484616,-0.325148,-0.032469,0.000783824,0.996319,-0.00768904,-0.0210716,0.0827327
22963719000,0.604864,0.153613,0.0484757,-0.324437,-0.0339438,0.00203552,0.996327,-0.0077619,-0.0210505,0.0826348
22973719000,0.599496,0.154967,0.0470177,-0.331321,-0.0293454,-0.00227234,0.996335,-0.00781164,-0.0210137,0.0825424
22983719000,0.596187,0.154665,0.0470007,-0.330322,-0.0309942,-0.0011225,0.996343,-0.00785581,-0.0209615,0.0824616
22993719000,0.592889,0.154346,0.0469952,-0.329278,-0.0327953,1.86496e-05,0.996349,-0.00788872,-0.0208973,0.0823942
23003719000,0.589603,0.15401,0.0470014,-0.328083,-0.0344694,0.00123059,0.996356,-0.00790746,-0.020809,0.0823393
23013719000,0.586328,0.153656,0.0470201,-0.326808,-0.0362984,0.00250309,0.996361,-0.00792382,-0.0207041,0.0822946
23023719000,0.583068,0.153284,0.0470519,-0.325285,-0.0380714,0.00384745,0.996367,-0.00792771,-0.0205792,0.0822583
23033719000,0.579823,0.152893,0.0470968,-0.32368,-0.0400526,0.00513433,0.996372,-0.00791913,-0.0204303,0.0822311
23043719000,0.576594,0.152483,0.0471549,-0.321987,-0.0420628,0.00649572,0.996377,-0.00790296,-0.0202618,0.0822164
23053719000,0.573383,0.152052,0.0472263,-0.320311,-0.0441185,0.00777883,0.996382,-0.00787416,-0.0200715,0.0822123
23063719000,0.570188,0.151601,0.0473097,-0.318617,-0.0461555,0.00890989,0.996385,-0.00783663,-0.0198708,0.0822248
23073719000,0.564938,0.151649,0.0443401,-0.32435,-0.0463742,-0.00111405,0.996387,-0.0077886,-0.0196463,0.0822529
23083719000,0.561705,0.151176,0.0443348,-0.322401,-0.0482226,6.24187e-05,0.99639,-0.00772392,-0.0194053,0.0822885
23093719000,0.556953,0.151241,0.0422724,-0.326096,-0.0482699,-0.00630852,0.996392,-0.00764592,-0.0191471,0.0823317
23103719000,0.553703,0.15075,0.042214,-0.323956,-0.0501044,-0.00538414,0.996393,-0.00756148,-0.0188725,0.0823843
23113719000,0.550474,0.150239,0.0421648,-0.321762,-0.0519409,-0.00445555,0.996394,-0.00746831,-0.0185922,0.082444
23123719000,0.547268,0.149711,0.0421256,-0.319524,-0.0537106,-0.00337191,0.996395,-0.00735317,-0.0183013,0.0825095
23133719000,0.544085,0.149166,0.0420961,-0.317077,-0.0552799,-0.0025347,0.996395,-0.00722634,-0.0180011,0.0825819
23143719000,0.540926,0.148606,0.042075,-0.314786,-0.0567825,-0.00167877,0.996396,-0.00708547,-0.0176857,0.0826601
23153719000,0.53779,0.14803,0.0420631,-0.312235,-0.05837,-0.00071319,0.996396,-0.00693573,-0.0173551,0.0827408
23163719000,0.534679,0.147439,0.0420596,-0.310027,-0.0599017,9.33212e-06,0.996396,-0.00676967,-0.0170156,0.0828261
23173719000,0.53159,0.146833,0.0420637,-0.307694,-0.0613369,0.000826577,0.996395,-0.00659001,-0.0166765,0.0829168
23183719000,0.527298,0.147352,0.0394354,-0.309895,-0.0583485,-0.00818577,0.996395,-0.00639976,-0.0163299,0.0830077
23193719000,0.524212,0.146761,0.0600381,-0.307498,-0.0597424,9.58249e-06,0.996393,-0.00619794,-0.0159805,0.0831064
23203719000,0.521149,0.146157,0.0600405,-0.305136,-0.0610177,0.000469917,0.996392,-0.00597653,-0.0156278,0.0832077
23213719000,0.518111,0.14554,0.0600478,-0.30253,-0.0623698,0.000991711,0.99639,-0.00574858,-0.015268,0.0833095
23223719000,0.515097,0.14491,0.0600594,-0.300234,-0.0636169,0.0013322,0.996388,-0.00551061,-0.0149026,0.0834183
23233719000,0.512107,0.14427,0.0600753,-0.29775,-0.0644872,0.00184619,0.996386,-0.0052613,-0.0145365,0.0835261
23243719000,0.509142,0.143621,0.0600957,-0.295233,-0.0654049,0.00222666,0.996383,-0.00501024,-0.0141714,0.0836376
23253719000,0.506202,0.142962,0.0601188,-0.292827,-0.0662513,0.00239123,0.996379,-0.00475069,-0.0138067,0.0837578
23263719000,0.503285,0.142296,0.0601439,-0.290496,-0.0669652,0.0026391,0.996376,-0.00448136,-0.0134335,0.0838737
23273719000,0.500392,0.141624,0.0601704,-0.288166,-0.0674492,0.00265387,0.996372,-0.00420512,-0.0130624,0.083989
23283719000,0.497521,0.140948,0.0601969,-0.286008,-0.067895,0.00264388,0.996369,-0.00392688,-0.0126921,0.0840962
23293719000,0.491888,0.142072,0.0578812,-0.293847,-0.0615809,-0.00904471,0.996366,-0.00364017,-0.0123204,0.0841985
23303719000,0.487139,0.142562,0.0563544,-0.297982,-0.0576327,-0.016068,0.996364,-0.00336137,-0.0119573,0.0842914
23313719000,0.48417,0.141985,0.0561933,-0.295847,-0.0576801,-0.0161418,0.996362,-0.00308385,-0.0115945,0.0843786
23323719000,0.481223,0.141409,0.0560315,-0.293611,-0.0575772,-0.016233,0.996359,-0.00280643,-0.0112343,0.0844618
23333719000,0.478297,0.140834,0.0558676,-0.291639,-0.0573385,-0.0165435,0.996358,-0.00253282,-0.0108739,0.0845368
23343719000,0.475391,0.140262,0.0557005,-0.289611,-0.0571185,-0.01688,0.996357,-0.00226791,-0.0105044,0.0846047
23353719000,0.472505,0.139692,0.0555314,-0.287575,-0.0568953,-0.0169388,0.996356,-0.00201382,-0.0101404,0.0846649
23363719000,0.469638,0.139125,0.0553607,-0.285762,-0.056478,-0.0172007,0.996355,-0.00177572,-0.00977405,0.0847181
23373719000,0.46679,0.138563,0.0551879,-0.283794,-0.0560028,-0.0173499,0.996356,-0.00154842,-0.00940444,0.0847618
23383719000,0.46396,0.138005,0.0550137,-0.282186,-0.0555085,-0.0175017,0.996357,-0.00133106,-0.00902663,0.0847954
23393719000,0.459036,0.136717,0.0539303,-0.28857,-0.0579242,-0.0217975,0.996358,-0.00113586,-0.00864885,0.0848258
23403719000,0.456158,0.136139,0.0537121,-0.28708,-0.0575583,-0.0218422,0.996359,-0.000952778,-0.00828125,0.0848487
23413719000,0.453294,0.135567,0.0534924,-0.285747,-0.056982,-0.0221011,0.996361,-0.00077759,-0.00790417,0.0848682
23423719000,0.450444,0.134999,0.0532706,-0.284147,-0.0565259,-0.0222612,0.996362,-0.000617204,-0.00752899,0.0848821
23433719000,0.447609,0.134436,0.0530468,-0.282805,-0.0561426,-0.0224938,0.996365,-0.000471877,-0.00715877,0.0848845
23443719000,0.444786,0.133877,0.0528214,-0.281836,-0.0557133,-0.022588,0.996368,-0.000337953,-0.00678118,0.0848779
23453719000,0.441973,0.133321,0.0525942,-0.280709,-0.0554597,-0.0228529,0.996371,-0.000222193,-0.00641203,0.0848703
23463719000,0.439171,0.132767,0.0523646,-0.279684,-0.0551856,-0.023064,0.996375,-0.000124384,-0.00604114,0.0848544
23473719000,0.43638,0.132218,0.0521333,-0.278524,-0.0547661,-0.0232075,0.996379,-4.50634e-05,-0.00566931,0.0848313
23483719000,0.4336,0.131672,0.0519004,-0.27752,-0.0544227,-0.0233714,0.996383,3.27012e-05,-0.00530294,0.084808
23493719000,0.430829,0.131129,0.0516652,-0.276672,-0.0540567,-0.0236546,0.996387,9.82227e-05,-0.00493687,0.0847809
23503719000,0.428066,0.13059,0.0514273,-0.27601,-0.0538822,-0.023944,0.996392,0.000150612,-0.0045735,0.0847514
23513719000,0.425308,0.130053,0.0511864,-0.275407,-0.0534924,-0.024227,0.996396,0.000194764,-0.00421268,0.0847176
23523719000,0.421457,0.129355,0.0503937,-0.278861,-0.054057,-0.0268192,0.996401,0.000232311,-0.00385048,0.0846786
23533719000,0.417989,0.128719,0.049829,-0.280567,-0.0541844,-0.0283529,0.996405,0.000261951,-0.00349512,0.0846419
23543719000,0.415186,0.128178,0.0495427,-0.28007,-0.0540091,-0.0288955,0.996409,0.000276826,-0.00313812,0.0846101
23553719000,0.412388,0.127639,0.0492503,-0.279714,-0.0537522,-0.0296021,0.996412,0.000280023,-0.00278938,0.0845839
23563719000,0.409593,0.127104,0.0489509,-0.279245,-0.0534068,-0.0302601,0.996415,0.000266252,-0.00244794,0.0845619
23573719000,0.406802,0.126571,0.0486453,-0.278897,-0.0530939,-0.030869,0.996418,0.000242389,-0.00210492,0.08454
23583719000,0.404016,0.126041,0.0483324,-0.278411,-0.0529056,-0.0317129,0.99642,0.000205074,-0.00176763,0.0845231
23593719000,0.401233,0.125511,0.0480112,-0.278144,-0.0531059,-0.0325165,0.996421,0.000155125,-0.00142307,0.0845137
23603719000,0.398453,0.12498,0.0476817,-0.277773,-0.0530796,-0.0333958,0.996422,9.43533e-05,-0.00109146,0.08451
23613719000,0.395677,0.124448,0.0473436,-0.27754,-0.0532845,-0.0342132,0.996422,3.00914e-05,-0.000768801,0.084514
23623719000,0.39389,0.123599,0.0475521,-0.273596,-0.0547358,-0.033053,0.996421,-4.5792e-05,-0.000457811,0.0845235
23633719000,0.391155,0.12305,0.0472165,-0.273485,-0.0550656,-0.0340625,0.99642,-0.000133227,-0.000154798,0.0845406
23643719000,0.38842,0.122499,0.0468703,-0.27351,-0.0552932,-0.0351771,0.996418,-0.000219182,0.000126878,0.0845697
23653719000,0.385686,0.121945,0.0465127,-0.27332,-0.0554818,-0.0363358,0.996415,-0.000309826,0.000389834,0.0846025
23663719000,0.382952,0.121388,0.0461425,-0.273444,-0.0558547,-0.0376998,0.996411,-0.00040705,0.00063892,0.0846412
23673719000,0.380218,0.120827,0.0457595,-0.27344,-0.0562799,-0.0389188,0.996407,-0.000512114,0.000860916,0.0846867
23683719000,0.377484,0.120263,0.0453634,-0.273258,-0.0565884,-0.0402966,0.996402,-0.00062195,0.00107579,0.084745
23693719000,0.374753,0.119695,0.044953,-0.273078,-0.0570749,-0.0417748,0.996396,-0.000733211,0.00127465,0.0848096
23703719000,0.372023,0.119122,0.044528,-0.272913,-0.0574001,-0.043234,0.996389,-0.000847075,0.00145753,0.0848878
23713719000,0.369294,0.118545,0.0440877,-0.272858,-0.0580398,-0.0448264,0.996381,-0.000975373,0.00162027,0.0849728
23723719000,0.366567,0.117962,0.0436315,-0.272593,-0.0585225,-0.0464096,0.996373,-0.00111215,0.00176463,0.0850687
23733719000,0.363434,0.11773,0.045135,-0.273641,-0.057881,-0.0405828,0.996363,-0.00125871,0.00188679,0.0851809
23743719000,0.360699,0.117148,0.0447212,-0.273341,-0.0585651,-0.0421717,0.996352,-0.00141717,0.00199761,0.0852982
23753719000,0.357671,0.116852,0.0457203,-0.274064,-0.0581991,-0.0384045,0.996342,-0.00157663,0.00208433,0.0854212
23763719000,0.354934,0.116266,0.0453277,-0.273403,-0.0588648,-0.0401139,0.99633,-0.00175262,0.00214954,0.0855491
23773719000,0.352203,0.115673,0.0449186,-0.272821,-0.0598073,-0.0417028,0.996319,-0.00192071,0.00218279,0.0856751
23783719000,0.349478,0.115071,0.0444926,-0.272172,-0.0606676,-0.043495,0.996308,-0.00208563,0.00220956,0.0858011
23793719000,0.34676,0.114459,0.044049,-0.271277,-0.0616151,-0.0452352,0.996297,-0.00224726,0.00221455,0.0859234
23803719000,0.344052,0.113838,0.0435884,-0.270306,-0.0626118,-0.0468787,0.996285,-0.00239944,0.00218752,0.0860542
23813719000,0.341354,0.113206,0.0431113,-0.269392,-0.0637313,-0.048537,0.996274,-0.00254503,0.00215036,0.0861841
23823719000,0.338666,0.112563,0.0426172,-0.268308,-0.0650515,-0.05029,0.996263,-0.00267858,0.00209436,0.0863086
23833719000,0.334263,0.113169,0.0450711,-0.273286,-0.061639,-0.0407637,0.996251,-0.00279906,0.00201918,0.0864372
23843719000,0.331537,0.112546,0.044655,-0.271963,-0.0630176,-0.04245,0.99624,-0.00290998,0.00192655,0.0865625
23853719000,0.328824,0.111909,0.0442215,-0.270633,-0.0644715,-0.0442555,0.996229,-0.00300891,0.00181213,0.0866901
23863719000,0.326125,0.111257,0.0437709,-0.269058,-0.065888,-0.0458616,0.996219,-0.00309172,0.00167629,0.08681
23873719000,0.323442,0.110592,0.0433036,-0.267502,-0.0671517,-0.0475965,0.996208,-0.00315628,0.00152169,0.086931
23883719000,0.320775,0.109914,0.0428195,-0.265917,-0.0684745,-0.0492341,0.996198,-0.00320037,0.00134868,0.0870538
23893719000,0.318125,0.109222,0.0423191,-0.264101,-0.069837,-0.0508362,0.996187,-0.00323631,0.00116346,0.0871736
23903719000,0.315494,0.108517,0.0418012,-0.26215,-0.0711599,-0.0527453,0.996177,-0.00325819,0.000956337,0.0872917
23913719000,0.312882,0.1078,0.0412654,-0.260325,-0.0723533,-0.0544131,0.996167,-0.00326569,0.000730623,0.0874022
23923719000,0.310289,0.107069,0.0407128,-0.258264,-0.0737396,-0.0561046,0.996158,-0.00326731,0.000497376,0.0875169
23933719000,0.305799,0.107737,0.045044,-0.263174,-0.0697814,-0.0396116,0.996148,-0.00325454,0.000255924,0.0876299
23943719000,0.303176,0.107033,0.0446407,-0.261365,-0.0710569,-0.0410378,0.996138,-0.00323534,-2.56068e-06,0.0877448
23953719000,0.299131,0.107347,0.0474992,-0.26445,-0.0684108,-0.0303001,0.996128,-0.00320467,-0.000269551,0.0878559
23963719000,0.296497,0.106657,0.0471901,-0.262208,-0.0694966,-0.0315047,0.996118,-0.00316161,-0.000544331,0.0879644
23973719000,0.293887,0.105958,0.0468685,-0.259855,-0.070358,-0.0328167,0.996108,-0.00311433,-0.000825585,0.0880826
23983719000,0.291299,0.10525,0.0465344,-0.257666,-0.0712358,-0.0340086,0.996097,-0.00306164,-0.00110731,0.088205
23993719000,0.288733,0.104532,0.0461883,-0.255571,-0.0723012,-0.0352035,0.996086,-0.003005,-0.0013925,0.0883233
24003719000,0.286189,0.103806,0.0458317,-0.253283,-0.0729745,-0.0361279,0.996076,-0.00293853,-0.00168124,0.0884413
24013719000,0.283667,0.103074,0.0454663,-0.251124,-0.0734896,-0.0369477,0.996065,-0.00286122,-0.00197232,0.0885576
24023719000,0.281166,0.102336,0.0450916,-0.248944,-0.0740315,-0.0379949,0.996054,-0.00277294,-0.00226605,0.0886731
24033719000,0.278689,0.101593,0.0447072,-0.2465,-0.0745065,-0.0388795,0.996044,-0.00267595,-0.00257005,0.0887882
24043719000,0.276237,0.100847,0.0443136,-0.244069,-0.0748312,-0.0398463,0.996033,-0.00256154,-0.0028765,0.0889059
24053719000,0.273808,0.100098,0.0439116,-0.24171,-0.0749168,-0.0405471,0.996021,-0.00244001,-0.00318439,0.089028
24063719000,0.269811,0.10006,0.0484474,-0.245154,-0.072352,-0.0227584,0.996009,-0.00231211,-0.00349059,0.0891502
24073719000,0.267371,0.0993368,0.0482166,-0.242716,-0.072217,-0.0233968,0.995997,-0.00218025,-0.00378658,0.0892758
24083719000,0.264957,0.0986162,0.0479797,-0.240133,-0.0719045,-0.023991,0.995985,-0.00205295,-0.00407262,0.0894006
24093719000,0.262568,0.097899,0.0477372,-0.237547,-0.0715327,-0.0245056,0.995973,-0.00193677,-0.00435218,0.0895292
24103719000,0.260205,0.0971858,0.0474905,-0.235044,-0.0711174,-0.0248415,0.99596,-0.00182914,-0.00463031,0.0896589
24113719000,0.257868,0.096477,0.0472412,-0.232391,-0.0706356,-0.0250228,0.995948,-0.00173801,-0.00488218,0.0897859
24123719000,0.255556,0.0957717,0.046989,-0.230046,-0.0704315,-0.0254062,0.995934,-0.00166515,-0.00511971,0.0899194
24133719000,0.253268,0.0950698,0.046734,-0.227676,-0.0699563,-0.0255987,0.995921,-0.00161206,-0.0053472,0.0900539
24143719000,0.251002,0.0943717,0.0464775,-0.225459,-0.0696638,-0.0256928,0.995908,-0.00158134,-0.00555176,0.0901916
24153719000,0.248759,0.0936766,0.0462206,-0.223229,-0.0693576,-0.0256978,0.995893,-0.00156669,-0.00572984,0.0903382
24163719000,0.244672,0.0932081,0.0504781,-0.227584,-0.0681239,-0.00940757,0.995878,-0.00156671,-0.00588806,0.0904958
24173719000,0.241139,0.0926334,0.053112,-0.229988,-0.0673826,0.000635205,0.995862,-0.00158804,-0.00603436,0.0906637
24183719000,0.23885,0.0919613,0.0531197,-0.227904,-0.0670416,0.000911999,0.995845,-0.00162342,-0.00617185,0.0908382
24193719000,0.23658,0.0912933,0.0531304,-0.225987,-0.066573,0.00121569,0.995828,-0.00167942,-0.00628995,0.0910227
24203719000,0.23433,0.0906311,0.0531446,-0.224093,-0.065856,0.0016228,0.995809,-0.00174511,-0.00639766,0.0912172
24213719000,0.232098,0.0899761,0.0531627,-0.22219,-0.0651425,0.00201411,0.995789,-0.00180784,-0.00649465,0.0914217
24223719000,0.229886,0.0893298,0.0531856,-0.220212,-0.0641204,0.0025628,0.99577,-0.00188131,-0.00658305,0.091629
24233719000,0.227694,0.0886933,0.0532126,-0.218322,-0.0631712,0.00283836,0.99575,-0.00196349,-0.00665861,0.0918399
24243719000,0.225519,0.0880682,0.0532441,-0.216568,-0.0618483,0.00345933,0.995729,-0.00205413,-0.00672277,0.0920557
24253719000,0.223363,0.0874568,0.0532824,-0.214692,-0.0604307,0.00418997,0.995709,-0.00215963,-0.00677974,0.0922662
24263719000,0.221225,0.0868599,0.0533274,-0.212905,-0.0589505,0.00481944,0.995689,-0.00228218,-0.00683037,0.0924742
24273719000,0.21782,0.0843517,0.0558325,-0.215798,-0.064348,0.0144066,0.995669,-0.00241561,-0.00686719,0.0926804
24283719000,0.21567,0.0837172,0.0559802,-0.214185,-0.0625779,0.0151412,0.99565,-0.00256886,-0.0069034,0.0928854
24293719000,0.213537,0.0830998,0.0704351,-0.21247,-0.0609117,0.0212795,0.99563,-0.00273864,-0.00693511,0.0930833
24303719000,0.21142,0.0824987,0.0706531,-0.210757,-0.0593118,0.0223113,0.995611,-0.00293057,-0.00696235,0.0932776
24313719000,0.20932,0.0819133,0.0708817,-0.20925,-0.0577611,0.0234181,0.995593,-0.00313569,-0.00698793,0.0934666
24323719000,0.207236,0.0813437,0.0711211,-0.207557,-0.0561608,0.0244453,0.995574,-0.00336187,-0.00701347,0.0936567
24333719000,0.20517,0.0807895,0.0713711,-0.205777,-0.0546684,0.0255697,0.995556,-0.00360538,-0.00703404,0.0938406
24343719000,0.20312,0.0802517,0.0716322,-0.204095,-0.0528809,0.0266424,0.995537,-0.00385715,-0.00704476,0.0940271
24353719000,0.201089,0.079731,0.0719049,-0.202226,-0.0512506,0.027901,0.99552,-0.00411702,-0.00704824,0.0942024
24363719000,0.199075,0.0792261,0.0721903,-0.200469,-0.049721,0.0291787,0.995503,-0.00438597,-0.0070485,0.0943698
24373719000,0.197079,0.0787373,0.0724877,-0.198793,-0.0480392,0.0302999,0.995487,-0.00466213,-0.00705003,0.0945257
24383719000,0.195101,0.0782656,0.072797,-0.196807,-0.0462956,0.0315617,0.995472,-0.00493939,-0.00704628,0.0946697
24393719000,0.189696,0.0762368,0.0734042,-0.207403,-0.050133,0.0339886,0.995458,-0.0052197,-0.00704684,0.0948017
24403719000,0.187631,0.0757434,0.0737501,-0.205496,-0.0486203,0.0351818,0.995445,-0.00550547,-0.00705045,0.0949162
24413719000,0.183253,0.0740903,0.0741893,-0.212141,-0.0513389,0.0368512,0.995434,-0.00579642,-0.00704662,0.0950156
24423719000,0.181141,0.0735854,0.0745641,-0.210276,-0.049713,0.038113,0.995424,-0.00608636,-0.0070522,0.0950973
24433719000,0.179047,0.0730953,0.0749511,-0.208425,-0.0483239,0.0392945,0.995416,-0.00637074,-0.0070611,0.0951607
24443719000,0.176973,0.0726199,0.0753503,-0.20646,-0.0467635,0.0405385,0.99541,-0.00665561,-0.0070684,0.0952057
24453719000,0.174917,0.072159,0.0757622,-0.204709,-0.0454058,0.0418515,0.995406,-0.00693025,-0.00708309,0.0952343
24463719000,0.17288,0.0717122,0.0761868,-0.202775,-0.0439573,0.0430591,0.995402,-0.00719925,-0.00710878,0.0952513
24473719000,0.170862,0.0712796,0.0766234,-0.200743,-0.0425651,0.0442706,0.9954,-0.00746528,-0.00713993,0.0952466
24483719000,0.168864,0.0708609,0.077072,-0.198894,-0.0411613,0.0454425,0.9954,-0.00771141,-0.00717828,0.0952242
24493719000,0.16653,0.0709803,0.0766427,-0.19844,-0.0379359,0.042628,0.995402,-0.00795014,-0.00721136,0.0951842
24503719000,0.164556,0.0706081,0.0770745,-0.196432,-0.0365471,0.0437253,0.995405,-0.00818807,-0.00725313,0.0951315
24513719000,0.1626,0.0702501,0.0775166,-0.194654,-0.0350743,0.0446979,0.995409,-0.00842916,-0.00730567,0.0950592
24523719000,0.160663,0.069906,0.0779679,-0.192754,-0.0337293,0.0455541,0.995416,-0.00866239,-0.00736835,0.0949654
24533719000,0.158745,0.0695755,0.0784283,-0.190881,-0.0323853,0.0465308,0.995424,-0.00889684,-0.00743177,0.0948557
24543719000,0.156846,0.0692586,0.0788985,-0.188962,-0.0309715,0.0475095,0.995433,-0.00913001,-0.0075076,0.0947277
24553719000,0.154965,0.0689545,0.0793783,-0.187112,-0.0298445,0.0484542,0.995445,-0.00936131,-0.00758485,0.0945734
24563719000,0.153103,0.0686628,0.0798672,-0.185296,-0.0285067,0.0493255,0.995459,-0.00957754,-0.00767408,0.0944018
24573719000,0.15126,0.0683835,0.0803645,-0.183441,-0.0273354,0.0501383,0.995473,-0.00979331,-0.00776825,0.0942146
24583719000,0.149435,0.0681149,0.0808704,-0.181604,-0.0263773,0.0510332,0.995489,-0.0100067,-0.00787781,0.0940137
24593719000,0.147628,0.0678564,0.0813841,-0.17975,-0.0253188,0.0517051,0.995507,-0.0102134,-0.00799979,0.0937989
24603719000,0.143798,0.0689177,0.0794079,-0.185382,-0.0195576,0.0421624,0.995525,-0.0104087,-0.0081265,0.0935742
24613719000,0.140616,0.0694639,0.0782703,-0.188448,-0.0158636,0.0364698,0.995544,-0.0105999,-0.00825795,0.0933405
24623719000,0.138739,0.0693107,0.0786373,-0.186824,-0.0148343,0.0369209,0.995563,-0.0107836,-0.00840134,0.0930996
24633719000,0.136879,0.0691669,0.0790099,-0.185172,-0.0139421,0.0376057,0.995583,-0.010962,-0.00854964,0.0928505
24643719000,0.135035,0.069032,0.0793877,-0.183653,-0.0130327,0.0379501,0.995603,-0.0111504,-0.00870391,0.0925981
24653719000,0.133205,0.0689067,0.0797687,-0.182298,-0.0120204,0.0382584,0.995623,-0.0113439,-0.00886078,0.0923427
24663719000,0.131389,0.0687903,0.080152,-0.181,-0.0112536,0.0383907,0.995644,-0.0115419,-0.00901648,0.0920787
24673719000,0.129585,0.0686822,0.0805375,-0.179729,-0.0103689,0.0387188,0.995665,-0.0117404,-0.009171,0.0918106
24683719000,0.127795,0.0685817,0.0809262,-0.178292,-0.0097327,0.0390081,0.995686,-0.0119477,-0.00933141,0.0915452
24693719000,0.126018,0.0684871,0.0813174,-0.177161,-0.00917655,0.0392351,0.995706,-0.0121578,-0.00949813,0.0912791
24703719000,0.123196,0.0687693,0.0794627,-0.179966,-0.00691097,0.030337,0.995725,-0.0123869,-0.00966566,0.0910164
24713719000,0.121402,0.0687042,0.0797665,-0.178942,-0.00614652,0.0304182,0.995745,-0.0126314,-0.00983752,0.0907518
24723719000,0.119616,0.0686469,0.0800709,-0.178088,-0.0053404,0.0304543,0.995764,-0.0128879,-0.0100116,0.090489
24733719000,0.117841,0.0685966,0.0803755,-0.177006,-0.00471461,0.0304825,0.995782,-0.013156,-0.0101939,0.0902269
24743719000,0.116076,0.0685531,0.0806806,-0.176055,-0.00397528,0.0305374,0.9958,-0.0134349,-0.0103719,0.0899688
24753719000,0.114319,0.068517,0.0809858,-0.175368,-0.00325462,0.0305039,0.995817,-0.0137364,-0.0105491,0.0897137
24763719000,0.112569,0.0684874,0.0812913,-0.174543,-0.00265857,0.0305832,0.995833,-0.0140545,-0.010734,0.0894625
24773719000,0.110827,0.0684649,0.0815972,-0.173792,-0.00181998,0.030593,0.995849,-0.0143903,-0.0109126,0.0892135
24783719000,0.109095,0.0684507,0.0819041,-0.172774,-0.00101092,0.0307885,0.995864,-0.0147306,-0.0110836,0.0889652
24793719000,0.107372,0.0684442,0.0822122,-0.171741,-0.000280633,0.0308477,0.995879,-0.0150801,-0.011241,0.0887146
24803719000,0.10555,0.0687568,0.0802194,-0.171299,0.00167,0.0219283,0.995894,-0.015438,-0.0114031,0.0884744
24813719000,0.103842,0.0687774,0.0804382,-0.170245,0.00236312,0.021837,0.995908,-0.0158081,-0.0115556,0.0882294
24823719000,0.101965,0.0689236,0.0791925,-0.169989,0.00360399,0.0162638,0.995921,-0.016192,-0.0117114,0.0879863
24833719000,0.100269,0.0689637,0.0793554,-0.169286,0.0043374,0.0163185,0.995935,-0.0165929,-0.0118679,0.0877383
24843719000,0.0985812,0.0690101,0.0795187,-0.168221,0.00491858,0.0163472,0.995947,-0.0170039,-0.0120088,0.0874944
24853719000,0.0969039,0.0690623,0.0796821,-0.167238,0.00551413,0.0163315,0.99596,-0.0174276,-0.0121453,0.0872532
24863719000,0.0952364,0.0691201,0.0798451,-0.166265,0.00606345,0.0162513,0.995972,-0.0178594,-0.0122799,0.0870105
24873719000,0.0935795,0.0691825,0.0800062,-0.165115,0.0064142,0.0159717,0.995982,-0.0183039,-0.0124116,0.0867756
24883719000,0.0919346,0.0692483,0.0801654,-0.163863,0.0067559,0.015879,0.995993,-0.018764,-0.0125315,0.086542
24893719000,0.0903022,0.0693164,0.0803237,-0.162635,0.00688034,0.0157869,0.996002,-0.0192287,-0.0126391,0.0863115
24903719000,0.0886832,0.0693847,0.0804814,-0.161156,0.00679498,0.0157527,0.996012,-0.0196959,-0.0127461,0.0860843
24913719000,0.0870793,0.0694524,0.0806386,-0.159642,0.0067566,0.0156734,0.996021,-0.02016,-0.0128464,0.0858543
24923719000,0.0842568,0.0707467,0.079435,-0.162524,0.0115692,0.0105569,0.99603,-0.0206194,-0.0129338,0.0856295
24933719000,0.082641,0.070862,0.079541,-0.16062,0.0113837,0.0106522,0.996038,-0.0210717,-0.0130128,0.0854074
24943719000,0.0810451,0.0709746,0.0796475,-0.158552,0.0111165,0.0106397,0.996047,-0.0215251,-0.0130823,0.0851812
24953719000,0.0794715,0.0710851,0.0797535,-0.156166,0.0109813,0.0105683,0.996056,-0.0219656,-0.0131397,0.0849506
24963719000,0.0779225,0.071194,0.0798602,-0.153637,0.010794,0.0107589,0.996066,-0.022396,-0.0131866,0.0847229
24973719000,0.0763993,0.0712994,0.0799683,-0.150989,0.0103151,0.010868,0.996074,-0.0228156,-0.013227,0.0845003
24983719000,0.0749029,0.0713995,0.0800781,-0.1483,0.00969759,0.0110894,0.996083,-0.0232251,-0.0132457,0.0842819
24993719000,0.0734339,0.0714942,0.0801905,-0.145492,0.00926443,0.0113935,0.996092,-0.0236291,-0.0132536,0.0840645
25003719000,0.0719922,0.0715843,0.0803052,-0.142858,0.00876671,0.0115473,0.9961,-0.0240251,-0.0132453,0.083855
25013719000,0.0705777,0.0716694,0.0804212,-0.140047,0.00826799,0.0116495,0.996108,-0.0244023,-0.0132163,0.0836577
25023719000,0.0691923,0.0717495,0.0805383,-0.137033,0.00775296,0.011768,0.996115,-0.0247724,-0.0131784,0.0834687
25033719000,0.0678371,0.0718244,0.0806566,-0.134001,0.00724012,0.0118972,0.996122,-0.0251252,-0.0131178,0.0832873
25043719000,0.0645146,0.0733337,0.0793892,-0.138116,0.0119202,0.00697913,0.99613,-0.0254606,-0.013043,0.083109
25053719000,0.0617779,0.0743375,0.0786265,-0.14006,0.0145694,0.00413404,0.996137,-0.0257793,-0.0129542,0.0829367
25063719000,0.060392,0.0744807,0.078669,-0.137134,0.0139853,0.00435676,0.996144,-0.0260877,-0.0128456,0.0827709
25073719000,0.0590356,0.0746178,0.0787128,-0.134162,0.0134027,0.00441398,0.996152,-0.0263763,-0.0127204,0.0826104
25083719000,0.0577085,0.0747484,0.0787582,-0.131267,0.0127161,0.0046528,0.99616,-0.0266432,-0.0125836,0.0824474
25093719000,0.056412,0.0748729,0.0788064,-0.128029,0.0121885,0.00499446,0.996168,-0.0268913,-0.012429,0.082287
25103719000,0.0551478,0.0749915,0.0788583,-0.124811,0.0115358,0.00539114,0.996177,-0.0271096,-0.012258,0.0821343
25113719000,0.0539162,0.0751025,0.0789137,-0.121499,0.0106614,0.00568106,0.996186,-0.0272984,-0.0120777,0.081986
25123719000,0.0527174,0.0752062,0.0789735,-0.118245,0.0100931,0.00628341,0.996196,-0.0274618,-0.0118823,0.0818443
25133719000,0.051552,0.0753029,0.0790393,-0.114836,0.00924411,0.00686598,0.996206,-0.0275857,-0.0116787,0.0817072
25143719000,0.0484217,0.0756347,0.0783562,-0.118693,0.00930575,0.00460073,0.996217,-0.0276736,-0.0114574,0.0815735
25153719000,0.0472528,0.0757239,0.078405,-0.115114,0.00851215,0.00515193,0.996229,-0.0277315,-0.0112266,0.0814469
25163719000,0.04612,0.0758052,0.078459,-0.111465,0.00774703,0.0056368,0.996242,-0.0277446,-0.0109764,0.0813163
25173719000,0.0450247,0.0758797,0.0785186,-0.107602,0.00714787,0.00628938,0.996256,-0.0277242,-0.0107157,0.0811802
25183719000,0.0439673,0.0759483,0.0785846,-0.103872,0.00656422,0.0069067,0.996272,-0.027667,-0.0104511,0.0810439
25193719000,0.0429465,0.076012,0.0786566,-0.100292,0.00617619,0.00750951,0.996288,-0.0275714,-0.0101793,0.0809041
25203719000,0.0419613,0.0760707,0.0787336,-0.0967386,0.00557257,0.0078907,0.996306,-0.0274442,-0.00989852,0.0807658
25213719000,0.0410115,0.0761239,0.0788153,-0.0932158,0.00505724,0.00843425,0.996325,-0.0272817,-0.00960521,0.080623
25223719000,0.0400975,0.0761721,0.0789026,-0.0895636,0.00457085,0.00902833,0.996345,-0.0270862,-0.0093011,0.0804806
25233719000,0.0392192,0.0762164,0.0789963,-0.0860843,0.00430043,0.00971341,0.996365,-0.0268535,-0.00898427,0.0803438
25243719000,0.0359542,0.0762546,0.0780009,-0.0916324,0.00392261,0.00618154,0.996386,-0.0265991,-0.00865684,0.0802086
25253719000,0.0333891,0.0763139,0.0773753,-0.0943761,0.00380288,0.00429365,0.996406,-0.0263127,-0.00832438,0.0800779
25263719000,0.0324612,0.0763503,0.07742,-0.0912977,0.00354866,0.00464933,0.996428,-0.0260009,-0.00798238,0.0799482
25273719000,0.0315637,0.076385,0.0774684,-0.088234,0.00342148,0.00501624,0.996449,-0.0256633,-0.00763249,0.0798245
25283719000,0.0306968,0.0764198,0.0775196,-0.0851488,0.00355378,0.00522571,0.996471,-0.0253033,-0.00727374,0.0797008
25293719000,0.0298595,0.0764558,0.0785962,-0.0823171,0.00364358,0.0058609,0.996493,-0.0249263,-0.00691489,0.0795752
25303719000,0.0290498,0.0764934,0.0786557,-0.0796155,0.00385194,0.00603697,0.996515,-0.0245375,-0.00655235,0.0794516
25313719000,0.0282676,0.076534,0.0787171,-0.0768113,0.00426217,0.00624707,0.996538,-0.0241347,-0.00618553,0.0793233
25323719000,0.0275121,0.0765784,0.0787792,-0.0742756,0.00461878,0.00616654,0.99656,-0.0237234,-0.00582467,0.0791895
25333719000,0.0267804,0.0766271,0.0788413,-0.0720532,0.00509586,0.00625737,0.996583,-0.02331,-0.0054533,0.0790501
25343719000,0.0260714,0.0766803,0.0789033,-0.0697459,0.00553973,0.00614435,0.996606,-0.0228915,-0.00508481,0.0789099
25353719000,0.024225,0.0767407,0.0783724,-0.0719612,0.00591812,0.00292285,0.996629,-0.0224721,-0.0047249,0.078767
25363719000,0.0235163,0.076801,0.0784003,-0.0698568,0.00623877,0.00265881,0.996652,-0.0220512,-0.0043659,0.0786147
25373719000,0.0228274,0.0768643,0.0784268,-0.0679548,0.0064347,0.00264267,0.996675,-0.0216336,-0.00400889,0.0784527
25383719000,0.0221569,0.0769298,0.0784524,-0.0661335,0.00667806,0.00247698,0.996699,-0.0212173,-0.00365787,0.0782793
25393719000,0.0215046,0.076998,0.0784765,-0.0643247,0.00694523,0.00233996,0.996724,-0.0208059,-0.00330906,0.0780902
25403719000,0.0208701,0.0770684,0.0784995,-0.0625754,0.00712302,0.00225105,0.996749,-0.0204019,-0.00296658,0.0778904
25413719000,0.0202539,0.0771402,0.0785212,-0.060652,0.0072309,0.00210222,0.996774,-0.0199974,-0.00261849,0.0776856
25423719000,0.0196558,0.0772138,0.0785418,-0.0589516,0.00747315,0.00201064,0.9968,-0.0195989,-0.00227537,0.0774616
25433719000,0.0190751,0.0772883,0.078561,-0.057181,0.0074167,0.00183298,0.996826,-0.019196,-0.00193232,0.0772335
25443719000,0.0185116,0.0773616,0.0785791,-0.0555085,0.00723277,0.00177645,0.996853,-0.0187967,-0.00160117,0.0769947
25453719000,0.0179636,0.0774326,0.0785957,-0.0540839,0.00696091,0.00155885,0.996879,-0.0184007,-0.00126707,0.0767546
25463719000,0.0174299,0.0775008,0.0786102,-0.0526481,0.00667346,0.00132866,0.996906,-0.0180082,-0.000945793,0.0765054
25473719000,0.0162534,0.0776809,0.0780058,-0.0539233,0.00671178,-0.00166761,0.996932,-0.017606,-0.000627771,0.0762706
25483719000,0.0152642,0.0778383,0.0776289,-0.0544628,0.00649333,-0.00348812,0.996956,-0.0171932,-0.000316591,0.0760432
25493719000,0.0147268,0.0779012,0.077591,-0.0531224,0.00619787,-0.00410412,0.996979,-0.0167813,-8.69904e-06,0.0758328
25503719000,0.014202,0.0779604,0.0775475,-0.0518518,0.00566934,-0.00460299,0.997001,-0.0163668,0.000287295,0.0756331
25513719000,0.0136902,0.0780159,0.0774995,-0.0505143,0.00544348,-0.00498519,0.997022,-0.0159542,0.000577002,0.0754506
25523719000,0.013191,0.0780689,0.077447,-0.0493347,0.00515085,-0.00551756,0.997041,-0.0155398,0.000853623,0.0752855
25533719000,0.0127037,0.0781177,0.0773893,-0.0481204,0.00459831,-0.00602222,0.997058,-0.0151331,0.00111666,0.0751394
25543719000,0.0122274,0.0781617,0.077327,-0.0471283,0.0041858,-0.00643854,0.997074,-0.014729,0.00136279,0.0750038
25553719000,0.0117614,0.0782002,0.07726,-0.0460738,0.00350865,-0.00695685,0.997088,-0.0143308,0.00159571,0.074881
25563719000,0.0113056,0.078232,0.0771876,-0.0450654,0.00283754,-0.00753462,0.997102,-0.0139405,0.00181184,0.0747651
25573719000,0.0104444,0.0788335,0.0771627,-0.0457223,0.00439022,-0.00778782,0.997115,-0.0135543,0.00202429,0.0746609
25583719000,0.00999196,0.0788738,0.0770819,-0.044803,0.003744,-0.0083697,0.997126,-0.0131671,0.00222088,0.0745696
25593719000,0.00954909,0.0789066,0.0769953,-0.0437823,0.00285107,-0.00894717,0.997137,-0.0127793,0.00239856,0.0744885
25603719000,0.00911551,0.0789309,0.0769037,-0.0429368,0.00201017,-0.00938788,0.997147,-0.0124016,0.00256241,0.0744186
25613719000,0.00869135,0.0789472,0.0768068,-0.0418913,0.00123596,-0.00998975,0.997154,-0.0120313,0.00271247,0.0743705
25623719000,0.00827814,0.0789556,0.0767042,-0.0407477,0.000436186,-0.0105282,0.997161,-0.0116691,0.00284428,0.0743385
25633719000,0.00787669,0.078957,0.0765969,-0.0395379,-0.000158413,-0.0109263,0.997165,-0.0113218,0.00297557,0.0743269
25643719000,0.00748843,0.0789518,0.0764859,-0.0381096,-0.000895721,-0.011269,0.997169,-0.0109704,0.00309255,0.0743273
25653719000,0.00711261,0.078939,0.0763712,-0.037052,-0.00167852,-0.0116846,0.997171,-0.0106223,0.00319327,0.074342
25663719000,0.00674754,0.0789184,0.0762524,-0.0359579,-0.00245256,-0.0120585,0.997172,-0.0102833,0.0032795,0.0743713
25673719000,0.00556725,0.0797013,0.0767731,-0.0376287,-0.000221248,-0.00991982,0.997172,-0.00995232,0.00335925,0.0744212
25683719000,0.00519767,0.0796948,0.0766719,-0.0363066,-0.000998026,-0.0103204,0.99717,-0.00963693,0.00342521,0.0744794
25693719000,0.00416232,0.0802801,0.0770228,-0.0374978,0.000503906,-0.00885445,0.997168,-0.00933035,0.00347472,0.0745461
25703719000,0.0037938,0.0802814,0.0769313,-0.0362212,-0.000182631,-0.00945124,0.997165,-0.00903393,0.00352003,0.0746226
25713719000,0.00343884,0.0802759,0.076834,-0.0347743,-0.000891391,-0.00999616,0.997161,-0.00874318,0.00355027,0.0747099
25723719000,0.0030981,0.0802636,0.0767321,-0.033374,-0.00156985,-0.0103964,0.997155,-0.00846821,0.00357209,0.0748101
25733719000,0.00277109,0.0802452,0.0766255,-0.0320289,-0.00210724,-0.01091,0.99715,-0.00820501,0.00357562,0.0749181
25743719000,0.00245857,0.080221,0.0765148,-0.0304741,-0.00274867,-0.0112423,0.997143,-0.00794433,0.00356203,0.0750328
25753719000,0.00216102,0.0801899,0.0764003,-0.0290363,-0.00347199,-0.0116432,0.997136,-0.00769249,0.00353219,0.0751567
25763719000,0.00187672,0.0801522,0.0762825,-0.0278236,-0.00408553,-0.0119202,0.997128,-0.00744984,0.00348796,0.0752876
25773719000,0.000479046,0.0806744,0.0771015,-0.0308618,-0.00278221,-0.00851912,0.997119,-0.00721305,0.00343475,0.0754257
25783719000,0.000176894,0.080643,0.0770158,-0.0295613,-0.00345331,-0.00861677,0.99711,-0.00697958,0.00337937,0.0755716
25793719000,-0.000112219,0.080605,0.0769284,-0.0282582,-0.00414778,-0.00886498,0.9971,-0.00674461,0.00331008,0.0757264
25803719000,-0.00038866,0.0805592,0.0768393,-0.0270297,-0.00501038,-0.00894798,0.99709,-0.00651511,0.00323405,0.0758883
25813719000,-0.000652942,0.0805062,0.0767494,-0.0258277,-0.00559339,-0.00903369,0.997078,-0.00629406,0.00314209,0.0760615
25823719000,-0.000905003,0.080447,0.0766586,-0.0245865,-0.00623393,-0.00913779,0.997066,-0.00607735,0.00304113,0.0762439
25833719000,-0.0011453,0.0803821,0.0765672,-0.0234748,-0.00676046,-0.00913359,0.997053,-0.00586901,0.00293305,0.0764311
25843719000,-0.00137527,0.080311,0.0764753,-0.0225219,-0.00746654,-0.00925578,0.997039,-0.00565746,0.00282045,0.0766316
25853719000,-0.00159413,0.0802325,0.0763823,-0.0212532,-0.00823138,-0.00933681,0.997024,-0.00545636,0.00269777,0.0768487
25863719000,-0.00180206,0.0801458,0.0762882,-0.0203354,-0.00911586,-0.00949619,0.997008,-0.00525647,0.00257268,0.0770718
25873719000,-0.00199927,0.0800505,0.0761938,-0.019111,-0.00995372,-0.00937996,0.996992,-0.0050733,0.00243496,0.0773045
25883719000,-0.00218493,0.0799468,0.0761006,-0.0180246,-0.0107851,-0.00924985,0.996974,-0.00489504,0.00229177,0.0775455
25893719000,-0.00236003,0.0798348,0.076009,-0.0169999,-0.0116339,-0.00907527,0.996956,-0.00472489,0.00214257,0.0777884
25903719000,-0.0038166,0.0808232,0.0772161,-0.0205638,-0.00821776,-0.00413762,0.996939,-0.0045563,0.00198638,0.078029
25913719000,-0.004851,0.0814301,0.0779431,-0.0223014,-0.00637946,-0.00112328,0.996921,-0.00439213,0.00182851,0.0782662
25923719000,-0.00506938,0.0813629,0.0779328,-0.0213344,-0.00701835,-0.000940732,0.996903,-0.00423203,0.00166997,0.0785064
25933719000,-0.0052764,0.0812895,0.0779243,-0.0200575,-0.00764147,-0.000756315,0.996885,-0.00408186,0.001516,0.0787521
25943719000,-0.005471,0.0812112,0.0779182,-0.0188605,-0.0080271,-0.000460641,0.996866,-0.00393102,0.00136053,0.078997
25953719000,-0.00565464,0.0811289,0.0779146,-0.0178681,-0.00841915,-0.000254789,0.996848,-0.00377783,0.00119421,0.079237
25963719000,-0.00582789,0.081043,0.077913,-0.016786,-0.00876478,-7.58954e-05,0.99683,-0.00363604,0.00103085,0.0794733
25973719000,-0.00598923,0.0809536,0.077914,-0.0154858,-0.00912763,0.00028117,0.996812,-0.00349422,0.000865398,0.0797068
25983719000,-0.00613878,0.0808607,0.0779185,-0.0144282,-0.00946437,0.000616231,0.996794,-0.00336053,0.000706778,0.079942
25993719000,-0.00627809,0.0807647,0.077927,-0.0134383,-0.00973596,0.00107959,0.996775,-0.0032314,0.000549265,0.080176
26003719000,-0.00744312,0.0813414,0.0784792,-0.016218,-0.00767493,0.00331275,0.996758,-0.00309915,0.000400663,0.0803983
26013719000,-0.0075994,0.081263,0.078513,-0.0150122,-0.0079615,0.00345297,0.996741,-0.00296723,0.000256187,0.0806193
26023719000,-0.00774404,0.0811823,0.0785488,-0.0139068,-0.00818544,0.00370459,0.996723,-0.00283782,0.000113685,0.0808427
26033719000,-0.00787735,0.0810994,0.0785867,-0.0127552,-0.00838924,0.00387543,0.996705,-0.00271529,-2.97734e-05,0.0810654
26043719000,-0.00799926,0.0810147,0.0786268,-0.0116275,-0.00854807,0.00413628,0.996688,-0.00260057,-0.000171416,0.0812808
26053719000,-0.00811015,0.0809279,0.0786697,-0.0105545,-0.00881187,0.00445046,0.996671,-0.00248868,-0.000308158,0.0814872
26063719000,-0.00821061,0.0808402,0.0787156,-0.00954008,-0.00872994,0.00473266,0.996655,-0.00237662,-0.000437124,0.0816898
26073719000,-0.00830095,0.0807519,0.0787639,-0.00853141,-0.00893331,0.00492212,0.996639,-0.00226293,-0.000564613,0.0818837
26083719000,-0.00838127,0.0806621,0.0788145,-0.00753473,-0.009029,0.00519479,0.996624,-0.00214756,-0.000695761,0.0820667
26093719000,-0.00845193,0.0805728,0.0788667,-0.00660091,-0.00883515,0.005254,0.99661,-0.00203207,-0.000820991,0.0822405
26103719000,-0.00982852,0.0808683,0.0790632,-0.0104232,-0.00740481,0.00592515,0.996596,-0.00192164,-0.000953836,0.0824104
26113719000,-0.00992794,0.0807945,0.0791236,-0.00943189,-0.00732596,0.00615986,0.996583,-0.00180374,-0.00109124,0.0825647
26123719000,-0.0109611,0.0809552,0.0792529,-0.0118388,-0.00636869,0.00648115,0.996572,-0.00167927,-0.0012312,0.0827094
26133719000,-0.0110739,0.0808917,0.079319,-0.0107069,-0.00630079,0.0067387,0.99656,-0.00154693,-0.00137316,0.0828426
26143719000,-0.0111755,0.0808288,0.0793873,-0.00960184,-0.00627033,0.0069258,0.996551,-0.00140486,-0.00151217,0.0829619
26153719000,-0.0112656,0.0807664,0.0794579,-0.00842154,-0.00620684,0.0071937,0.996541,-0.00126065,-0.0016577,0.0830709
26163719000,-0.011344,0.0807044,0.0795323,-0.00724239,-0.0061972,0.00768591,0.996534,-0.00110389,-0.00179441,0.083164
26173719000,-0.0114102,0.0806428,0.0796101,-0.00601083,-0.0061177,0.0078654,0.996527,-0.00094841,-0.0019406,0.0832439
26183719000,-0.0114641,0.0805839,0.0796889,-0.00476936,-0.00566531,0.00789757,0.996521,-0.000794255,-0.00208618,0.0833082
26193719000,-0.0115055,0.080529,0.0797683,-0.00351858,-0.0053281,0.00799353,0.996517,-0.000635227,-0.00223944,0.0833564
26203719000,-0.0124925,0.0807087,0.0796768,-0.00576276,-0.0041955,0.00737456,0.996514,-0.000476955,-0.00239389,0.0833959
26213719000,-0.0125433,0.0806684,0.0797512,-0.00436443,-0.00382583,0.00750765,0.996511,-0.000326751,-0.00254813,0.0834164
26223719000,-0.0125811,0.0806304,0.079827,-0.00318593,-0.00377304,0.00765437,0.996511,-0.000183837,-0.00270621,0.083421
26233719000,-0.0126069,0.0805921,0.0799047,-0.00199029,-0.00389114,0.00788146,0.996511,-3.55657e-05,-0.00286697,0.0834066
26243719000,-0.0126211,0.0805522,0.0799845,-0.000845843,-0.00407991,0.00807615,0.996513,0.000105137,-0.00302464,0.0833834
26253719000,-0.012624,0.0805097,0.0800667,0.000264175,-0.0044192,0.00835787,0.996515,0.00025179,-0.00318198,0.0833547
26263719000,-0.0126146,0.0804644,0.0801523,0.0016224,-0.00464518,0.00876238,0.996518,0.00039677,-0.00333512,0.0833159
26273719000,-0.0125913,0.080417,0.0802414,0.00302703,-0.00484926,0.00906791,0.996521,0.000542507,-0.00349153,0.0832725
26283719000,-0.0125547,0.0803674,0.080334,0.00428835,-0.00506922,0.00944811,0.996524,0.000690776,-0.00364304,0.0832217
26293719000,-0.0125046,0.0803158,0.0804299,0.00572889,-0.00525095,0.00972239,0.996527,0.00083531,-0.00379453,0.083174
26303719000,-0.0124411,0.0802616,0.0805281,0.00695877,-0.00559234,0.00992521,0.996531,0.000982359,-0.00394567,0.0831262
26313719000,-0.0123658,0.0802037,0.0806284,0.00809964,-0.00600239,0.0101373,0.996534,0.00113718,-0.00409245,0.0830731
26323719000,-0.013667,0.0806948,0.0802534,0.00429654,-0.00457112,0.00869615,0.996538,0.00129099,-0.00423854,0.0830195
26333719000,-0.0136178,0.0806467,0.0803417,0.00557591,-0.00502437,0.0089761,0.996542,0.00144122,-0.00439017,0.0829636
26343719000,-0.0145691,0.0809992,0.0801017,0.00322314,-0.00422755,0.00817769,0.996546,0.00158741,-0.00453607,0.0829068
26353719000,-0.0145307,0.0809529,0.0801849,0.00448284,-0.00500603,0.00846342,0.99655,0.00172814,-0.00467745,0.0828495
26363719000,-0.0144793,0.0808975,0.0802705,0.00582384,-0.00604577,0.00864979,0.996553,0.00186969,-0.00482043,0.0827974
26373719000,-0.0144145,0.0808328,0.0803582,0.00712832,-0.00689625,0.00889952,0.996556,0.00200846,-0.00495659,0.082746
26383719000,-0.0143356,0.0807589,0.0804487,0.00865824,-0.0078921,0.00919284,0.996559,0.00214046,-0.00508344,0.0826995
26393719000,-0.0142421,0.0806748,0.0803534,0.0100239,-0.0089272,0.00952074,0.996562,0.00227768,-0.00521204,0.0826533
26403719000,-0.014136,0.0805794,0.08045,0.0111955,-0.0101489,0.00980693,0.996565,0.00241244,-0.00534033,0.0826062
26413719000,-0.014018,0.0804726,0.0805493,0.0124107,-0.0112338,0.0100528,0.996567,0.0025494,-0.0054628,0.0825705
26423719000,-0.0138867,0.0803541,0.0806502,0.0138382,-0.0124657,0.0101184,0.996568,0.00268052,-0.00558302,0.0825434
26433719000,-0.0137417,0.0802235,0.0807524,0.0151602,-0.0136536,0.0103253,0.996569,0.00280601,-0.00569314,0.0825233
26443719000,-0.0135833,0.0800815,0.0808574,0.0165199,-0.0147537,0.0106737,0.996568,0.00292746,-0.0057966,0.0825174
26453719000,-0.0147081,0.0809981,0.0804864,0.0130254,-0.011835,0.00835659,0.996567,0.00304666,-0.00590628,0.0825203
26463719000,-0.0145699,0.0808739,0.0805723,0.0146414,-0.012967,0.00882726,0.996565,0.00317061,-0.00600717,0.0825359
26473719000,-0.0144171,0.0807389,0.0806624,0.0159128,-0.0140277,0.0091987,0.996562,0.00329451,-0.00611039,0.0825609
26483719000,-0.0142515,0.0805922,0.0807555,0.0172179,-0.0153161,0.00941005,0.996558,0.00341581,-0.00620428,0.0825903
26493719000,-0.0140716,0.0804338,0.0808516,0.0187595,-0.0163648,0.00982179,0.996554,0.00353543,-0.00629777,0.0826283
26503719000,-0.0138763,0.0802656,0.0809516,0.020292,-0.0172716,0.0101772,0.996549,0.00365677,-0.00638731,0.0826761
26513719000,-0.0136664,0.0800881,0.081054,0.0216825,-0.0182306,0.010294,0.996544,0.00377965,-0.0064694,0.0827308
26523719000,-0.0134433,0.0799003,0.0811574,0.0229514,-0.0193356,0.0103945,0.996538,0.00390912,-0.00654682,0.0827924
26533719000,-0.013207,0.0797023,0.0812629,0.0242963,-0.0202568,0.0107009,0.99653,0.00403368,-0.00662626,0.0828668
26543719000,-0.0129583,0.0794946,0.0813701,0.0254426,-0.0212998,0.010749,0.996522,0.00415227,-0.00670968,0.0829515
26553719000,-0.0140696,0.0803325,0.080732,0.0216131,-0.0183972,0.00746936,0.996514,0.00427407,-0.00679024,0.0830448
26563719000,-0.013848,0.0801432,0.0808071,0.0227175,-0.0194308,0.0075428,0.996504,0.00439181,-0.00686584,0.083149
26573719000,-0.0145981,0.0807134,0.0803995,0.0201354,-0.0177857,0.00549838,0.996494,0.00451602,-0.0069455,0.0832578
26583719000,-0.0143921,0.0805314,0.080455,0.021078,-0.0185754,0.00561392,0.996482,0.00464321,-0.00702073,0.0833784
26593719000,-0.0141766,0.0803412,0.0805115,0.0220314,-0.0194529,0.00568688,0.996471,0.00476951,-0.00709343,0.0835054
26603719000,-0.0139523,0.0801428,0.0805682,0.0228176,-0.020226,0.00565685,0.996458,0.00489439,-0.00716148,0.0836389
26613719000,-0.0137208,0.0799368,0.0806234,0.023492,-0.0209783,0.00537081,0.996446,0.0050136,-0.00722814,0.0837756
26623719000,-0.0134827,0.0797243,0.0806773,0.0241204,-0.021526,0.00540924,0.996432,0.00513312,-0.00729328,0.083921
26633719000,-0.0132385,0.0795054,0.0807315,0.0247262,-0.0222529,0.00542551,0.996418,0.00524015,-0.0073549,0.0840754
26643719000,-0.0129898,0.0792798,0.0807848,0.0249974,-0.0228833,0.00523827,0.996404,0.00533778,-0.00742552,0.0842346
26653719000,-0.012738,0.0790491,0.0808364,0.0253645,-0.0232524,0.00509525,0.996389,0.00543059,-0.00748983,0.0844008
26663719000,-0.0130809,0.0792625,0.0803602,0.0235359,-0.0218828,0.00237752,0.996373,0.00550924,-0.00756138,0.0845749
26673719000,-0.0128446,0.0790419,0.080382,0.023746,-0.0222325,0.00197742,0.996357,0.00556699,-0.00763176,0.0847586
26683719000,-0.0126053,0.0788184,0.0804005,0.0241063,-0.0224582,0.00172469,0.99634,0.00561493,-0.0077041,0.0849441
26693719000,-0.0123629,0.0785927,0.0804166,0.0243815,-0.0226714,0.00148753,0.996323,0.00566027,-0.0077836,0.0851382
26703719000,-0.0121182,0.0783648,0.0804308,0.0245655,-0.0229209,0.00137057,0.996305,0.00569527,-0.00785895,0.0853334
26713719000,-0.0118703,0.0781359,0.0804432,0.0250142,-0.0228496,0.00109439,0.996288,0.00571874,-0.00794294,0.085528
26723719000,-0.0116187,0.0779083,0.0804524,0.0252939,-0.02267,0.000751979,0.99627,0.00574525,-0.00802125,0.0857205
26733719000,-0.0113645,0.0776819,0.0804591,0.02554,-0.0226136,0.000594916,0.996253,0.00575077,-0.0081047,0.0859107
26743719000,-0.0111077,0.077456,0.0804638,0.0258168,-0.0225618,0.000343357,0.996236,0.0057419,-0.00818774,0.0860989
26753719000,-0.0108483,0.0772308,0.0804659,0.0260618,-0.0224837,7.52345e-05,0.996219,0.00573167,-0.00827179,0.0862888
26763719000,-0.0105876,0.0770073,0.0804647,0.0260899,-0.0222242,-0.00032766,0.996202,0.00571337,-0.00834887,0.0864791
26773719000,-0.0103258,0.0767862,0.0804598,0.0262694,-0.0219868,-0.000647357,0.996185,0.00567472,-0.00842028,0.0866685
26783719000,-0.0106632,0.0766125,0.0802503,0.0241405,-0.0215004,-0.00173186,0.996168,0.00562599,-0.0084908,0.0868601
26793719000,-0.0107775,0.0764057,0.0801266,0.0231493,-0.0212138,-0.00264434,0.996151,0.00556691,-0.00856624,0.0870515
26803719000,-0.0105465,0.0761949,0.080098,0.0230642,-0.0209644,-0.00306398,0.996134,0.00549553,-0.00864292,0.0872456
26813719000,-0.0103173,0.0759874,0.0800647,0.0227898,-0.0205394,-0.00359864,0.996117,0.00541007,-0.00871933,0.087438
26823719000,-0.0100895,0.075784,0.0800269,0.0227702,-0.0201447,-0.00396776,0.9961,0.00531678,-0.00879258,0.0876321
26833719000,-0.00986142,0.0755868,0.0799847,0.0228476,-0.0192949,-0.00447247,0.996082,0.00520824,-0.00886805,0.0878299
26843719000,-0.00963255,0.0753972,0.0799375,0.0229249,-0.0186062,-0.0049526,0.996064,0.0050888,-0.00895029,0.0880315
26853719000,-0.00940276,0.0752151,0.0798857,0.0230308,-0.0178145,-0.00541787,0.996046,0.00494961,-0.00902876,0.0882385
26863719000,-0.00917239,0.0750415,0.0798289,0.0230401,-0.0169111,-0.00594763,0.996028,0.00480233,-0.00910445,0.0884393
26873719000,-0.00941884,0.0747249,0.0800882,0.0214269,-0.0164483,-0.00511259,0.99601,0.00464123,-0.00917575,0.0886464
26883719000,-0.00920364,0.0745658,0.0800349,0.0216283,-0.0154093,-0.00554342,0.995991,0.00447363,-0.00923774,0.0888597
26893719000,-0.00898627,0.074417,0.0799774,0.0218518,-0.0143527,-0.00595102,0.995973,0.00429037,-0.00930311,0.0890718
26903719000,-0.00876678,0.0742793,0.0799162,0.0220459,-0.0131843,-0.00630438,0.995953,0.00409109,-0.00937579,0.0892862
26913719000,-0.00854491,0.0741529,0.079851,0.0223273,-0.0121,-0.00673699,0.995934,0.00388119,-0.00944303,0.0895022
26923719000,-0.00832024,0.0740382,0.0797814,0.0226044,-0.0108378,-0.00717403,0.995915,0.00365628,-0.00951218,0.0897185
26933719000,-0.00809285,0.0739344,0.0797079,0.0228709,-0.00991076,-0.00752555,0.995896,0.00341771,-0.00957359,0.0899326
26943719000,-0.00786239,0.0738412,0.07963,0.023219,-0.00871713,-0.00806337,0.995877,0.00316649,-0.0096245,0.0901485
26953719000,-0.00762803,0.0737593,0.0795476,0.0236507,-0.00766007,-0.00841419,0.995858,0.00291024,-0.00968257,0.0903589
26963719000,-0.00738932,0.0736882,0.0794619,0.0240894,-0.00655393,-0.00871886,0.995839,0.00263946,-0.00974127,0.0905678
26973719000,-0.00714722,0.0736281,0.0793735,0.0243282,-0.00544741,-0.00896483,0.99582,0.00235594,-0.00979226,0.0907756
26983719000,-0.00785262,0.0733493,0.0802019,0.0216439,-0.00504647,-0.00578745,0.995802,0.00205989,-0.00984018,0.0909828
26993719000,-0.00825711,0.0730933,0.0807202,0.0200153,-0.00463979,-0.00389031,0.995783,0.00175247,-0.00989085,0.0911896
27003719000,-0.00805404,0.0730526,0.0806806,0.0206195,-0.00358373,-0.00403103,0.995764,0.00143135,-0.00994182,0.0913929
27013719000,-0.00784405,0.0730209,0.0806394,0.0213857,-0.00277292,-0.0042001,0.995746,0.00111295,-0.00999901,0.0915944
27023719000,-0.00762537,0.0729982,0.0805962,0.0223516,-0.001778,-0.00444839,0.995727,0.000790196,-0.010054,0.091792
27033719000,-0.00739718,0.0729858,0.0805503,0.0232853,-0.000696818,-0.00471979,0.995709,0.000461256,-0.0101105,0.091983
27043719000,-0.00715988,0.0729842,0.0805018,0.0241748,0.000380454,-0.00499038,0.995691,0.000129172,-0.0101572,0.0921702
27053719000,-0.00691351,0.0729927,0.0804516,0.0250965,0.00132542,-0.00504745,0.995674,-0.000208523,-0.0102091,0.0923498
27063719000,-0.00665846,0.0730105,0.0804004,0.0259111,0.0022359,-0.00519376,0.995657,-0.000566819,-0.010256,0.0925251
27073719000,-0.00639351,0.0730379,0.0803482,0.0270768,0.00326697,-0.00524125,0.995641,-0.000924715,-0.0103039,0.0926941
27083719000,-0.00611689,0.0730748,0.0802963,0.0282448,0.00412602,-0.00513191,0.995625,-0.0012792,-0.0103492,0.0928596
27093719000,-0.00582926,0.07312,0.0802446,0.02928,0.00490882,-0.005218,0.995609,-0.00163639,-0.010395,0.093016
27103719000,-0.00553131,0.0731719,0.0801931,0.0303072,0.00548532,-0.00507608,0.995593,-0.00200048,-0.0104438,0.0931696
27113719000,-0.00522255,0.0732297,0.080143,0.0314417,0.0060917,-0.00494028,0.995578,-0.00237245,-0.0104948,0.0933181
27123719000,-0.00490263,0.0732928,0.0800947,0.0325405,0.00654423,-0.00472641,0.995563,-0.00274087,-0.010552,0.0934646
27133719000,-0.00457287,0.073362,0.080048,0.0334083,0.00730773,-0.00461355,0.995548,-0.00310371,-0.0106086,0.0936018
27143719000,-0.00423375,0.073437,0.0800026,0.0344131,0.00769942,-0.00446575,0.995534,-0.00346892,-0.010666,0.0937373
27153719000,-0.00388465,0.0735161,0.0799584,0.0354045,0.00811859,-0.00436613,0.99552,-0.00384393,-0.0107172,0.0938658
27163719000,-0.00352645,0.0735998,0.0799159,0.0362348,0.00863146,-0.00413488,0.995506,-0.00422053,-0.0107619,0.0939955
27173719000,-0.00315859,0.0736874,0.0798761,0.037335,0.00890461,-0.00384251,0.995491,-0.00459987,-0.0108026,0.0941221
27183719000,-0.00278078,0.0737773,0.0798392,0.0382247,0.00908477,-0.00353358,0.995478,-0.0049806,-0.0108508,0.0942438
27193719000,-0.00239472,0.0738695,0.0798049,0.0389845,0.00936915,-0.00332044,0.995464,-0.00536342,-0.0108927,0.0943616
27203719000,-0.00200059,0.0739641,0.0797739,0.0398389,0.00956547,-0.00288174,0.99545,-0.00574809,-0.0109292,0.0944767
27213719000,-0.00159892,0.0740599,0.079747,0.0404932,0.00959714,-0.00249597,0.995438,-0.00613179,-0.0109603,0.0945844
27223719000,-0.0011909,0.0741549,0.079723,0.041109,0.00941369,-0.00229514,0.995425,-0.00651144,-0.0109934,0.09469
27233719000,-0.000776286,0.074249,0.079703,0.041812,0.00942898,-0.00171731,0.995413,-0.00688688,-0.0110265,0.0947862
27243719000,-0.000354801,0.0743425,0.0796882,0.042483,0.00928278,-0.0012324,0.995401,-0.00726102,-0.0110554,0.0948794
27253719000,7.25089e-05,0.0744349,0.0796786,0.0429774,0.00918942,-0.000694119,0.995389,-0.00763124,-0.0110785,0.0949688
27263719000,0.000503407,0.0745255,0.0796748,0.0432009,0.008952,-6.9056e-05,0.995378,-0.00799357,-0.0110939,0.0950543
27273719000,0.000937399,0.0746135,0.0796773,0.0435964,0.00866685,0.000563338,0.995368,-0.00836178,-0.0110989,0.095131
27283719000,-0.00218406,0.0728274,0.080137,0.0326538,0.00246902,0.00256919,0.995357,-0.00872749,-0.0111003,0.095207
27293719000,-0.00185613,0.0728493,0.0801659,0.0329435,0.00177311,0.0032231,0.995348,-0.00908926,-0.0110963,0.0952756
27303719000,-0.00152562,0.0728648,0.0802016,0.0331623,0.0012898,0.00390956,0.995338,-0.00944822,-0.0110912,0.0953379
27313719000,-0.0011941,0.0728761,0.0802444,0.0331427,0.000948447,0.00464829,0.995329,-0.00980355,-0.0110893,0.0953946
27323719000,-0.000863428,0.0728837,0.0802941,0.0329911,0.000580947,0.00528922,0.995321,-0.0101616,-0.0110796,0.0954499
27333719000,-0.000534151,0.0728874,0.0803497,0.0328639,0.000153904,0.00582765,0.995312,-0.0105215,-0.0110651,0.0955004
27343719000,-0.000207179,0.0728863,0.0804111,0.0325302,-0.000362456,0.00646096,0.995304,-0.0108842,-0.0110458,0.0955498
27353719000,0.000117307,0.07288,0.0804787,0.0323665,-0.000886682,0.00705284,0.995295,-0.0112504,-0.0110222,0.0955985
27363719000,0.000439363,0.0728698,0.0805523,0.0320446,-0.00114447,0.00767372,0.995287,-0.0116148,-0.0109939,0.0956405
27373719000,-0.00050549,0.0752956,0.0802781,0.027924,0.00561726,0.00721068,0.995279,-0.0119772,-0.0109628,0.0956874
27383719000,-0.000227572,0.0753514,0.0803538,0.0276609,0.00540986,0.00794396,0.995271,-0.0123517,-0.0109311,0.0957281
27393719000,4.55999e-05,0.0754033,0.08028,0.0269737,0.00493912,0.00857272,0.995263,-0.0127344,-0.0108917,0.0957594
27403719000,0.000312241,0.0754499,0.0803695,0.0263542,0.0043671,0.00931828,0.995256,-0.0131123,-0.0108491,0.0957919
27413719000,0.000573797,0.0754906,0.0804656,0.025957,0.00378052,0.00990512,0.995248,-0.0134916,-0.010815,0.095821
27423719000,0.000829621,0.0755251,0.0805675,0.0252079,0.0031289,0.0104717,0.995242,-0.0138686,-0.0107798,0.0958426
27433719000,0.0010791,0.0755529,0.0806764,0.0246872,0.0024359,0.0113267,0.995234,-0.0142424,-0.0107384,0.0958699
27443719000,0.00132233,0.0755737,0.0807928,0.0239587,0.00172999,0.0119466,0.995227,-0.0146066,-0.0107027,0.0958962
27453719000,0.00155902,0.0755871,0.0809161,0.0233795,0.000967638,0.0127189,0.99522,-0.0149649,-0.0106659,0.0959187
27463719000,0.00179025,0.0755933,0.0810472,0.0228681,0.00027071,0.0134961,0.995213,-0.0153143,-0.010632,0.0959366
27473719000,0.00148197,0.0774211,0.0801374,0.0206328,0.00508208,0.00966139,0.995206,-0.0156567,-0.0105995,0.0959513
27483719000,0.00168546,0.0774697,0.0802379,0.0200693,0.00452752,0.0104451,0.9952,-0.0159941,-0.0105749,0.095962
27493719000,0.00167058,0.0786587,0.0796268,0.0187145,0.00733867,0.00810497,0.995194,-0.0163156,-0.0105465,0.0959715
27503719000,0.00185504,0.0787293,0.079712,0.0181769,0.0067001,0.00893546,0.995189,-0.0166326,-0.010517,0.0959757
27513719000,0.00203501,0.0787922,0.0798049,0.0178183,0.00585156,0.00963978,0.995184,-0.0169333,-0.0104925,0.0959745
27523719000,0.00221173,0.0788476,0.0799042,0.0175249,0.00520676,0.0102164,0.99518,-0.0172278,-0.0104795,0.0959694
27533719000,0.00238477,0.0788955,0.080009,0.0170829,0.00438813,0.0107504,0.995176,-0.0174944,-0.01047,0.095964
27543719000,0.00255359,0.078936,0.0801191,0.0166826,0.00371363,0.0112654,0.995173,-0.0177528,-0.0104628,0.0959524
27553719000,0.00271888,0.0789703,0.0802353,0.0163749,0.00316266,0.0119695,0.99517,-0.0179939,-0.0104606,0.0959344
27563719000,0.00288235,0.0789983,0.0803576,0.0163182,0.00242965,0.0125002,0.995168,-0.0182214,-0.0104701,0.0959117
27573719000,0.00304452,0.0790194,0.0804855,0.0161142,0.00179897,0.0130811,0.995167,-0.0184347,-0.0104907,0.095882
27583719000,0.0032049,0.0790326,0.0806181,0.0159611,0.000853044,0.0134348,0.995166,-0.0186393,-0.0105101,0.0958488
27593719000,0.0025709,0.0799702,0.0792922,0.0133691,0.0028924,0.00811549,0.995166,-0.0188275,-0.0105338,0.0958127
27603719000,0.00270382,0.0799955,0.0793758,0.013227,0.00213807,0.00861492,0.995166,-0.0189952,-0.0105665,0.0957731
27613719000,0.00283734,0.0800127,0.0794639,0.0134823,0.00128399,0.00900012,0.995166,-0.0191512,-0.0106041,0.0957326
27623719000,0.00297157,0.0800213,0.079556,0.0133656,0.000434335,0.00940928,0.995167,-0.0192886,-0.0106478,0.0956979
27633719000,0.00310516,0.0800205,0.0796516,0.0133498,-0.000597056,0.00972036,0.995167,-0.0194059,-0.0107042,0.0956593
27643719000,0.00323909,0.0800097,0.0797501,0.0134358,-0.00154959,0.00997703,0.995168,-0.0195151,-0.0107678,0.0956248
27653719000,0.00337425,0.0799896,0.0798519,0.0135946,-0.00248473,0.010387,0.995169,-0.0196101,-0.0108373,0.0955905
27663719000,0.00351156,0.0799601,0.0799572,0.0138652,-0.00340185,0.0106611,0.995169,-0.0196974,-0.0109124,0.0955576
27673719000,0.00365207,0.0799209,0.0800641,0.0142335,-0.00443951,0.0107304,0.99517,-0.0197705,-0.0109921,0.0955227
27683719000,0.0037966,0.0798722,0.0801724,0.0146701,-0.00529757,0.0109208,0.995172,-0.0198317,-0.0110814,0.0954837
27693719000,0.00257832,0.0806285,0.0785008,0.0109197,-0.00371462,0.00426948,0.995173,-0.0198814,-0.0111764,0.0954507
27703719000,0.00269014,0.0805869,0.0785433,0.0114748,-0.00462857,0.00424182,0.995174,-0.0199199,-0.0112811,0.095417
27713719000,0.00189078,0.0811667,0.0774714,0.00919089,-0.0035452,0.000174074,0.995176,-0.0199552,-0.0113917,0.0953796
27723719000,0.00198532,0.0811264,0.0774727,0.00974462,-0.00451073,9.03134e-05,0.995177,-0.0199795,-0.0115013,0.0953491
27733719000,0.00208671,0.0810772,0.0774732,0.0105445,-0.00533908,-2.83105e-06,0.995178,-0.0199968,-0.0116206,0.0953205
27743719000,0.00219624,0.0810204,0.0774723,0.0113632,-0.00601921,-0.00017148,0.995179,-0.0200134,-0.0117523,0.0952905
27753719000,0.00231379,0.0809563,0.0774695,0.0121458,-0.00679033,-0.000379014,0.995179,-0.0200264,-0.0118914,0.0952663
27763719000,0.00243963,0.0808853,0.0774653,0.0130178,-0.00742317,-0.000467636,0.99518,-0.0200363,-0.0120324,0.0952397
27773719000,0.00257352,0.0808071,0.0774593,0.0137581,-0.00820632,-0.000735893,0.995181,-0.0200457,-0.0121771,0.0952134
27783719000,0.0027158,0.0807223,0.0774503,0.0146936,-0.00874991,-0.00106408,0.995181,-0.0200527,-0.0123225,0.0951896
27793719000,0.00153521,0.0808483,0.0764937,0.0111154,-0.0086898,-0.00501862,0.995181,-0.0200512,-0.012482,0.095164
27803719000,0.00165016,0.0807587,0.0764415,0.0119099,-0.00922732,-0.00540573,0.995181,-0.0200584,-0.0126454,0.0951439
27813719000,0.00177417,0.0806641,0.076386,0.0129028,-0.00968623,-0.00570142,0.995181,-0.0200697,-0.0128067,0.0951249
27823719000,0.00190839,0.080565,0.0763266,0.0139434,-0.0101241,-0.00617417,0.99518,-0.0200878,-0.0129625,0.0951089
27833719000,0.00205409,0.0804617,0.0762619,0.0151956,-0.0105527,-0.00676051,0.995179,-0.0201025,-0.0131238,0.0950925
27843719000,0.00221006,0.0803555,0.0761916,0.0159933,-0.0106786,-0.00730362,0.995178,-0.0201237,-0.0132885,0.0950779
27853719000,0.00237487,0.0802485,0.0761166,0.0169643,-0.0107241,-0.00769755,0.995176,-0.0201521,-0.0134468,0.0950626
27863719000,0.00254967,0.0801402,0.0760374,0.0179908,-0.0109333,-0.00815436,0.995174,-0.0201899,-0.0136108,0.0950525
27873719000,0.00273528,0.080031,0.0759531,0.0191269,-0.0108984,-0.00869151,0.995172,-0.020236,-0.0137723,0.0950481
27883719000,0.00293243,0.0799224,0.0758633,0.0202992,-0.0108346,-0.00927369,0.995168,-0.0202928,-0.0139309,0.0950467
27893719000,0.00313971,0.0798145,0.0757681,0.0211515,-0.0107337,-0.00977411,0.995165,-0.0203537,-0.0140886,0.0950427
27903719000,0.00335723,0.0797084,0.0756672,0.0223491,-0.0104972,-0.010397,0.995162,-0.0204199,-0.014247,0.0950401
27913719000,0.00358621,0.0796052,0.0755601,0.0234406,-0.0101349,-0.0110322,0.995158,-0.0204967,-0.0144005,0.0950385
27923719000,0.00382642,0.0795051,0.075447,0.024598,-0.00988341,-0.0115752,0.995154,-0.0205928,-0.0145498,0.095042
27933719000,0.00196107,0.0792755,0.0752092,0.0186058,-0.00990201,-0.0123981,0.99515,-0.0206984,-0.0146875,0.095042
27943719000,0.00215248,0.0791801,0.0750824,0.0197137,-0.00920116,-0.012973,0.995145,-0.0208102,-0.014822,0.0950407
27953719000,0.000936039,0.0789353,0.0749396,0.0160737,-0.00899881,-0.013417,0.995141,-0.0209324,-0.014942,0.095044
27963719000,0.00110093,0.0788481,0.0748031,0.0169399,-0.0084707,-0.0138855,0.995136,-0.0210625,-0.0150686,0.0950458
27973719000,0.00127519,0.0787676,0.0746606,0.0179217,-0.00764711,-0.0146093,0.995131,-0.0211987,-0.0151824,0.0950473
27983719000,0.00145895,0.0786946,0.0745119,0.0188328,-0.00695341,-0.0151416,0.995127,-0.021344,-0.0152943,0.0950454
27993719000,0.00165232,0.0786301,0.074357,0.0198401,-0.00594214,-0.0158229,0.995122,-0.0214975,-0.0153964,0.0950454
28003719000,0.00185549,0.0785757,0.0741955,0.0207906,-0.00493931,-0.0164771,0.995117,-0.0216624,-0.0154816,0.0950451
28013719000,0.00104652,0.0782683,0.0745439,0.0183437,-0.00501698,-0.0153616,0.995113,-0.0218349,-0.0155456,0.0950394
28023719000,0.00123479,0.0782234,0.0743871,0.0193266,-0.00399737,-0.0159923,0.995108,-0.0220133,-0.0156072,0.095032
28033719000,0.00143381,0.0781885,0.0742243,0.0204815,-0.00299984,-0.0165601,0.995105,-0.0221921,-0.0156554,0.0950165
28043719000,0.00164338,0.0781643,0.0740556,0.021434,-0.00183539,-0.0171813,0.995103,-0.0223672,-0.0156956,0.0949965
28053719000,0.00186259,0.0781509,0.0738816,0.0224059,-0.000855133,-0.0176171,0.9951,-0.0225558,-0.0157207,0.0949712
28063719000,0.00209131,0.0781468,0.0737027,0.0233387,5.32479e-05,-0.0181717,0.995098,-0.0227527,-0.0157358,0.0949404
28073719000,0.00232909,0.0781519,0.0735186,0.0242154,0.000968386,-0.0186457,0.995097,-0.022947,-0.0157422,0.0949069
28083719000,0.00257639,0.0781666,0.0733299,0.0252442,0.0019716,-0.0191003,0.995096,-0.0231426,-0.0157425,0.0948673
28093719000,0.00283335,0.0781917,0.0731355,0.0261487,0.00304684,-0.019769,0.995096,-0.0233366,-0.0157274,0.094829
28103719000,0.00309939,0.0782271,0.0729355,0.0270591,0.00403987,-0.0202264,0.995095,-0.0235347,-0.0157024,0.094787
28113719000,0.00337552,0.0782736,0.0727312,0.0281667,0.00526438,-0.0206426,0.995096,-0.0237287,-0.0156609,0.0947416
28123719000,0.00366207,0.0783318,0.0725232,0.0291451,0.0063944,-0.0209596,0.995096,-0.0239282,-0.0156115,0.0946948
28133719000,0.00267907,0.0781029,0.073599,0.0257091,0.00632841,-0.016813,0.995097,-0.0241305,-0.0155402,0.094644
28143719000,0.00294025,0.078171,0.0734286,0.0265134,0.00724688,-0.0172627,0.995099,-0.0243244,-0.0154566,0.0945928
28153719000,0.00230005,0.0779453,0.0741149,0.0243815,0.00720624,-0.0144904,0.995101,-0.0245134,-0.0153668,0.0945374
28163719000,0.00254851,0.0780217,0.0739678,0.0252921,0.00802391,-0.0149364,0.995103,-0.024693,-0.0152668,0.0944791
28173719000,0.00280582,0.0781056,0.0738168,0.0261625,0.00874909,-0.0152592,0.995107,-0.0248564,-0.0151504,0.0944222
28183719000,0.00307127,0.0781978,0.0736613,0.0269256,0.00969553,-0.0158431,0.99511,-0.0250146,-0.0150222,0.0943675
28193719000,0.00334477,0.0783006,0.073501,0.0277758,0.0108661,-0.0162279,0.995112,-0.0251671,-0.0148899,0.0943191
28203719000,0.00362661,0.078413,0.0733362,0.0285953,0.0116117,-0.016718,0.995116,-0.0253104,-0.0147436,0.094266
28213719000,0.00391607,0.0785336,0.0731671,0.0293012,0.0125108,-0.0171138,0.99512,-0.0254402,-0.014582,0.0942181
28223719000,0.00421276,0.0786634,0.0729933,0.0300392,0.0134495,-0.0176345,0.995123,-0.0255677,-0.0144203,0.0941698
28233719000,0.00451655,0.078801,0.0728139,0.0307243,0.0140721,-0.0182502,0.995127,-0.0256912,-0.0142527,0.0941193
28243719000,0.00405394,0.079065,0.0738351,0.0286353,0.0153954,-0.0143737,0.995132,-0.0258064,-0.0140728,0.0940619
28253719000,0.00434354,0.0792215,0.0736893,0.0292493,0.0158848,-0.0148028,0.995138,-0.0259165,-0.0138905,0.0939996
28263719000,0.00464001,0.0793845,0.0735391,0.0300325,0.0166907,-0.0152258,0.995143,-0.0260227,-0.0136965,0.0939438
28273719000,0.00494342,0.0795536,0.073384,0.0306489,0.0171374,-0.0157884,0.995149,-0.0261237,-0.0134977,0.0938825
28283719000,0.00525332,0.0797271,0.0732238,0.0313342,0.0175711,-0.0162514,0.995155,-0.0262211,-0.0132982,0.0938213
28293719000,0.00556869,0.0799051,0.0730592,0.0317432,0.0180227,-0.0166702,0.99516,-0.0263125,-0.0130969,0.0937655
28303719000,0.00588761,0.0800867,0.0728901,0.0320465,0.0183045,-0.0171601,0.995166,-0.0264025,-0.0128894,0.0937098
28313719000,0.00621039,0.0802704,0.0727162,0.0325149,0.0184416,-0.0176086,0.995172,-0.0264844,-0.012684,0.0936489
28323719000,0.00653715,0.0804547,0.0725373,0.0328415,0.0184098,-0.0181757,0.995179,-0.0265594,-0.0124766,0.093586
28333719000,0.0068666,0.0806396,0.0723539,0.0330556,0.01858,-0.0185144,0.995185,-0.0266295,-0.0122731,0.0935296
28343719000,0.00659299,0.0813785,0.0737546,0.0309057,0.0205775,-0.0133569,0.995191,-0.0267008,-0.0120699,0.0934716
28353719000,0.00690193,0.0815833,0.0736185,0.0308374,0.0203633,-0.0138642,0.995197,-0.02676,-0.0118659,0.0934182
28363719000,0.00683505,0.0821446,0.0745418,0.0296335,0.0213767,-0.0103679,0.995203,-0.0268069,-0.011663,0.0933635
28373719000,0.00713025,0.0823556,0.0744363,0.0293634,0.0208007,-0.0107436,0.995209,-0.0268507,-0.0114624,0.0933134
28383719000,0.0074231,0.0825605,0.074327,0.0291934,0.0201777,-0.0111178,0.995215,-0.0268842,-0.0112776,0.0932624
28393719000,0.00771361,0.0827597,0.0742146,0.0289074,0.0196561,-0.011344,0.995221,-0.0269105,-0.011097,0.0932099
28403719000,0.00800023,0.0829525,0.0741003,0.0284183,0.0189052,-0.0115153,0.995227,-0.0269257,-0.0109218,0.0931619
28413719000,0.00828228,0.0831379,0.0739842,0.0279952,0.0181834,-0.0117126,0.995234,-0.026922,-0.010758,0.0931113
28423719000,0.00855963,0.0833158,0.0738661,0.0274786,0.0173889,-0.0119155,0.995241,-0.0268991,-0.0105964,0.0930546
28433719000,0.0088316,0.0834849,0.0737466,0.02692,0.0164461,-0.0119764,0.995249,-0.0268685,-0.0104477,0.0929986
28443719000,0.00889141,0.0846835,0.0749164,0.0253847,0.0195415,-0.00725067,0.995256,-0.0268342,-0.0103148,0.0929459
28453719000,0.00914217,0.0848738,0.074843,0.0247427,0.0185301,-0.00742753,0.995263,-0.0267869,-0.0101896,0.0928961
28463719000,0.00938653,0.0850535,0.0747688,0.0241213,0.0173967,-0.00741827,0.99527,-0.0267357,-0.0100715,0.092847
28473719000,0.00962399,0.0852228,0.0746947,0.0233714,0.0164785,-0.00739674,0.995278,-0.0266734,-0.00995642,0.092799
28483719000,0.00985492,0.0853838,0.0746215,0.0228164,0.0157193,-0.00724312,0.995285,-0.0266073,-0.00986164,0.0927454
28493719000,0.0100802,0.0855369,0.0768894,0.0222286,0.014893,-0.00638914,0.995292,-0.0265309,-0.00977506,0.0927037
28503719000,0.0103002,0.0856795,0.0768257,0.0217712,0.0136323,-0.00636246,0.995299,-0.0264423,-0.00969402,0.0926625
28513719000,0.0105147,0.0858105,0.0767624,0.0211428,0.0125681,-0.00628629,0.995305,-0.0263498,-0.00963278,0.0926287
28523719000,0.0107224,0.0859306,0.0767004,0.0203901,0.011441,-0.00611715,0.995312,-0.0262528,-0.00958843,0.092595
28533719000,0.0109225,0.086041,0.0766404,0.0196375,0.0106475,-0.00589339,0.995317,-0.0261467,-0.00955779,0.0925655
28543719000,0.0111156,0.0861427,0.0765835,0.0189849,0.00967794,-0.00549035,0.995324,-0.0260272,-0.00954057,0.0925335
28553719000,0.0113028,0.0862355,0.0765302,0.0184506,0.00887899,-0.00515881,0.99533,-0.0259039,-0.00954133,0.0925021
28563719000,0.0112301,0.0876555,0.0773085,0.016884,0.0126628,-0.000380483,0.995335,-0.0257689,-0.00955352,0.0924798
28573719000,0.0113965,0.0877766,0.0773065,0.0164009,0.0115949,-1.17608e-05,0.995341,-0.0256266,-0.0095712,0.0924598
28583719000,0.0114702,0.0888439,0.0778105,0.0157045,0.0140958,0.00291801,0.995346,-0.0254748,-0.00959674,0.0924377
28593719000,0.0116251,0.0889798,0.0778421,0.0152873,0.0131045,0.00340807,0.995352,-0.0253155,-0.00963719,0.0924161
28603719000,0.0117756,0.0891056,0.0778786,0.0148145,0.0120649,0.00388158,0.995357,-0.0251542,-0.00968553,0.0923991
28613719000,0.0119232,0.0892213,0.0779206,0.0147049,0.0110928,0.00452016,0.995362,-0.0249882,-0.00974824,0.0923819
28623719000,0.0120682,0.0893281,0.0779697,0.0142906,0.0102659,0.00530545,0.995368,-0.0248129,-0.00982811,0.0923629
28633719000,0.0122092,0.0894269,0.0780259,0.0139195,0.00948547,0.00592681,0.995373,-0.0246267,-0.00991169,0.0923495
28643719000,0.0123476,0.0895172,0.0780889,0.0137567,0.0085673,0.00668719,0.995378,-0.0244275,-0.0100053,0.0923354
28653719000,0.0124848,0.0895989,0.0781595,0.0136655,0.00777141,0.00742919,0.995383,-0.0242205,-0.0101093,0.0923229
28663719000,0.0126218,0.0896734,0.0782376,0.0137403,0.00712094,0.00818364,0.995388,-0.0240107,-0.0102193,0.0923116
28673719000,0.0120211,0.090438,0.0785192,0.0110532,0.00900858,0.00982312,0.995393,-0.0237891,-0.0103474,0.0922978
28683719000,0.0121322,0.0905247,0.0786225,0.0111812,0.00837256,0.010831,0.995399,-0.0235612,-0.0104837,0.0922862
28693719000,0.0122442,0.0906055,0.0787348,0.0112342,0.00780203,0.0116328,0.995404,-0.0233241,-0.0106246,0.092276
28703719000,0.0123579,0.0906805,0.0788551,0.0115111,0.00720842,0.0124246,0.995408,-0.0230922,-0.0107717,0.0922692
28713719000,0.0124739,0.0907499,0.0789841,0.0116812,0.00665118,0.0133779,0.995413,-0.0228572,-0.0109256,0.0922581
28723719000,0.0125926,0.0908135,0.0791228,0.0120545,0.0060732,0.0143574,0.995417,-0.0226308,-0.0110893,0.0922485
28733719000,0.0127155,0.0908719,0.0792713,0.0125274,0.00560787,0.0153349,0.995421,-0.0224054,-0.0112614,0.0922391
28743719000,0.0128429,0.0909258,0.0794299,0.0129321,0.00514861,0.0163913,0.995425,-0.0221799,-0.0114377,0.0922315
28753719000,0.0129748,0.0909751,0.0795982,0.0134538,0.0047144,0.0172706,0.995428,-0.0219536,-0.0116293,0.092224
28763719000,0.0131126,0.0910204,0.0797756,0.0141089,0.00434176,0.0182069,0.995432,-0.0217218,-0.0118198,0.0922157
28773719000,0.0118875,0.091347,0.0792785,0.00997218,0.00503642,0.0163692,0.995435,-0.0214905,-0.0120104,0.092207
28783719000,0.0119909,0.0913956,0.0794467,0.0107372,0.00474715,0.0172799,0.995439,-0.0212644,-0.0122031,0.092196
28793719000,0.0111453,0.091659,0.0790867,0.00795896,0.00556054,0.0160602,0.995442,-0.0210487,-0.0124001,0.0921844
28803719000,0.0112283,0.0917136,0.0792522,0.00868219,0.00539324,0.0170328,0.995445,-0.0208422,-0.0126106,0.09217
28813719000,0.0113196,0.0917671,0.0794269,0.00959461,0.00532388,0.01791,0.995448,-0.0206419,-0.0128238,0.0921518
28823719000,0.0114203,0.0918202,0.0796107,0.0105464,0.00531053,0.018846,0.995452,-0.0204482,-0.0130341,0.0921297
28833719000,0.011531,0.0918733,0.0798036,0.0116017,0.00529362,0.0197345,0.995455,-0.0202674,-0.0132459,0.0921032
28843719000,0.0116527,0.0919256,0.0800058,0.0127278,0.0051586,0.0207089,0.995458,-0.0200998,-0.0134631,0.0920758
28853719000,0.0117863,0.0919771,0.0802161,0.013994,0.00515358,0.0213514,0.995461,-0.0199424,-0.0136843,0.0920432
28863719000,0.0119319,0.0920284,0.0804337,0.0151135,0.00509438,0.022164,0.995465,-0.0197979,-0.013895,0.092004
28873719000,0.0120889,0.0920786,0.0806595,0.0162754,0.00493782,0.0229965,0.995469,-0.0196606,-0.0141083,0.0919595
28883719000,0.0122586,0.0921278,0.080893,0.017668,0.00490919,0.023715,0.995472,-0.0195366,-0.0143206,0.0919131
28893719000,0.0124413,0.0921767,0.0811332,0.0188679,0.00486656,0.0243194,0.995476,-0.0194343,-0.0145279,0.091868
28903719000,0.0109754,0.0922536,0.0797245,0.0142465,0.00490386,0.0183233,0.995478,-0.0193492,-0.0147284,0.0918224
28913719000,0.0111239,0.0923033,0.0799112,0.0155086,0.00504972,0.0190005,0.995482,-0.0192731,-0.0149261,0.0917726
28923719000,0.0112862,0.0923531,0.0801037,0.0169513,0.00492649,0.0195161,0.995484,-0.0192159,-0.0151125,0.0917261
28933719000,0.0114627,0.0924022,0.0803019,0.0183528,0.00489303,0.0201259,0.995487,-0.0191705,-0.0152944,0.0916788
28943719000,0.0116519,0.0924513,0.0805058,0.0194908,0.00492596,0.0206506,0.995489,-0.0191506,-0.0154725,0.0916256
28953719000,0.0118528,0.0925001,0.0807143,0.0206912,0.00483544,0.0210479,0.995492,-0.0191507,-0.015638,0.091567
28963719000,0.0120665,0.0925485,0.080927,0.0220387,0.00484479,0.0214823,0.995495,-0.0191669,-0.0157914,0.0915018
28973719000,0.0122943,0.0925966,0.0811427,0.0235124,0.00477439,0.0216705,0.995498,-0.0191988,-0.0159331,0.0914421
28983719000,0.0125353,0.092644,0.0813599,0.0246863,0.00470429,0.0217664,0.9955,-0.0192451,-0.0160721,0.0913821
28993719000,0.012789,0.0926913,0.0815783,0.0260576,0.0047604,0.0219139,0.995502,-0.0193104,-0.0162002,0.0913209
29003719000,0.0113835,0.0930151,0.0795472,0.0215952,0.0056419,0.0136062,0.995504,-0.0193955,-0.0163174,0.0912605
29013719000,0.0105047,0.093246,0.0783063,0.0189191,0.00648451,0.00844978,0.995506,-0.0194923,-0.0164282,0.0912014
29023719000,0.0106988,0.0933106,0.0783915,0.0199374,0.00640336,0.0085989,0.995508,-0.0196099,-0.0165328,0.0911387
29033719000,0.0109043,0.0933744,0.0784779,0.0211669,0.00634207,0.00867599,0.995509,-0.0197573,-0.016623,0.091073
29043719000,0.0111208,0.0934377,0.078565,0.0221407,0.00632267,0.00875233,0.99551,-0.0199235,-0.0166983,0.0910136
29053719000,0.0113486,0.093501,0.0786522,0.0234233,0.00633008,0.00868397,0.995511,-0.0201022,-0.0167614,0.0909501
29063719000,0.0115873,0.0935642,0.078738,0.0243022,0.00631723,0.00847799,0.995512,-0.020292,-0.0168215,0.0908902
29073719000,0.0118345,0.0936272,0.0788218,0.0251472,0.00629473,0.00827238,0.995512,-0.020498,-0.0168777,0.0908359
29083719000,0.0120911,0.0936897,0.0789035,0.0261568,0.00621012,0.00807288,0.995512,-0.0207142,-0.0169157,0.0907799
29093719000,0.0123574,0.0937512,0.0789832,0.0271126,0.0060904,0.00787752,0.995512,-0.0209472,-0.0169379,0.0907234
29103719000,0.0118188,0.0942197,0.0776634,0.0248828,0.00757045,0.002245,0.995511,-0.0211894,-0.0169473,0.090669
29113719000,0.0120712,0.0942947,0.0776843,0.0256,0.00737155,0.0019365,0.995511,-0.0214357,-0.0169446,0.090615
29123719000,0.0123311,0.0943687,0.077702,0.0263819,0.00741946,0.00160411,0.99551,-0.0216909,-0.016929,0.0905638
29133719000,0.0125978,0.0944441,0.0777159,0.0269547,0.00764474,0.00118131,0.995509,-0.0219609,-0.0168973,0.0905213
29143719000,0.0128703,0.0945199,0.0777257,0.0275585,0.00752665,0.000764213,0.995508,-0.0222368,-0.0168544,0.0904774
29153719000,0.0131496,0.0945955,0.0777307,0.0283052,0.00759226,0.000243243,0.995506,-0.0225239,-0.0168015,0.0904368
29163719000,0.0134354,0.094671,0.0777305,0.0288507,0.00751606,-0.000277096,0.995504,-0.0228181,-0.0167321,0.0903978
29173719000,0.0137266,0.0947463,0.0777255,0.0293893,0.00756257,-0.000721976,0.995502,-0.0231159,-0.0166551,0.0903584
29183719000,0.0140232,0.0948228,0.0777151,0.0299366,0.00775506,-0.00136206,0.9955,-0.023423,-0.0165648,0.0903154
29193719000,0.0143252,0.0949012,0.0776976,0.030453,0.00791957,-0.00214261,0.995498,-0.0237315,-0.0164677,0.0902782
29203719000,0.0140411,0.0954961,0.0768216,0.0286613,0.0100019,-0.00587042,0.995495,-0.0240396,-0.0163617,0.0902401
29213719000,0.0139467,0.0959015,0.076267,0.0276493,0.0114462,-0.00815968,0.995493,-0.0243573,-0.0162474,0.0901996
29223719000,0.0142248,0.0960169,0.0761828,0.027951,0.011548,-0.00868272,0.99549,-0.0246828,-0.0161216,0.0901652
29233719000,0.0145055,0.0961335,0.0760927,0.0281827,0.0117469,-0.00933159,0.995488,-0.0250012,-0.0159879,0.0901301
29243719000,0.0147893,0.0962516,0.0759956,0.028568,0.0118597,-0.010091,0.995485,-0.0253227,-0.0158361,0.0901018
29253719000,0.0150757,0.09637,0.0758913,0.0287268,0.0118308,-0.0107672,0.995482,-0.0256409,-0.0156785,0.0900739
29263719000,0.0153638,0.0964885,0.0757802,0.0288995,0.0118857,-0.011447,0.995478,-0.025961,-0.0155216,0.0900441
29273719000,0.0156537,0.096609,0.0756624,0.02908,0.0122066,-0.0121269,0.995475,-0.0262724,-0.0153617,0.0900226
29283719000,0.0159444,0.096732,0.0755378,0.0290607,0.0124154,-0.01278,0.995471,-0.0265712,-0.0152031,0.0900022
29293719000,0.0162347,0.0968568,0.0754065,0.0290027,0.0125439,-0.0134906,0.995467,-0.0268627,-0.0150337,0.0899842
29303719000,0.0165257,0.0969826,0.0752683,0.0291978,0.0126285,-0.0141558,0.995463,-0.0271424,-0.0148708,0.089972
29313719000,0.0168182,0.0971106,0.075123,0.0293151,0.0129843,-0.014898,0.99546,-0.0274164,-0.014707,0.0899561
29323719000,0.0171118,0.0972407,0.0749703,0.029408,0.0130376,-0.0156355,0.995456,-0.0276754,-0.0145401,0.0899428
29333719000,0.0168773,0.0980098,0.0752238,0.0275507,0.0154854,-0.0149172,0.995452,-0.0279269,-0.0143747,0.0899344
29343719000,0.017152,0.0981648,0.0750713,0.0273585,0.0154662,-0.015577,0.995449,-0.0281641,-0.0142035,0.0899225
29353719000,0.0174261,0.0983197,0.0749122,0.0274599,0.0154929,-0.0162584,0.995445,-0.028388,-0.0140458,0.0899188
29363719000,0.0177012,0.0984751,0.0747461,0.0275527,0.0155759,-0.0169621,0.995442,-0.0285951,-0.0138916,0.0899137
29373719000,0.0179764,0.0986304,0.0745737,0.0274988,0.0154931,-0.0175011,0.995439,-0.0287868,-0.0137383,0.0899139
29383719000,0.0182504,0.0987849,0.0743956,0.0273029,0.0154102,-0.0181284,0.995436,-0.0289636,-0.0135919,0.0899138
29393719000,0.0185231,0.0989383,0.0742116,0.0272332,0.0152718,-0.0186735,0.995432,-0.0291174,-0.0134531,0.089919
29403719000,0.0187952,0.0990906,0.0740228,0.0271894,0.0152028,-0.0190915,0.99543,-0.0292537,-0.013315,0.0899237
29413719000,0.0190666,0.0992424,0.0738286,0.0270939,0.0151488,-0.0197459,0.995428,-0.0293761,-0.0131832,0.0899285
29423719000,0.0193384,0.0993928,0.0736282,0.0272749,0.0149416,-0.0203261,0.995425,-0.0294864,-0.0130581,0.0899369
29433719000,0.0191968,0.100167,0.0747278,0.0257571,0.0168614,-0.0161219,0.995424,-0.029571,-0.0129364,0.0899444
29443719000,0.0194543,0.100336,0.0745645,0.0257348,0.0168619,-0.0165276,0.995422,-0.0296358,-0.0128241,0.0899536
29453719000,0.0194573,0.100912,0.0752627,0.0247388,0.0181763,-0.0137827,0.995421,-0.0296734,-0.012719,0.0899657
29463719000,0.019705,0.101092,0.0751225,0.0247705,0.0177409,-0.0142705,0.995421,-0.0296938,-0.0126247,0.0899792
29473719000,0.0199536,0.101267,0.0749776,0.0249413,0.0172882,-0.0146974,0.995421,-0.0296891,-0.0125295,0.0899956
29483719000,0.0202028,0.101437,0.0748293,0.024898,0.0168374,-0.0149694,0.995421,-0.029675,-0.0124467,0.0900113
29493719000,0.0204516,0.101604,0.0768411,0.0248653,0.0164371,-0.0146233,0.995421,-0.0296391,-0.0123677,0.0900353
29503719000,0.0207003,0.101766,0.0766938,0.0248778,0.0160067,-0.0148452,0.995421,-0.0295852,-0.0122864,0.0900549
29513719000,0.0209494,0.101922,0.076544,0.0249434,0.0152877,-0.0151134,0.995422,-0.0295068,-0.0122275,0.0900812
29523719000,0.0211992,0.102073,0.0763916,0.0250078,0.0147876,-0.0153663,0.995423,-0.0294173,-0.0121737,0.0901061
29533719000,0.0214502,0.102218,0.0762367,0.0252051,0.0141909,-0.0156035,0.995424,-0.029319,-0.0121311,0.0901305
29543719000,0.0217031,0.102356,0.0760797,0.0253791,0.013456,-0.0158075,0.995425,-0.0292021,-0.0120932,0.0901631
29553719000,0.0214684,0.103154,0.0768182,0.0236852,0.0151757,-0.011338,0.995426,-0.0290675,-0.012058,0.0901994
29563719000,0.0217056,0.103302,0.0767046,0.0237435,0.0143747,-0.0113778,0.995427,-0.0289202,-0.012031,0.0902419
29573719000,0.0219449,0.103442,0.0765902,0.0241255,0.0136304,-0.0115066,0.995428,-0.0287583,-0.012014,0.0902871
29583719000,0.0221882,0.103574,0.0764749,0.0245231,0.0127724,-0.011551,0.995429,-0.0285791,-0.0119979,0.0903336
29593719000,0.0224349,0.103698,0.0763586,0.0248134,0.0120827,-0.0117194,0.99543,-0.028388,-0.012001,0.0903805
29603719000,0.0226848,0.103815,0.0762412,0.0251809,0.0113453,-0.011765,0.995431,-0.0281931,-0.0120156,0.0904352
29613719000,0.0229388,0.103926,0.0761233,0.0256148,0.0107132,-0.0118123,0.995431,-0.0279877,-0.0120335,0.0904958
29623719000,0.0231974,0.104029,0.0760045,0.0260971,0.00998581,-0.0119406,0.995431,-0.0277747,-0.0120546,0.0905584
29633719000,0.0234609,0.104125,0.075885,0.0265983,0.00928252,-0.0119668,0.995431,-0.0275524,-0.0120837,0.0906235
29643719000,0.0237286,0.104215,0.0757655,0.0269585,0.00872421,-0.0119321,0.99543,-0.0273229,-0.0121232,0.0906937
29653719000,0.023173,0.104952,0.0768306,0.0244375,0.0102815,-0.00655843,0.995429,-0.0270944,-0.0121721,0.0907646
29663719000,0.0234201,0.105051,0.0767658,0.0250087,0.0095024,-0.00638958,0.995428,-0.0268631,-0.0122285,0.0908395
29673719000,0.0230957,0.105646,0.0774555,0.0236922,0.0109049,-0.0030185,0.995426,-0.0266262,-0.0122972,0.0909177
29683719000,0.0233349,0.105752,0.0774257,0.0241735,0.0104812,-0.00295528,0.995424,-0.0263888,-0.0123668,0.0910024
29693719000,0.0235812,0.105855,0.0773962,0.0250734,0.0101281,-0.00294,0.995421,-0.0261558,-0.0124409,0.0910888
29703719000,0.0238363,0.105955,0.0773661,0.0259538,0.00974017,-0.00307737,0.995418,-0.0259316,-0.0125155,0.0911826
29713719000,0.0241006,0.106052,0.0773348,0.0269094,0.0096949,-0.00318034,0.995413,-0.0257194,-0.0125956,0.091281
29723719000,0.0243732,0.106147,0.0773025,0.0276037,0.00938967,-0.00327977,0.995408,-0.0255203,-0.0126785,0.0913863
29733719000,0.0246532,0.106242,0.0772701,0.0283995,0.00952615,-0.00320781,0.995401,-0.0253364,-0.0127678,0.0914938
29743719000,0.0249411,0.106337,0.0772376,0.0291798,0.00948159,-0.00327819,0.995394,-0.025173,-0.0128521,0.0916059
29753719000,0.0252367,0.106432,0.0772047,0.0299281,0.00959632,-0.00330527,0.995387,-0.0250211,-0.0129363,0.0917184
29763719000,0.0244608,0.106787,0.0779739,0.026968,0.0107797,-2.31502e-05,0.995378,-0.0248923,-0.0130113,0.0918404
29773719000,0.0247344,0.106895,0.0779734,0.0277673,0.0108913,-7.08058e-05,0.995368,-0.0247755,-0.0131015,0.0919664
29783719000,0.0250161,0.107006,0.0779718,0.0285655,0.0113326,-0.000245704,0.995357,-0.0246819,-0.0131851,0.0920997
29793719000,0.0253064,0.107122,0.0779697,0.0295036,0.0118218,-0.000185292,0.995344,-0.0246131,-0.0132643,0.0922366
29803719000,0.0256058,0.107243,0.0779682,0.0303696,0.0123472,-0.000112856,0.995331,-0.0245661,-0.0133471,0.0923846
29813719000,0.0259138,0.107369,0.077968,0.0312391,0.0129119,8.85649e-05,0.995316,-0.0245405,-0.0134208,0.0925398
29823719000,0.0262297,0.1075,0.0779692,0.031933,0.013412,0.000134332,0.9953,-0.0245396,-0.0134785,0.0927036
29833719000,0.026552,0.107638,0.0779712,0.0325213,0.0140317,0.000284648,0.995283,-0.0245584,-0.0135339,0.0928783
29843719000,0.0268799,0.10778,0.0779744,0.0330643,0.0144462,0.000338237,0.995264,-0.0245959,-0.0135838,0.0930578
29853719000,0.0272133,0.107927,0.0779779,0.0336016,0.0150185,0.000361267,0.995244,-0.0246576,-0.0136209,0.0932486
29863719000,0.027552,0.108081,0.0779822,0.0341438,0.0156679,0.000512864,0.995223,-0.024738,-0.0136569,0.0934464
29873719000,0.0263972,0.10829,0.0787318,0.0293193,0.0164411,0.00363745,0.995201,-0.0248399,-0.0136836,0.093652
29883719000,0.0266927,0.108457,0.0787695,0.0297835,0.017,0.00389999,0.995178,-0.0249588,-0.0137041,0.0938661
29893719000,0.0259983,0.108592,0.0792516,0.0268365,0.0176317,0.00584943,0.995153,-0.0250931,-0.0137183,0.0940878
29903719000,0.0262674,0.108773,0.0793111,0.026976,0.0184277,0.00604686,0.995127,-0.0252465,-0.0137265,0.0943234
29913719000,0.0265386,0.10896,0.0793735,0.027273,0.0190909,0.00643005,0.995099,-0.0254119,-0.0137264,0.0945689
29923719000,0.0268118,0.109155,0.0794399,0.0273663,0.0198587,0.00686204,0.995071,-0.025587,-0.0137148,0.0948205
29933719000,0.0270864,0.109357,0.0795098,0.0275482,0.0205738,0.00710481,0.995041,-0.0257743,-0.0137028,0.0950817
29943719000,0.0273623,0.109566,0.0795817,0.0276359,0.0212917,0.00727873,0.995011,-0.0259689,-0.0136812,0.0953506
29953719000,0.0276389,0.109783,0.0796557,0.0276771,0.0220733,0.00753325,0.994979,-0.0261754,-0.0136595,0.0956288
29963719000,0.0279153,0.110008,0.0797326,0.0275986,0.0229115,0.00783174,0.994946,-0.0263967,-0.0136356,0.0959106
29973719000,0.0277084,0.110357,0.0799583,0.0258005,0.0240053,0.00871512,0.994913,-0.0266237,-0.0136029,0.0961968
29983719000,0.0279657,0.110602,0.0800472,0.025658,0.0249372,0.00906484,0.994879,-0.0268527,-0.0135652,0.0964929
29993719000,0.0282213,0.110855,0.0801399,0.0254558,0.0256732,0.00948713,0.994843,-0.0270888,-0.0135308,0.0967964
30003719000,0.0284749,0.111116,0.0802362,0.0252597,0.026524,0.00976569,0.994807,-0.0273421,-0.0134848,0.0971032
30013719000,0.0287262,0.111385,0.0803354,0.0249986,0.027222,0.0100785,0.994771,-0.0275897,-0.0134406,0.0974088
30023719000,0.0289747,0.111661,0.0804382,0.0247134,0.0280776,0.0104759,0.994734,-0.0278258,-0.0133899,0.0977258
30033719000,0.0292194,0.111947,0.0805448,0.0242321,0.0289846,0.0108412,0.994696,-0.0280621,-0.013339,0.098055
30043719000,0.0294611,0.11224,0.0806545,0.0241105,0.0296792,0.0111089,0.994656,-0.0282975,-0.0132902,0.0983935
30053719000,0.0297002,0.112542,0.080767,0.0237086,0.0307146,0.0113951,0.994617,-0.028534,-0.0132352,0.098735
30063719000,0.0299359,0.112855,0.080883,0.0234241,0.0319083,0.0117864,0.994576,-0.0287605,-0.0131848,0.0990815
30073719000,0.0301687,0.11318,0.0810018,0.0231331,0.0331118,0.01199,0.994536,-0.0289759,-0.0131341,0.0994318
30083719000,0.0300455,0.113622,0.0806476,0.0215414,0.0347683,0.0103491,0.994495,-0.0291874,-0.0130849,0.0997853
30093719000,0.0302595,0.113976,0.0807526,0.0212618,0.0360234,0.0106561,0.994454,-0.0294012,-0.0130376,0.100138
30103719000,0.0302828,0.114259,0.0805326,0.0204155,0.0371211,0.0095124,0.994413,-0.0296062,-0.0129999,0.10049
30113719000,0.030486,0.114639,0.0806279,0.0202184,0.0388367,0.00954524,0.994371,-0.0298117,-0.012973,0.100843
30123719000,0.0306881,0.115035,0.0807235,0.0202078,0.0402295,0.00956062,0.99433,-0.0300096,-0.0129449,0.101192
30133719000,0.0308901,0.115446,0.080819,0.0201974,0.0419854,0.00955113,0.994288,-0.0302129,-0.0129331,0.10154
30143719000,0.0310922,0.115873,0.080915,0.0202112,0.0434462,0.00964306,0.994247,-0.0304057,-0.0129256,0.101885
30153719000,0.0312936,0.116316,0.0810125,0.0200741,0.0451744,0.00985502,0.994207,-0.0305859,-0.0129207,0.102229
30163719000,0.0314943,0.116777,0.0811115,0.0200624,0.0469201,0.00995112,0.994166,-0.0307593,-0.0129322,0.102573
30173719000,0.0316946,0.117256,0.0812115,0.0200101,0.0488899,0.010039,0.994124,-0.0309321,-0.0129586,0.102919
30183719000,0.0318947,0.117754,0.0813114,0.0200016,0.0508769,0.00994476,0.994083,-0.0310994,-0.0129883,0.103261
30193719000,0.0316639,0.118015,0.080897,0.0184595,0.0520717,0.00788566,0.994042,-0.0312596,-0.0130325,0.103602
30203719000,0.031849,0.118547,0.0809766,0.0185661,0.0542663,0.00802521,0.994002,-0.0314151,-0.0130872,0.103934
30213719000,0.0320359,0.119101,0.0810572,0.0188231,0.0565695,0.00810842,0.993962,-0.0315593,-0.013157,0.104261
30223719000,0.0322259,0.119677,0.0811396,0.0191727,0.0587364,0.00836558,0.993923,-0.0316968,-0.0132343,0.104581
30233719000,0.0324195,0.120277,0.0812225,0.0195448,0.0611011,0.00822278,0.993884,-0.0318337,-0.0133267,0.104899
30243719000,0.0326164,0.1209,0.0813045,0.0198377,0.0636411,0.00817816,0.993845,-0.0319645,-0.0134366,0.105212
30253719000,0.0328172,0.121549,0.081386,0.0203148,0.0661767,0.0081165,0.993806,-0.0321051,-0.0135644,0.105521
30263719000,0.0330229,0.122223,0.0814669,0.0208258,0.0684663,0.0080535,0.993767,-0.0322447,-0.0136968,0.105827
30273719000,0.0332338,0.122919,0.0815477,0.0213485,0.0708226,0.00811013,0.993729,-0.0323822,-0.0138441,0.106126
30283719000,0.0334497,0.123639,0.081628,0.0218318,0.0731439,0.00796217,0.993691,-0.0325231,-0.0139999,0.106418
30293719000,0.033671,0.124382,0.081708,0.0224329,0.0754167,0.00803641,0.993653,-0.0326647,-0.0141711,0.106703
30303719000,0.0338976,0.125148,0.0817892,0.0228743,0.0778138,0.00820467,0.993616,-0.03281,-0.0143532,0.106984
30313719000,0.0332649,0.124738,0.0809976,0.0203133,0.075825,0.00508239,0.993579,-0.032954,-0.0145423,0.107254
30323719000,0.0334711,0.125508,0.0810482,0.0209766,0.0781928,0.00504744,0.993542,-0.0331012,-0.0147428,0.107522
30333719000,0.0330739,0.125274,0.0805587,0.0193553,0.0767508,0.00320172,0.993506,-0.0332437,-0.0149565,0.107778
30343719000,0.0332708,0.126053,0.0805917,0.0200732,0.0790239,0.00339697,0.993471,-0.033388,-0.0151852,0.108032
30353719000,0.0334759,0.126854,0.0806273,0.0209593,0.0810465,0.00372863,0.993434,-0.0335392,-0.0154214,0.108289
30363719000,0.0336895,0.127673,0.0806658,0.0217696,0.0828393,0.00396135,0.993397,-0.0336933,-0.0156675,0.108543
30373719000,0.0339117,0.128511,0.0807061,0.0226603,0.0848036,0.00409176,0.99336,-0.033851,-0.01592,0.1088
30383719000,0.0341419,0.12937,0.0807484,0.0233878,0.0868206,0.00436612,0.99332,-0.0340113,-0.0161811,0.10907
30393719000,0.0343799,0.130247,0.080793,0.024194,0.0885826,0.00456183,0.99328,-0.0341614,-0.0164488,0.10935
30403719000,0.0346267,0.131141,0.0808404,0.0251743,0.0903175,0.00492361,0.993238,-0.0343033,-0.0167194,0.109641
30413719000,0.0335651,0.131961,0.0800814,0.0214109,0.0918102,0.00237081,0.993195,-0.0344415,-0.0169975,0.109946
30423719000,0.0337839,0.132888,0.0801069,0.0223923,0.0934896,0.00274405,0.99315,-0.0345876,-0.0172824,0.110267
30433719000,0.0340133,0.133831,0.0801365,0.0235077,0.0951886,0.0031693,0.993102,-0.0347238,-0.0175681,0.110612
30443719000,0.0342538,0.134791,0.080169,0.0245983,0.0967912,0.0033389,0.993051,-0.0348553,-0.0178599,0.11098
30453719000,0.0345055,0.135767,0.0802043,0.0257468,0.0983575,0.00370915,0.992997,-0.034986,-0.0181538,0.111371
30463719000,0.034769,0.136758,0.0802436,0.026937,0.099879,0.00415892,0.992941,-0.0351002,-0.0184505,0.111786
30473719000,0.0350446,0.137764,0.0802877,0.0281829,0.101399,0.00464889,0.992882,-0.0352051,-0.0187447,0.112228
30483719000,0.0353325,0.138787,0.0803364,0.0293889,0.103081,0.00510438,0.99282,-0.0352996,-0.019039,0.112696
30493719000,0.0356314,0.139825,0.0760536,0.0303857,0.104569,0.00356013,0.992755,-0.0353745,-0.0193327,0.11319
30503719000,0.035941,0.140878,0.0760918,0.031537,0.105941,0.00408071,0.992688,-0.0354383,-0.0196223,0.113709
30513719000,0.036262,0.141944,0.0761357,0.0326496,0.107334,0.00469432,0.992616,-0.0355054,-0.0199194,0.114259
30523719000,0.0348002,0.143983,0.075342,0.027368,0.112157,0.000756104,0.992542,-0.0355511,-0.0202209,0.114835
30533719000,0.0339122,0.145613,0.0747947,0.0241236,0.115306,-0.00178035,0.992466,-0.0355852,-0.020515,0.115433
30543719000,0.0341581,0.146772,0.0747796,0.0251152,0.116494,-0.00124049,0.992386,-0.0356077,-0.0207996,0.11606
30553719000,0.0344132,0.147943,0.0747696,0.0259251,0.117692,-0.000757863,0.992303,-0.0356136,-0.0210803,0.11671
30563719000,0.0346768,0.149126,0.0747644,0.0268082,0.118853,-0.00027499,0.992218,-0.0356043,-0.0213552,0.117385
30573719000,0.0349495,0.150319,0.074765,0.027727,0.119858,0.000396243,0.99213,-0.0355851,-0.021626,0.118086
30583719000,0.0352303,0.151522,0.0747716,0.0284248,0.120751,0.000926684,0.99204,-0.0355525,-0.0218807,0.118802
30593719000,0.0355189,0.152733,0.0747839,0.0292961,0.121508,0.0015198,0.991947,-0.0355082,-0.0221292,0.11954
30603719000,0.0358158,0.153954,0.0748018,0.0300628,0.122634,0.00206115,0.991853,-0.0354481,-0.0223748,0.120296
30613719000,0.0361213,0.155185,0.0748256,0.0310346,0.123459,0.00271647,0.991756,-0.0353777,-0.0226007,0.121067
30623719000,0.0351658,0.156974,0.0739728,0.0274105,0.126381,-0.00102191,0.991658,-0.0352821,-0.0228051,0.121858
30633719000,0.0354432,0.158243,0.0739652,0.0280971,0.127378,-0.000497726,0.991558,-0.0351795,-0.0229951,0.122663
30643719000,0.0357271,0.159522,0.073964,0.028697,0.128323,0.000258262,0.991457,-0.0350571,-0.0231731,0.123477
30653719000,0.036018,0.16081,0.0739695,0.0294805,0.129408,0.000830819,0.991355,-0.0349125,-0.0233309,0.124306
30663719000,0.0363169,0.162109,0.0739811,0.0302972,0.130395,0.00149267,0.991252,-0.0347456,-0.023478,0.125141
30673719000,0.0366225,0.163418,0.0739994,0.0308352,0.131287,0.00217482,0.99115,-0.0345651,-0.0236109,0.125972
30683719000,0.0369342,0.164734,0.0740236,0.0314981,0.132059,0.00265363,0.991048,-0.0343681,-0.023731,0.126804
30693719000,0.0372527,0.16606,0.0740533,0.0321965,0.133098,0.00329133,0.990947,-0.0341501,-0.0238326,0.127629
30703719000,0.0375776,0.167396,0.0740901,0.0327885,0.133949,0.00405977,0.990848,-0.0339234,-0.0239096,0.128445
30713719000,0.0379087,0.16874,0.0741333,0.0334338,0.13491,0.00458491,0.990749,-0.0336873,-0.0239741,0.129253
30723719000,0.0375656,0.170941,0.0726595,0.0315147,0.138884,-0.0012284,0.990653,-0.033429,-0.0240201,0.130046
30733719000,0.037884,0.172334,0.0726511,0.0321466,0.139841,-0.000454395,0.990559,-0.0331577,-0.0240437,0.130823
30743719000,0.0376798,0.174173,0.0715942,0.0307761,0.142343,-0.00429586,0.990468,-0.0328719,-0.0240552,0.13158
30753719000,0.03799,0.175599,0.0715546,0.0312478,0.143071,-0.00362648,0.99038,-0.0325697,-0.0240511,0.132317
30763719000,0.0383046,0.177034,0.0715222,0.0316509,0.14386,-0.00285254,0.990294,-0.0322639,-0.0240302,0.133039
30773719000,0.0386237,0.178477,0.0714972,0.0321781,0.144827,-0.00213646,0.990209,-0.0319466,-0.0239915,0.133756
30783719000,0.0389475,0.17993,0.0714788,0.032589,0.145771,-0.00155255,0.990126,-0.0316216,-0.0239363,0.134455
30793719000,0.0392756,0.181395,0.0714663,0.0330319,0.147058,-0.000941857,0.990047,-0.0312784,-0.0238561,0.135129
30803719000,0.0396083,0.182872,0.0714601,0.0335008,0.148361,-0.000294064,0.98997,-0.0309322,-0.0237685,0.135783
30813719000,0.0399452,0.184362,0.0714603,0.0339002,0.149613,0.000333147,0.989897,-0.030588,-0.0236637,0.136412
30823719000,0.0406422,0.185379,0.0698154,0.0355684,0.149096,-0.00605382,0.989825,-0.0302461,-0.0235522,0.137027
30833719000,0.0409994,0.186877,0.0697568,0.0358318,0.150584,-0.0056645,0.989757,-0.0299089,-0.0234167,0.137614
30843719000,0.0413589,0.18839,0.0697021,0.0360639,0.152066,-0.00527362,0.989692,-0.029577,-0.0232613,0.138177
30853719000,0.0417202,0.189918,0.0696506,0.0361881,0.153578,-0.00503242,0.98963,-0.0292491,-0.0230958,0.138718
30863719000,0.0420826,0.191462,0.069602,0.0362872,0.155182,-0.00468191,0.989571,-0.0289343,-0.0229141,0.139237
30873719000,0.0424461,0.193022,0.0695569,0.0364242,0.156869,-0.00433525,0.989515,-0.0286312,-0.0227218,0.139729
30883719000,0.0428102,0.194599,0.0695157,0.0364116,0.158557,-0.00391291,0.989462,-0.0283399,-0.0225286,0.140196
30893719000,0.0431737,0.196195,0.0694783,0.0362782,0.160575,-0.00356229,0.989412,-0.0280576,-0.0223241,0.140635
30903719000,0.0435363,0.197811,0.0694437,0.0362542,0.16269,-0.00336727,0.989365,-0.0277876,-0.0221096,0.141054
30913719000,0.0438988,0.199449,0.0694107,0.0362572,0.16476,-0.00322232,0.989321,-0.0275301,-0.0218894,0.141445
30923719000,0.0442597,0.201107,0.0693793,0.0359347,0.16692,-0.00307058,0.989281,-0.0272833,-0.0216623,0.141809
30933719000,0.0446172,0.202787,0.0693487,0.0355665,0.169131,-0.00304195,0.989243,-0.0270371,-0.0214339,0.142153
30943719000,0.0449717,0.20449,0.0693182,0.035341,0.17146,-0.00304881,0.989209,-0.0268041,-0.021204,0.14247
30953719000,0.0452051,0.205974,0.0670004,0.0344619,0.172833,-0.01204,0.989177,-0.0265745,-0.0209807,0.142768
30963719000,0.0455471,0.207715,0.0668796,0.0338764,0.175387,-0.0121192,0.989149,-0.0263487,-0.0207576,0.143037
30973719000,0.0458608,0.209043,0.0653631,0.0332489,0.176504,-0.0175377,0.989124,-0.0261377,-0.0205322,0.143278
30983719000,0.0461893,0.210819,0.0651864,0.032401,0.178907,-0.017806,0.989102,-0.0259393,-0.0203212,0.143496
30993719000,0.0465091,0.21262,0.0650064,0.0315291,0.181257,-0.0181976,0.989083,-0.0257523,-0.0201148,0.143693
31003719000,0.0468201,0.214446,0.0648226,0.0306821,0.183891,-0.0185628,0.989066,-0.0255765,-0.0199091,0.14387
31013719000,0.0471218,0.216297,0.0646352,0.0296412,0.186307,-0.0189204,0.989051,-0.0254162,-0.0197143,0.144026
31023719000,0.0474128,0.218173,0.064444,0.0285779,0.188842,-0.0193058,0.989038,-0.0252725,-0.0195236,0.144166
31033719000,0.0476931,0.220073,0.0642479,0.0274738,0.191182,-0.0199181,0.989027,-0.0251442,-0.0193413,0.144288
31043719000,0.0479625,0.221996,0.0640464,0.026423,0.193483,-0.0203951,0.989019,-0.0250264,-0.0191693,0.144386
31053719000,0.0501502,0.222567,0.0624156,0.0323665,0.190833,-0.0264905,0.989014,-0.0249228,-0.019005,0.144463
31063719000,0.0504689,0.224487,0.0621475,0.0313373,0.193073,-0.0271289,0.98901,-0.0248281,-0.0188401,0.144528
31073719000,0.0507762,0.226429,0.0618725,0.0301021,0.195356,-0.0278658,0.989007,-0.024748,-0.0186834,0.144579
31083719000,0.0510714,0.228393,0.0615893,0.0289448,0.197518,-0.0287849,0.989006,-0.024681,-0.0185352,0.144617
31093719000,0.0513538,0.230381,0.0612974,0.0275338,0.19993,-0.0295961,0.989006,-0.0246239,-0.018392,0.144644
31103719000,0.0516216,0.232391,0.0609974,0.026032,0.202159,-0.0303898,0.989008,-0.0245751,-0.0182647,0.144657
31113719000,0.0518762,0.234425,0.0606885,0.0249,0.204551,-0.0313951,0.989009,-0.0245402,-0.0181561,0.144666
31123719000,0.0521188,0.236482,0.0603699,0.0236121,0.206869,-0.0323225,0.989013,-0.0245152,-0.0180522,0.144662
31133719000,0.052349,0.238563,0.0600415,0.022441,0.209322,-0.0333523,0.989017,-0.0245142,-0.0179534,0.144643
31143719000,0.0525672,0.240668,0.0597027,0.0211973,0.21179,-0.0344197,0.989023,-0.0245178,-0.0178676,0.144612
31153719000,0.0524256,0.243917,0.0589248,0.0188566,0.218297,-0.0371463,0.98903,-0.0245336,-0.0177928,0.144569
31163719000,0.0526079,0.246112,0.0585473,0.0175905,0.220619,-0.0383509,0.989039,-0.0245568,-0.0177302,0.144514
31173719000,0.0526974,0.248758,0.0580186,0.0162215,0.224488,-0.0399968,0.98905,-0.0245877,-0.0176757,0.144439
31183719000,0.0528541,0.251013,0.0576128,0.0150962,0.226559,-0.0411633,0.989063,-0.0246267,-0.0176348,0.144353
31193719000,0.0530005,0.253288,0.0571949,0.0141949,0.228465,-0.0424031,0.989076,-0.0246749,-0.0176063,0.144255
31203719000,0.0531374,0.255583,0.0567659,0.0131708,0.230531,-0.0434142,0.989091,-0.0247184,-0.0175902,0.144148
31213719000,0.0532652,0.257898,0.0563274,0.0123928,0.232422,-0.0442857,0.989108,-0.0247604,-0.0175868,0.144026
31223719000,0.0533856,0.260232,0.0558797,0.0116903,0.234441,-0.0452413,0.989127,-0.0248024,-0.0175901,0.143887
31233719000,0.0534992,0.262586,0.0554227,0.0110213,0.236406,-0.0461625,0.989148,-0.0248404,-0.0176007,0.143735
31243719000,0.0536073,0.26496,0.0549571,0.0105982,0.238233,-0.0469514,0.98917,-0.0248669,-0.0176246,0.143576
31253719000,0.0537115,0.267351,0.054483,0.0102451,0.240049,-0.0478684,0.989194,-0.0248791,-0.017663,0.1434
31263719000,0.0538143,0.269759,0.0540022,0.0103181,0.241464,-0.0483062,0.98922,-0.0248871,-0.0177047,0.143218
31273719000,0.0526906,0.272847,0.0540006,0.00532677,0.246383,-0.0475703,0.989247,-0.0248766,-0.0177595,0.143026
31283719000,0.0527444,0.275319,0.0535216,0.00543677,0.248005,-0.0482395,0.989277,-0.0248585,-0.0178242,0.142811
31293719000,0.0527979,0.277808,0.0530365,0.00527642,0.2498,-0.0487813,0.989308,-0.0248359,-0.017895,0.14259
31303719000,0.0528521,0.280314,0.0525461,0.00555333,0.251471,-0.0492957,0.989342,-0.0247913,-0.0179817,0.142355
31313719000,0.0529083,0.282834,0.0520523,0.00569577,0.252608,-0.0494615,0.989377,-0.0247326,-0.0180761,0.142106
31323719000,0.0529682,0.285369,0.051555,0.00627117,0.254284,-0.0500043,0.989414,-0.0246521,-0.0181825,0.141853
31333719000,0.0530329,0.287919,0.0510529,0.00668388,0.255684,-0.050412,0.989451,-0.0245573,-0.01829,0.141592
31343719000,0.0531039,0.290484,0.0505466,0.00750362,0.257353,-0.0508513,0.98949,-0.0244514,-0.0184052,0.141326
31353719000,0.053183,0.293065,0.0500362,0.00831335,0.258827,-0.0512356,0.98953,-0.0243295,-0.0185255,0.141052
31363719000,0.0532703,0.295659,0.0495225,0.00914977,0.259951,-0.0514922,0.98957,-0.0241911,-0.0186498,0.140774
31373719000,0.0519817,0.29899,0.0502544,0.00489875,0.26386,-0.0469232,0.989612,-0.0240365,-0.0187782,0.140488
31383719000,0.0520351,0.301633,0.0497845,0.00579394,0.264804,-0.0470489,0.989655,-0.0238739,-0.0189057,0.140202
31393719000,0.0511503,0.30461,0.050115,0.00347219,0.266833,-0.0441345,0.989697,-0.0236992,-0.0190355,0.139913
31403719000,0.05119,0.307282,0.0496741,0.0044971,0.267656,-0.0440575,0.98974,-0.0235098,-0.0191628,0.139625
31413719000,0.0512402,0.309962,0.0492344,0.00554511,0.268449,-0.0438787,0.989782,-0.0233052,-0.0192907,0.139345
31423719000,0.0513008,0.31265,0.0487953,0.00657078,0.269061,-0.0439313,0.989823,-0.0230878,-0.0194152,0.139068
31433719000,0.0513712,0.315342,0.0483568,0.00749908,0.269456,-0.0437696,0.989864,-0.0228694,-0.0195321,0.138795
31443719000,0.0514511,0.31804,0.0479202,0.00849408,0.270045,-0.0435607,0.989905,-0.0226366,-0.0196441,0.138527
31453719000,0.0515421,0.320743,0.0474864,0.0096909,0.270628,-0.0431989,0.989945,-0.0223909,-0.019757,0.138268
31463719000,0.0516444,0.323453,0.0470561,0.0107702,0.271214,-0.0428554,0.989984,-0.0221354,-0.0198646,0.138015
31473719000,0.0517577,0.326168,0.04663,0.0119016,0.271823,-0.0423733,0.990022,-0.0218702,-0.0199667,0.137763
31483719000,0.0501566,0.329695,0.0470708,0.00666789,0.275758,-0.0386308,0.990061,-0.0215959,-0.0200587,0.137514
31493719000,0.0502296,0.332456,0.0466875,0.00795746,0.276515,-0.0380121,0.9901,-0.0213168,-0.0201398,0.137266
31503719000,0.0503149,0.335226,0.0463103,0.00910161,0.277522,-0.0374277,0.990139,-0.0210302,-0.0202108,0.137022
31513719000,0.0504114,0.338007,0.0459398,0.0101933,0.278583,-0.0366826,0.990178,-0.0207364,-0.0202771,0.136775
31523719000,0.0505194,0.340798,0.0455768,0.0114105,0.279618,-0.0359208,0.990217,-0.0204307,-0.0203398,0.136524
31533719000,0.05064,0.343599,0.0452223,0.0127129,0.280656,-0.0349779,0.990257,-0.0201134,-0.0203833,0.136273
31543719000,0.0507726,0.346411,0.0448773,0.0138006,0.281661,-0.0340173,0.990298,-0.0197967,-0.0204184,0.136021
31553719000,0.0509152,0.349232,0.0445419,0.0147187,0.282606,-0.0330638,0.990337,-0.0194895,-0.0204382,0.135772
31563719000,0.0510683,0.352061,0.0442163,0.0159068,0.283192,-0.0320556,0.990377,-0.0191683,-0.0204624,0.135525
31573719000,0.0512326,0.354898,0.0439011,0.0169492,0.284161,-0.0309799,0.990417,-0.0188512,-0.0204707,0.13528
31583719000,0.0502176,0.359723,0.0440249,0.0135094,0.292359,-0.0283589,0.990456,-0.0185434,-0.0204686,0.135031
31593719000,0.0503583,0.362649,0.0589063,0.0145975,0.292978,-0.0214497,0.990495,-0.0182442,-0.0204581,0.134789
31603719000,0.0496598,0.366738,0.0585879,0.0124505,0.297986,-0.0210156,0.990535,-0.017944,-0.0204294,0.134544
31613719000,0.0497888,0.369722,0.0583832,0.0133326,0.29888,-0.0199263,0.990574,-0.0176497,-0.0203892,0.134299
31623719000,0.0499275,0.372714,0.0581896,0.0144011,0.299533,-0.0187806,0.990613,-0.0173706,-0.0203355,0.134055
31633719000,0.0500763,0.375714,0.0580082,0.0153668,0.300437,-0.0174965,0.990652,-0.0170978,-0.0202595,0.133812
31643719000,0.0502352,0.378723,0.0578398,0.0164068,0.301311,-0.0161897,0.99069,-0.0168259,-0.0201677,0.133579
31653719000,0.0504032,0.381739,0.0576847,0.017208,0.301986,-0.014834,0.990728,-0.0165587,-0.0200704,0.133346
31663719000,0.0505799,0.384763,0.0575428,0.018123,0.302851,-0.0135385,0.990764,-0.0162881,-0.0199636,0.133124
31673719000,0.0507653,0.387797,0.0574134,0.018973,0.303806,-0.0123517,0.9908,-0.0160222,-0.019839,0.132907
31683719000,0.0509587,0.390839,0.0572966,0.0196962,0.304576,-0.0110111,0.990836,-0.0157458,-0.0197065,0.132693
31693719000,0.049554,0.393712,0.0566622,0.0145391,0.304636,-0.0121918,0.990871,-0.0154744,-0.0195602,0.132487
31703719000,0.0497047,0.396764,0.0565472,0.0155582,0.305716,-0.0108036,0.990905,-0.0152046,-0.0194068,0.132289
31713719000,0.0498647,0.399825,0.0564439,0.0164335,0.306577,-0.0098542,0.990936,-0.0149333,-0.0192342,0.132108
31723719000,0.0500315,0.402897,0.0563517,0.0169247,0.307665,-0.00858157,0.990967,-0.0146664,-0.019061,0.131931
31733719000,0.0502036,0.405975,0.0562737,0.0175006,0.308053,-0.00701494,0.990997,-0.0144042,-0.0188759,0.131763
31743719000,0.0503819,0.409058,0.0562124,0.0181607,0.308571,-0.0052445,0.991026,-0.0141497,-0.0186731,0.131598
31753719000,0.0505664,0.412148,0.0561671,0.0187448,0.309294,-0.00381564,0.991055,-0.0139052,-0.0184677,0.13144
31763719000,0.0507563,0.415245,0.0561347,0.0192478,0.310092,-0.00267748,0.991082,-0.0136844,-0.0182578,0.131286
31773719000,0.0509511,0.41835,0.0561128,0.0197264,0.310958,-0.00170259,0.991108,-0.0134687,-0.0180365,0.13114
31783719000,0.0511524,0.421464,0.056101,0.0205323,0.311792,-0.000655255,0.991133,-0.013273,-0.0178092,0.131004
31793719000,0.0513601,0.424586,0.0560988,0.0210091,0.312752,0.000220719,0.991157,-0.013092,-0.0175794,0.130872
31803719000,0.051573,0.427719,0.0561045,0.0215913,0.313739,0.000921584,0.99118,-0.0129375,-0.017353,0.130744
31813719000,0.0517921,0.430861,0.0561162,0.0222229,0.314782,0.00142204,0.991201,-0.0128143,-0.0171145,0.130625
31823719000,0.0429699,0.441754,0.0545459,-0.00971871,0.343608,-0.00480419,0.991223,-0.0126988,-0.0168636,0.130503
31833719000,0.0375063,0.4497,0.0535274,-0.028654,0.360776,-0.00847237,0.991243,-0.012614,-0.0166188,0.130392
31843719000,0.0372217,0.453313,0.0534443,-0.0283283,0.361871,-0.00813297,0.991261,-0.0125573,-0.0163866,0.130287
31853719000,0.0369406,0.456939,0.0533645,-0.0279227,0.363166,-0.00782947,0.991278,-0.0125176,-0.0161549,0.130194
31863719000,0.0366627,0.460577,0.0532868,-0.0276524,0.364519,-0.00771687,0.991293,-0.0124917,-0.015931,0.130107
31873719000,0.0363871,0.464229,0.0532108,-0.027465,0.365949,-0.00747615,0.991307,-0.0124917,-0.0157091,0.13003
31883719000,0.0361133,0.467895,0.0531375,-0.027294,0.367109,-0.00718826,0.99132,-0.0125218,-0.0154909,0.129956
31893719000,0.0358421,0.471572,0.0530661,-0.0269436,0.368381,-0.00709446,0.991331,-0.0125761,-0.0152792,0.12989
31903719000,0.0355737,0.475262,0.0529954,-0.0267378,0.369559,-0.00705193,0.991341,-0.0126443,-0.0150747,0.129832
31913719000,0.0353064,0.478962,0.0529247,-0.0267156,0.370547,-0.00707773,0.991349,-0.0127395,-0.0148829,0.129785
31923719000,0.0284831,0.472226,0.0529743,-0.0506635,0.333567,-0.0066847,0.991354,-0.0128678,-0.0147017,0.129749
31933719000,0.0279768,0.475566,0.0529065,-0.0506218,0.334513,-0.00686873,0.991358,-0.0130063,-0.0145429,0.129723
31943719000,0.0274705,0.478915,0.0528365,-0.0506513,0.335265,-0.00712158,0.991361,-0.0131643,-0.0143893,0.129704
31953719000,0.0269636,0.482271,0.0527644,-0.0507252,0.335959,-0.00731034,0.991362,-0.0133451,-0.014243,0.129692
31963719000,0.0264552,0.485634,0.0526894,-0.0509612,0.336573,-0.00767619,0.991363,-0.0135522,-0.0141096,0.129679
31973719000,0.025944,0.489002,0.0526104,-0.0512676,0.337125,-0.00813748,0.991362,-0.013791,-0.0139894,0.129671
31983719000,0.0254297,0.492375,0.0525272,-0.0515823,0.337496,-0.00848871,0.991362,-0.0140527,-0.0138734,0.12966
31993719000,0.0249132,0.495752,0.052441,-0.051722,0.337848,-0.00876802,0.991361,-0.0143329,-0.0137683,0.129647
32003719000,0.0243942,0.499132,0.0523516,-0.052085,0.338079,-0.00910825,0.99136,-0.0146318,-0.0136665,0.129634
32013719000,0.0238711,0.502513,0.0522585,-0.0525308,0.338086,-0.00950752,0.991358,-0.0149486,-0.0135762,0.129625
32023719000,0.0276704,0.506376,0.0491372,-0.037396,0.339607,-0.0217106,0.991356,-0.0152748,-0.01349,0.12961
32033719000,0.0299669,0.51008,0.0470703,-0.0282316,0.340719,-0.0292162,0.991353,-0.0156222,-0.0134058,0.129597
32043719000,0.0296821,0.513486,0.046776,-0.0287356,0.340494,-0.0296594,0.99135,-0.0159766,-0.0133251,0.129585
32053719000,0.0293931,0.516891,0.0464775,-0.0290686,0.340357,-0.030032,0.991348,-0.0163429,-0.0132599,0.129565
32063719000,0.0290998,0.520294,0.0461748,-0.0295933,0.340296,-0.0305072,0.991345,-0.0167177,-0.0131989,0.12954
32073719000,0.0288015,0.523697,0.0458677,-0.0300584,0.340321,-0.0309154,0.991344,-0.0170912,-0.0131426,0.129509
32083719000,0.0284983,0.527101,0.0455567,-0.0305972,0.340395,-0.0312883,0.991343,-0.0174629,-0.0130913,0.129469
32093719000,0.0281892,0.530506,0.0452414,-0.0312087,0.340597,-0.0317734,0.991344,-0.0178442,-0.0130468,0.129415
32103719000,0.0278752,0.533912,0.0449209,-0.0315939,0.34078,-0.0323121,0.991346,-0.0182217,-0.0130152,0.129349
32113719000,0.0275567,0.537321,0.0445958,-0.0321059,0.340881,-0.0327051,0.991351,-0.0185982,-0.0129856,0.129263
32123719000,0.0272332,0.54073,0.0442671,-0.0326091,0.341031,-0.0330489,0.991357,-0.0189769,-0.0129634,0.129163
32133719000,0.0309736,0.545465,0.0425018,-0.0181574,0.346067,-0.0390091,0.991365,-0.0193576,-0.0129493,0.129045
32143719000,0.0307896,0.548927,0.0421097,-0.0186298,0.346218,-0.0394069,0.991375,-0.0197368,-0.0129338,0.128915
32153719000,0.0306006,0.552389,0.0417138,-0.0191661,0.346124,-0.039787,0.991386,-0.0201167,-0.0129279,0.128771
32163719000,0.0304059,0.55585,0.0413136,-0.0197693,0.346092,-0.0402394,0.991398,-0.0204896,-0.0129251,0.128617
32173719000,0.0302061,0.559309,0.0409091,-0.020189,0.345846,-0.0406704,0.991411,-0.0208615,-0.0129303,0.128457
32183719000,0.0300017,0.562767,0.0405001,-0.0207066,0.345625,-0.0411269,0.991426,-0.0212346,-0.0129375,0.128281
32193719000,0.0297937,0.566222,0.0400882,-0.0208925,0.345507,-0.0412516,0.991442,-0.0215954,-0.0129554,0.128095
32203719000,0.0295823,0.569677,0.039675,-0.021378,0.345534,-0.0413994,0.991459,-0.0219505,-0.0129874,0.127901
32213719000,0.0293661,0.573133,0.0392597,-0.0218674,0.345607,-0.0416491,0.991477,-0.0222939,-0.0130203,0.127696
32223719000,0.0291463,0.576589,0.0388422,-0.0220948,0.345554,-0.0418579,0.991498,-0.0226223,-0.0130599,0.127474
32233719000,0.0289238,0.580046,0.0384235,-0.0224029,0.345833,-0.0418727,0.99152,-0.0229372,-0.013107,0.127243
32243719000,0.0286978,0.583504,0.0380034,-0.0228155,0.345908,-0.0421513,0.991543,-0.0232323,-0.0131601,0.127001
32253719000,0.0276119,0.591076,0.0358664,-0.0260951,0.360652,-0.0485183,0.991569,-0.0235002,-0.0132201,0.12674
32263719000,0.0273499,0.594684,0.0353806,-0.0262898,0.360931,-0.0486356,0.991597,-0.0237501,-0.0132855,0.126471
32273719000,0.0266126,0.600799,0.0338223,-0.0283232,0.370222,-0.0527681,0.991625,-0.0239743,-0.0133596,0.126198
32283719000,0.0263291,0.604503,0.033293,-0.0283418,0.370512,-0.0531048,0.991654,-0.0241799,-0.0134477,0.12592
32293719000,0.0260454,0.608209,0.0327618,-0.0284041,0.370782,-0.0531218,0.991687,-0.0243562,-0.0135391,0.125623
32303719000,0.0257606,0.611919,0.0322294,-0.0285577,0.371196,-0.05336,0.991721,-0.0245165,-0.013636,0.125311
32313719000,0.0254741,0.615633,0.0316953,-0.0287333,0.37163,-0.0534545,0.991756,-0.0246516,-0.0137375,0.124991
32323719000,0.025187,0.619352,0.0311604,-0.0286941,0.372188,-0.0535362,0.991794,-0.0247694,-0.0138405,0.124654
32333719000,0.0248989,0.623078,0.0306254,-0.0289214,0.372849,-0.0534562,0.991836,-0.0248604,-0.0139425,0.124297
32343719000,0.0246095,0.626809,0.0300905,-0.0289605,0.373517,-0.0535361,0.991879,-0.024937,-0.0140471,0.123921
32353719000,0.0260391,0.630876,0.0291458,-0.0227631,0.37524,-0.0551508,0.991925,-0.0250011,-0.0141577,0.123528
32363719000,0.0258111,0.634631,0.0285938,-0.02282,0.375756,-0.0552506,0.991974,-0.0250513,-0.0142679,0.123113
32373719000,0.0255829,0.638393,0.0280409,-0.0228071,0.376503,-0.0553137,0.992024,-0.025091,-0.0143863,0.122684
32383719000,0.0253551,0.64216,0.027488,-0.0227556,0.377025,-0.0552804,0.992078,-0.0251182,-0.0144958,0.122229
32393719000,0.025127,0.645933,0.0269361,-0.0228567,0.37747,-0.0550892,0.992133,-0.0251378,-0.0146075,0.121765
32403719000,0.0248974,0.64971,0.0263852,-0.023063,0.37792,-0.0551043,0.992189,-0.025148,-0.0147138,0.121289
32413719000,0.0246659,0.653492,0.0258349,-0.0232526,0.378481,-0.0549381,0.992248,-0.0251574,-0.0148219,0.120797
32423719000,0.0244347,0.657281,0.0252856,-0.0229821,0.379371,-0.0549395,0.992308,-0.0251635,-0.0149176,0.120284
32433719000,0.0242056,0.661081,0.0247348,-0.0228353,0.380569,-0.055213,0.99237,-0.0251675,-0.0150054,0.11976
32443719000,0.0239774,0.664891,0.0241823,-0.0228107,0.381495,-0.055284,0.992433,-0.0251685,-0.0150909,0.119229
32453719000,0.0232628,0.66808,0.0226929,-0.0244619,0.380099,-0.0587835,0.992498,-0.0251614,-0.0151674,0.118679
32463719000,0.0230187,0.671885,0.0221047,-0.0243405,0.381016,-0.0588653,0.992563,-0.0251546,-0.0152389,0.118122
32473719000,0.022504,0.6752,0.0209335,-0.0252533,0.380243,-0.0611031,0.99263,-0.0251518,-0.0152972,0.117553
32483719000,0.0222524,0.679008,0.0203218,-0.0250424,0.381333,-0.0612314,0.992698,-0.025145,-0.0153502,0.116974
32493719000,0.0220025,0.682827,0.0197094,-0.0249308,0.382442,-0.0612495,0.992766,-0.0251441,-0.0154051,0.116387
32503719000,0.021754,0.686657,0.0190961,-0.0247729,0.383576,-0.0614152,0.992835,-0.0251471,-0.015446,0.115794
32513719000,0.0215069,0.690499,0.0184814,-0.0246529,0.384859,-0.0615323,0.992904,-0.0251526,-0.0154783,0.115195
32523719000,0.0212612,0.694352,0.0178651,-0.0244747,0.385861,-0.0617326,0.992973,-0.0251679,-0.0155022,0.114594
32533719000,0.0210185,0.698217,0.0172462,-0.0240762,0.387059,-0.0620389,0.993042,-0.0252012,-0.0155123,0.113985
32543719000,0.0207799,0.702093,0.016624,-0.0236486,0.388146,-0.0624032,0.99311,-0.0252453,-0.0155052,0.113376
32553719000,0.0205446,0.705981,0.0159973,-0.0234052,0.389371,-0.0629249,0.993179,-0.0253073,-0.0154927,0.11276
32563719000,0.020312,0.709879,0.0153661,-0.0231209,0.390387,-0.0633262,0.993248,-0.0253993,-0.0154643,0.112133
32573719000,0.0200822,0.713789,0.0147298,-0.0228282,0.391437,-0.0639287,0.993317,-0.0255217,-0.0154182,0.111501
32583719000,0.0221611,0.717316,0.0143537,-0.0138575,0.39072,-0.0637302,0.993385,-0.0256751,-0.0153676,0.110862
32593719000,0.0220242,0.721227,0.0408798,-0.0135793,0.391596,-0.054071,0.993453,-0.0258538,-0.0153126,0.110218
32603719000,0.0218909,0.725147,0.0403348,-0.0130859,0.392252,-0.0549194,0.993521,-0.0260562,-0.0152436,0.10957
32613719000,0.0217615,0.729073,0.0397812,-0.0127971,0.392928,-0.0557972,0.993587,-0.026294,-0.0151662,0.108924
32623719000,0.0216346,0.733004,0.0392188,-0.0125703,0.393313,-0.0566814,0.993652,-0.0265647,-0.0150762,0.108274
32633719000,0.021511,0.73694,0.0386475,-0.012167,0.393867,-0.0575867,0.993716,-0.0268508,-0.0149789,0.107626
32643719000,0.0213905,0.740881,0.0380673,-0.0119152,0.39441,-0.0584618,0.993778,-0.0271719,-0.0148765,0.106981
32653719000,0.0212723,0.744828,0.0374769,-0.0117221,0.394909,-0.0596035,0.993839,-0.0275137,-0.0147598,0.106344
32663719000,0.0211567,0.748778,0.0368755,-0.0114113,0.395222,-0.0606784,0.993898,-0.0278727,-0.014638,0.105713
32673719000,0.0210446,0.752731,0.0362629,-0.0109986,0.395326,-0.0618495,0.993955,-0.0282461,-0.014509,0.105093
32683719000,0.0193522,0.75661,0.0355184,-0.0164242,0.39537,-0.0635939,0.99401,-0.0286411,-0.0143818,0.104482
32693719000,0.0182443,0.7605,0.0348376,-0.0196833,0.395283,-0.0650416,0.994063,-0.0290383,-0.0142507,0.103882
32703719000,0.0180488,0.764453,0.0341814,-0.019423,0.395306,-0.0662053,0.994116,-0.0294487,-0.0141148,0.103282
32713719000,0.0178551,0.768407,0.0335129,-0.0193402,0.395312,-0.0674913,0.994166,-0.0298597,-0.0139773,0.102696
32723719000,0.0176633,0.772358,0.0328312,-0.0190069,0.395045,-0.0688522,0.994214,-0.0302797,-0.0138366,0.102128
32733719000,0.0174747,0.776308,0.0321356,-0.0187207,0.394962,-0.0702585,0.99426,-0.030704,-0.0136952,0.101575
32743719000,0.0172896,0.780256,0.0314265,-0.0182881,0.394573,-0.0715703,0.994303,-0.0311387,-0.0135484,0.101037
32753719000,0.0171081,0.784199,0.0307043,-0.0180112,0.393936,-0.0728657,0.994345,-0.0315664,-0.0134042,0.100513
32763719000,0.0169291,0.788134,0.0299685,-0.0177863,0.39321,-0.0742905,0.994384,-0.031988,-0.0132642,0.100002
32773719000,0.0167532,0.792062,0.02922,-0.0173975,0.392411,-0.075421,0.994423,-0.0324058,-0.0131156,0.0995004
32783719000,0.0165802,0.795982,0.0284605,-0.0171915,0.39154,-0.0764709,0.99446,-0.0328179,-0.0129706,0.0990148
32793719000,0.0178735,0.800228,0.0285507,-0.0114585,0.391951,-0.0738078,0.994495,-0.0332282,-0.0128353,0.0985457
32803719000,0.0177615,0.804143,0.0278078,-0.0109599,0.390999,-0.0747718,0.994529,-0.0336139,-0.0126989,0.0980848
32813719000,0.0176534,0.808047,0.0270545,-0.0106632,0.38985,-0.0758853,0.994562,-0.0339808,-0.0125692,0.0976403
32823719000,0.017548,0.811941,0.0262901,-0.0104257,0.388826,-0.0770027,0.994595,-0.0343197,-0.0124393,0.0972064
32833719000,0.0174464,0.815823,0.0255155,-0.00989167,0.387644,-0.0779226,0.994626,-0.0346334,-0.0123092,0.0967911
32843719000,0.0173503,0.819693,0.0247322,-0.00931349,0.386348,-0.0787238,0.994656,-0.0349216,-0.0121735,0.0963918
32853719000,0.0172593,0.82355,0.0239417,-0.008886,0.384954,-0.0793915,0.994686,-0.0351789,-0.0120356,0.0960067
32863719000,0.0171737,0.827392,0.0231444,-0.008244,0.383598,-0.0800611,0.994715,-0.0354156,-0.0118976,0.0956361
32873719000,0.0170944,0.83122,0.0223407,-0.00760495,0.382025,-0.0806843,0.994743,-0.0356239,-0.0117638,0.095285
32883719000,0.0170212,0.835033,0.0215308,-0.00702254,0.380472,-0.0812854,0.994771,-0.0358047,-0.01163,0.0949397
32893719000,0.0157741,0.842083,0.0223504,-0.0107295,0.390686,-0.0750298,0.994799,-0.0359467,-0.0114885,0.0946091
32903719000,0.0156695,0.845981,0.0215978,-0.0102178,0.388979,-0.0754806,0.994826,-0.0360595,-0.0113469,0.0942969
32913719000,0.0147971,0.852099,0.0219206,-0.0126051,0.395607,-0.0713172,0.994853,-0.036149,-0.0112025,0.0939929
32923719000,0.0146736,0.856047,0.0212064,-0.0121148,0.393837,-0.0715119,0.994881,-0.0362015,-0.0110614,0.0936996
32933719000,0.0145551,0.859977,0.0204905,-0.0116025,0.392165,-0.0716841,0.994908,-0.0362289,-0.0109185,0.093418
32943719000,0.0144424,0.863891,0.019772,-0.0109432,0.390641,-0.072015,0.994935,-0.0362154,-0.010774,0.0931495
32953719000,0.0143363,0.86779,0.019051,-0.0102738,0.389209,-0.072187,0.994962,-0.0361675,-0.0106302,0.09289
32963719000,0.0142371,0.871674,0.0183287,-0.00955777,0.387586,-0.0722678,0.994991,-0.0360874,-0.0104855,0.0926366
32973719000,0.0141442,0.875542,0.0176056,-0.00902309,0.386051,-0.0723412,0.995019,-0.0359813,-0.010341,0.0923908
32983719000,0.0140561,0.879396,0.0168828,-0.00858719,0.384673,-0.0722358,0.995047,-0.0358419,-0.0101941,0.0921549
32993719000,0.0141406,0.88342,0.0176306,-0.00720561,0.38393,-0.0664562,0.995076,-0.0356802,-0.0100409,0.0919253
33003719000,0.0140704,0.887252,0.016966,-0.00685253,0.382406,-0.0664555,0.995105,-0.0354923,-0.00988524,0.0916991
33013719000,0.014004,0.891069,0.0163021,-0.00644877,0.381137,-0.0663289,0.995135,-0.0352764,-0.00972144,0.0914708
33023719000,0.0139424,0.894874,0.0156403,-0.0058628,0.379747,-0.0660332,0.995166,-0.0350397,-0.00956331,0.0912432
33033719000,0.0138869,0.898664,0.0149812,-0.00525136,0.378356,-0.0657902,0.995197,-0.0347822,-0.00940599,0.0910182
33043719000,0.0138366,0.902442,0.0143248,-0.00478888,0.377087,-0.0654796,0.995229,-0.0345007,-0.00925279,0.0907909
33053719000,0.0137909,0.906208,0.0136708,-0.00435395,0.376108,-0.065332,0.995262,-0.034192,-0.00909284,0.0905588
33063719000,0.0137494,0.909962,0.0130195,-0.00393514,0.374806,-0.0649339,0.995297,-0.0338612,-0.00893395,0.0903232
33073719000,0.0137102,0.913705,0.0123721,-0.0038952,0.373828,-0.0645401,0.995332,-0.0335101,-0.00876874,0.0900811
33083719000,0.0136729,0.917439,0.0117287,-0.00357751,0.37281,-0.0641411,0.995368,-0.0331459,-0.00861404,0.0898345
33093719000,0.0136368,0.921162,0.0110899,-0.00362687,0.371894,-0.063613,0.995404,-0.0327612,-0.00845343,0.0895851
33103719000,0.0136015,0.924877,0.0104563,-0.00342498,0.371126,-0.0631147,0.995442,-0.0323611,-0.00829805,0.0893306
33113719000,0.0117609,0.929527,0.011194,-0.00980534,0.373723,-0.0571673,0.99548,-0.0319433,-0.00813916,0.0890687
33123719000,0.0116616,0.93326,0.0106268,-0.0100838,0.372887,-0.056272,0.995519,-0.0315123,-0.00797887,0.0888039
33133719000,0.0104695,0.937676,0.0108622,-0.0142569,0.374665,-0.0524976,0.995557,-0.0310626,-0.00782245,0.0885396
33143719000,0.0103258,0.941419,0.0103422,-0.014524,0.374065,-0.0515085,0.995597,-0.030591,-0.00766087,0.0882749
33153719000,0.0101794,0.945156,0.00983178,-0.0147819,0.373463,-0.0505788,0.995636,-0.0301078,-0.00750434,0.0880089
33163719000,0.0100303,0.948888,0.00933096,-0.0150273,0.37291,-0.0495849,0.995676,-0.0296094,-0.00734923,0.0877417
33173719000,0.00987912,0.952615,0.00884058,-0.0152113,0.372488,-0.0484916,0.995715,-0.0290984,-0.00719561,0.0874776
33183719000,0.00972484,0.956337,0.0083602,-0.0156397,0.37191,-0.0475843,0.995755,-0.0285739,-0.0070422,0.0872086
33193719000,0.00956694,0.960055,0.00788847,-0.0159362,0.371554,-0.0467608,0.995795,-0.0280316,-0.0068889,0.0869435
33203719000,0.00940533,0.963769,0.00742568,-0.0163799,0.371344,-0.0457978,0.995834,-0.0274887,-0.00673065,0.0866791
33213719000,0.00923927,0.967482,0.00697262,-0.0168251,0.371202,-0.044813,0.995873,-0.0269327,-0.00657215,0.086417
33223719000,0.0084672,0.971089,0.00686153,-0.0193579,0.370573,-0.042561,0.995912,-0.0263814,-0.00641801,0.0861552
33233719000,0.00827156,0.974794,0.00644078,-0.0198092,0.370457,-0.0415876,0.995949,-0.0258224,-0.00627082,0.0858988
33243719000,0.00807198,0.978497,0.00603071,-0.0201185,0.3702,-0.0404276,0.995987,-0.0252591,-0.00612287,0.0856397
33253719000,0.007869,0.982197,0.00563152,-0.0204789,0.369865,-0.0394111,0.996024,-0.0246969,-0.00597339,0.0853845
33263719000,0.00766211,0.985894,0.00524312,-0.0208972,0.369447,-0.0382691,0.99606,-0.0241429,-0.00583273,0.0851288
33273719000,0.0074517,0.989588,0.00486638,-0.0211809,0.369338,-0.0370772,0.996096,-0.0235967,-0.00568942,0.0848771
33283719000,0.00723759,0.99328,0.00450187,-0.0216363,0.369065,-0.0358252,0.99613,-0.0230534,-0.00554745,0.0846284
33293719000,0.00702024,0.99697,0.00415002,-0.0218287,0.368905,-0.0345448,0.996164,-0.0225153,-0.00541699,0.0843828
33303719000,0.00680083,1.00066,0.00381074,-0.0220484,0.368738,-0.0333108,0.996198,-0.0219803,-0.00528899,0.0841393
33313719000,0.00657897,1.00434,0.00348378,-0.0223191,0.368551,-0.0320809,0.99623,-0.0214549,-0.00516163,0.0838985
33323719000,0.0067124,1.00692,0.00262833,-0.02109,0.364435,-0.0327969,0.996261,-0.0209424,-0.00503911,0.0836697
33333719000,0.00673191,1.00989,0.00192273,-0.0203117,0.361743,-0.0330359,0.99629,-0.0204419,-0.00491713,0.0834521
33343719000,0.00652942,1.01351,0.00159861,-0.0202281,0.361821,-0.0317884,0.996318,-0.0199434,-0.00479183,0.0832412
33353719000,0.00632819,1.01713,0.0012865,-0.0200314,0.36173,-0.0306335,0.996346,-0.0194616,-0.00467089,0.0830353
33363719000,0.0061281,1.02074,0.000985314,-0.0199885,0.361665,-0.029603,0.996371,-0.0189994,-0.00455497,0.0828435
33373719000,0.00592945,1.02436,0.000694698,-0.0197404,0.361725,-0.0285201,0.996395,-0.0185515,-0.0044403,0.0826619
33383719000,0.00573299,1.02798,0.000414509,-0.0195474,0.36182,-0.0275176,0.996417,-0.0181233,-0.00432589,0.0825025
33393719000,0.00553936,1.0316,0.000144399,-0.0191752,0.361829,-0.0265044,0.996437,-0.0177172,-0.00421562,0.0823564
33403719000,0.00534978,1.03522,-0.000114971,-0.018737,0.361879,-0.0253697,0.996455,-0.0173334,-0.00411083,0.0822228
33413719000,0.00516467,1.03884,-0.000363626,-0.0182826,0.3621,-0.0243613,0.996471,-0.0169769,-0.00400425,0.0821016
33423719000,0.00405252,1.04507,-0.00132783,-0.0212787,0.372005,-0.0261315,0.996486,-0.0166481,-0.00389313,0.0819931
33433719000,0.00384243,1.04879,-0.00158429,-0.0207641,0.372048,-0.0251621,0.9965,-0.0163448,-0.00378531,0.0818957
33443719000,0.00363726,1.05251,-0.0018315,-0.0202769,0.372269,-0.0242794,0.996511,-0.0160702,-0.00367602,0.0818142
33453719000,0.00343751,1.05624,-0.00206941,-0.0196746,0.372341,-0.0233028,0.996521,-0.0158376,-0.00356612,0.081746
33463719000,0.00324419,1.05996,-0.00229836,-0.0189876,0.372419,-0.0224864,0.996529,-0.0156284,-0.00345682,0.0816882
33473719000,0.00305763,1.06368,-0.00251914,-0.0183219,0.372267,-0.0216694,0.996536,-0.0154524,-0.0033438,0.0816477
33483719000,0.00287836,1.06741,-0.0027311,-0.0175291,0.372425,-0.0207243,0.996541,-0.015307,-0.00323412,0.0816191
33493719000,0.00270602,1.07113,-0.0029349,-0.0169344,0.372408,-0.0200351,0.996545,-0.015191,-0.00311922,0.0815994
33503719000,0.00253976,1.07486,-0.00313061,-0.0163148,0.372381,-0.0191059,0.996547,-0.0151131,-0.00299939,0.0815911
33513719000,0.00237984,1.07858,-0.00331749,-0.0156658,0.372064,-0.0182716,0.996548,-0.0150675,-0.00286956,0.0815906
33523719000,0.00222619,1.0823,-0.003498,-0.0150591,0.371628,-0.0178286,0.996548,-0.0150489,-0.00274221,0.0815918
33533719000,0.00207843,1.08601,-0.0036726,-0.0144891,0.371262,-0.0170932,0.996548,-0.0150585,-0.00261043,0.081595
33543719000,0.00328074,1.09138,-0.00593388,-0.00917152,0.376756,-0.0241007,0.996548,-0.0150911,-0.00247603,0.0815987
33553719000,0.00319103,1.09514,-0.00617246,-0.00880132,0.376123,-0.0236165,0.996547,-0.0151508,-0.00233533,0.0816056
33563719000,0.00388608,1.1,-0.0077742,-0.00547537,0.379278,-0.0279788,0.996545,-0.0152384,-0.00219074,0.0816132
33573719000,0.0038345,1.10378,-0.00805178,-0.0048718,0.378379,-0.0275358,0.996543,-0.0153391,-0.00203879,0.0816207
33583719000,0.00378833,1.10756,-0.00832508,-0.00437259,0.377366,-0.0271247,0.996541,-0.0154614,-0.0018784,0.081624
33593719000,0.00374694,1.11133,-0.00859385,-0.00390667,0.376537,-0.0266306,0.99654,-0.0155952,-0.00170908,0.0816203
33603719000,0.00371001,1.11509,-0.00885827,-0.00347817,0.375591,-0.0262519,0.996538,-0.0157428,-0.00153338,0.081619
33613719000,0.0036777,1.11884,-0.00911931,-0.00298046,0.374388,-0.0259566,0.996536,-0.0159057,-0.00134474,0.0816149
33623719000,0.00364968,1.12258,-0.00937723,-0.00261864,0.373129,-0.025627,0.996534,-0.016078,-0.00114735,0.0816131
33633719000,0.00362597,1.1263,-0.00963212,-0.00211709,0.371759,-0.0253506,0.996531,-0.0162639,-0.000940477,0.0816084
33643719000,0.00360694,1.13002,-0.00988429,-0.00168377,0.370364,-0.0250835,0.996529,-0.0164475,-0.000729819,0.081605
33653719000,0.00263619,1.13461,-0.0122606,-0.00490161,0.372035,-0.0327575,0.996525,-0.0166385,-0.000513224,0.0816128
33663719000,0.00258969,1.13832,-0.0125881,-0.00444091,0.370278,-0.0327415,0.99652,-0.01683,-0.000294405,0.0816341
33673719000,0.00254698,1.14202,-0.0129154,-0.00411406,0.368615,-0.0327103,0.996515,-0.0170195,-6.18934e-05,0.0816571
33683719000,0.00250766,1.1457,-0.0132429,-0.00375184,0.366585,-0.0328,0.99651,-0.0172109,0.000176293,0.0816819
33693719000,0.00247253,1.14935,0.0300874,-0.00337918,0.364526,-0.0154217,0.996504,-0.0173956,0.000418786,0.0817127
33703719000,0.00244,1.15298,0.0299325,-0.0031212,0.362449,-0.0155545,0.996498,-0.0175681,0.000667345,0.0817505
33713719000,0.00241116,1.1566,0.0297764,-0.00264032,0.360114,-0.0156636,0.996491,-0.0177362,0.000927432,0.0817956
33723719000,0.00238666,1.16019,0.0296185,-0.0022528,0.357779,-0.0159218,0.996483,-0.0178939,0.00119103,0.0818523
33733719000,0.0023655,1.16375,0.0294586,-0.00197165,0.355298,-0.016053,0.996475,-0.0180389,0.0014532,0.0819114
33743719000,0.00234779,1.16729,0.0292971,-0.00156336,0.352615,-0.0162527,0.996467,-0.0181726,0.00172518,0.0819789
33753719000,0.00233406,1.1708,0.0291334,-0.00117412,0.349961,-0.016475,0.996459,-0.0182815,0.00199392,0.0820411
33763719000,0.00232341,1.17429,0.0289665,-0.000950092,0.347299,-0.0169137,0.996451,-0.0183714,0.00226386,0.0821104
33773719000,0.00157356,1.18106,0.0262154,-0.00337761,0.356618,-0.0301497,0.996443,-0.0184371,0.00252823,0.0821853
33783719000,0.00108119,1.18674,0.0243405,-0.00467448,0.361629,-0.038149,0.996435,-0.0184789,0.00278609,0.0822667
33793719000,0.00103691,1.19034,0.0239571,-0.00425204,0.359065,-0.0385363,0.996427,-0.0184922,0.00304125,0.0823558
33803719000,0.00099673,1.19392,0.0235695,-0.0038067,0.356542,-0.03898,0.996419,-0.0184798,0.00329547,0.0824411
33813719000,0.000959658,1.19747,0.0231779,-0.0036124,0.353921,-0.0393322,0.996412,-0.018453,0.0035401,0.0825287
33823719000,0.000925167,1.201,0.0227827,-0.00328326,0.351484,-0.0397133,0.996404,-0.0183949,0.00377499,0.0826175
33833719000,0.000893723,1.2045,0.0223835,-0.00300054,0.349082,-0.0401206,0.996398,-0.0183007,0.00400647,0.0827019
33843719000,0.00086546,1.20798,0.0219798,-0.00264601,0.346764,-0.0406214,0.996392,-0.0181825,0.00423215,0.0827908
33853719000,0.000840299,1.21144,0.0215719,-0.00237994,0.344451,-0.040962,0.996387,-0.0180351,0.00444675,0.0828784
33863719000,0.00081733,1.21487,0.0211591,-0.00220761,0.341989,-0.0415998,0.996381,-0.0178622,0.00465898,0.082974
33873719000,0.00175166,1.21881,0.0195851,0.00146415,0.341426,-0.0472687,0.996376,-0.0176555,0.00485407,0.0830672
33883719000,0.00176778,1.22221,0.0191099,0.00171696,0.338939,-0.0477755,0.996371,-0.0174259,0.00504439,0.0831634
33893719000,0.00178545,1.22559,0.0186291,0.00180428,0.336714,-0.0483983,0.996366,-0.0171747,0.00522305,0.0832579
33903719000,0.00180422,1.22895,0.0181418,0.00194729,0.334579,-0.0490543,0.996362,-0.0169005,0.00539913,0.0833547
33913719000,0.00182407,1.23228,0.0176482,0.00202603,0.332519,-0.0496696,0.996357,-0.0166168,0.00556365,0.0834576
33923719000,0.00184388,1.2356,0.0171486,0.00193958,0.330505,-0.0502456,0.996352,-0.0163235,0.00571661,0.0835624
33933719000,0.00186443,1.23889,0.0166424,0.00217432,0.328513,-0.0509919,0.996348,-0.0160179,0.00585979,0.0836649
33943719000,0.0018867,1.24217,0.0161283,0.00228411,0.326539,-0.0518403,0.996343,-0.0157162,0.00599766,0.0837704
33953719000,0.0019103,1.24542,0.0156051,0.00244063,0.324833,-0.0527899,0.996338,-0.0154124,0.00612784,0.0838769
33963719000,0.00193486,1.24866,0.0150733,0.00247504,0.323287,-0.0535793,0.996334,-0.0151061,0.00624693,0.083975
33973719000,0.00195946,1.25189,0.0145329,0.00244941,0.321566,-0.0544815,0.996329,-0.0148146,0.00635965,0.0840714
33983719000,0.00198474,1.2551,0.0139842,0.00260992,0.31982,-0.0552703,0.996325,-0.0145352,0.00646209,0.084169
33993719000,0.000450109,1.26006,0.0138736,-0.00295533,0.32463,-0.054336,0.99632,-0.0142591,0.00655478,0.0842603
34003719000,-0.000516442,1.26445,0.0136516,-0.00638349,0.327394,-0.0540217,0.996316,-0.0139946,0.00663552,0.0843483
34013719000,-0.000580154,1.26772,0.0131053,-0.00638518,0.325979,-0.055238,0.996312,-0.0137562,0.00671148,0.0844312
34023719000,-0.000643525,1.27097,0.0125476,-0.00629599,0.324554,-0.0562947,0.996308,-0.0135404,0.00676932,0.084509
34033719000,-0.000706524,1.27421,0.0119796,-0.00630503,0.323114,-0.0573167,0.996304,-0.0133445,0.00682043,0.0845772
34043719000,-0.000768496,1.27744,0.0114017,-0.00608881,0.321689,-0.0582635,0.9963,-0.0131618,0.00686175,0.0846471
34053719000,-0.000828659,1.28065,0.0108141,-0.00594285,0.320447,-0.059254,0.996297,-0.0130071,0.00689536,0.0847081
34063719000,-0.000887164,1.28384,0.0102163,-0.00575734,0.319206,-0.0602943,0.996294,-0.0128774,0.00691217,0.0847597
34073719000,-0.000943718,1.28703,0.00960827,-0.00555302,0.317906,-0.0613194,0.996292,-0.0127674,0.00692051,0.0848031
34083719000,-0.000371397,1.29258,0.00994653,-0.00296607,0.325396,-0.0584448,0.99629,-0.0126769,0.00690927,0.0848405
34093719000,-0.000400068,1.29583,0.00935678,-0.00276496,0.324204,-0.0595058,0.996288,-0.0126097,0.00688709,0.084872
34103719000,-0.000426963,1.29906,0.00875675,-0.00261213,0.323166,-0.0604996,0.996287,-0.0125616,0.00685184,0.0849003
34113719000,-0.000451726,1.30229,0.00814625,-0.00234003,0.322191,-0.0616017,0.996286,-0.012539,0.00680243,0.0849217
34123719000,-0.000472945,1.30551,0.0075249,-0.00190473,0.321266,-0.0626679,0.996284,-0.0125429,0.00674483,0.0849426
34133719000,-0.000489844,1.30871,0.00689372,-0.00147675,0.320164,-0.0635684,0.996283,-0.0125687,0.00667538,0.0849594
34143719000,-0.000502564,1.31191,0.00625294,-0.00106958,0.319227,-0.0645862,0.996281,-0.0126244,0.00659246,0.0849763
34153719000,-0.000510661,1.3151,0.00560209,-0.000552361,0.318386,-0.065584,0.996279,-0.0127141,0.00650518,0.0849936
34163719000,-0.000513182,1.31828,0.00494132,4.49386e-05,0.31743,-0.0665715,0.996276,-0.0128358,0.00640168,0.085015
34173719000,-0.000510278,1.32145,0.00427044,0.000532238,0.3163,-0.0676033,0.996273,-0.0129899,0.00628699,0.0850423
34183719000,-0.000501446,1.3246,0.0035898,0.00123005,0.31523,-0.0685257,0.996269,-0.0131733,0.00616177,0.0850737
34193719000,-0.000484894,1.32775,0.00290065,0.00207587,0.314052,-0.0693047,0.996264,-0.013383,0.00602291,0.0851046
34203719000,-0.00115998,1.33244,0.00477928,0.000358557,0.318319,-0.0604026,0.996259,-0.0136141,0.00587603,0.0851383
34213719000,-0.00162239,1.33663,0.00577208,-0.000499236,0.32071,-0.0549993,0.996253,-0.0138686,0.00571781,0.0851731
34223719000,-0.00162288,1.33983,0.00521921,0.000450707,0.319154,-0.0555742,0.996247,-0.0141474,0.00555837,0.0852105
34233719000,-0.00161418,1.34301,0.00465991,0.00130734,0.317575,-0.0562855,0.99624,-0.014456,0.0053859,0.0852519
34243719000,-0.00159568,1.34618,0.00409415,0.00239698,0.315794,-0.0568654,0.996233,-0.0147723,0.00521125,0.085292
34253719000,-0.00156673,1.34933,0.00352332,0.00339065,0.314074,-0.0573012,0.996225,-0.0151056,0.00502111,0.0853334
34263719000,-0.00152753,1.35246,0.00294829,0.00444336,0.312239,-0.0577045,0.996217,-0.0154563,0.00482748,0.0853741
34273719000,-0.00147823,1.35557,0.00236966,0.00541137,0.310272,-0.0580223,0.996209,-0.0158196,0.0046312,0.0854209
34283719000,-0.00141909,1.35866,0.00178796,0.00640926,0.308468,-0.0583179,0.996199,-0.0162,0.00442349,0.0854687
34293719000,-0.00135023,1.36174,0.00120348,0.00735652,0.306651,-0.058579,0.99619,-0.0165939,0.00420672,0.0855175
34303719000,-0.00174776,1.36473,0.00298977,0.00645435,0.304258,-0.0498604,0.99618,-0.0169902,0.00398381,0.0855678
34313719000,-0.0016795,1.36776,0.00248957,0.0072508,0.302211,-0.0501778,0.996169,-0.0174036,0.00375566,0.0856223
34323719000,-0.00160355,1.37077,0.0019872,0.00795606,0.300287,-0.0502955,0.996156,-0.0178313,0.00351808,0.0856854
34333719000,-0.00152046,1.37376,0.00148295,0.00866358,0.298156,-0.050555,0.996144,-0.018268,0.00328202,0.0857512
34343719000,-0.00143133,1.37674,0.000977165,0.00915829,0.295994,-0.0506024,0.996131,-0.0187075,0.00303508,0.0858084
34353719000,-0.00133798,1.37968,0.000470712,0.0095054,0.293711,-0.0506884,0.996118,-0.01915,0.00277895,0.085876
34363719000,-0.00124045,1.38261,-3.60943e-05,0.00999293,0.291571,-0.0506732,0.996104,-0.0195916,0.00251298,0.0859443
34373719000,-0.0011389,1.38552,-0.000541982,0.0103086,0.289446,-0.0505046,0.99609,-0.0200275,0.00224277,0.0860132
34383719000,-0.00103465,1.3884,-0.0010466,0.0105317,0.287144,-0.050419,0.996076,-0.0204615,0.00196544,0.0860875
34393719000,-0.000928225,1.39126,-0.00155159,0.0107448,0.284799,-0.0505805,0.996061,-0.0208902,0.00167435,0.0861591
34403719000,-0.000820258,1.39409,-0.00205792,0.0108392,0.282588,-0.0506857,0.996046,-0.0213157,0.00138074,0.0862318
34413719000,-0.00592556,1.39848,0.000823918,-0.00794787,0.285909,-0.038216,0.996031,-0.0217405,0.00108917,0.0863016
34423719000,-0.00917438,1.40242,0.00248777,-0.0194383,0.287596,-0.0306725,0.996016,-0.0221675,0.000792867,0.086368
34433719000,-0.00936942,1.40529,0.0021811,-0.0194774,0.285271,-0.0306597,0.996002,-0.0225885,0.000481627,0.0864306
34443719000,-0.00956405,1.40813,0.00187437,-0.0194177,0.28307,-0.0306851,0.995988,-0.0230089,0.000160792,0.08648
34453719000,-0.00975846,1.41095,0.00156779,-0.0194596,0.280699,-0.0306309,0.995975,-0.0234227,-0.000161273,0.0865196
34463719000,-0.00995294,1.41374,0.0012612,-0.0194396,0.278279,-0.0306869,0.995962,-0.0238392,-0.000479186,0.0865479
34473719000,-0.0101471,1.41651,0.00095532,-0.0194085,0.275926,-0.0304896,0.99595,-0.0242578,-0.000791835,0.0865689
34483719000,-0.0103405,1.41926,0.000650952,-0.0192795,0.273476,-0.0303841,0.995939,-0.0246706,-0.00110988,0.0865731
34493719000,-0.0105336,1.42198,0.00034781,-0.0193345,0.2711,-0.0302446,0.99593,-0.0250845,-0.00143011,0.0865624
34503719000,-0.0107283,1.42468,4.63257e-05,-0.0196302,0.268679,-0.0300525,0.995922,-0.0254974,-0.00174982,0.086528
34513719000,-0.0109252,1.42735,-0.000252484,-0.0197603,0.266079,-0.0297096,0.995915,-0.0259145,-0.00206182,0.0864754
34523719000,-0.0111235,1.43,-0.00054795,-0.0198989,0.263627,-0.0293838,0.99591,-0.0263263,-0.00236578,0.0864013
34533719000,-0.0145308,1.43079,0.00108419,-0.0319695,0.254336,-0.022038,0.995906,-0.0267424,-0.00266498,0.0863067
34543719000,-0.0148519,1.43332,0.000865532,-0.032191,0.251605,-0.0216908,0.995904,-0.0271472,-0.00297228,0.0861918
34553719000,-0.0151757,1.43582,0.000650852,-0.0325376,0.248914,-0.0212447,0.995904,-0.027547,-0.00326566,0.0860516
34563719000,-0.0155031,1.4383,0.00044039,-0.032948,0.246171,-0.0208476,0.995906,-0.0279379,-0.00356044,0.0858961
34573719000,-0.0158334,1.44075,0.000234073,-0.0331119,0.243414,-0.0204158,0.995909,-0.0283182,-0.00384963,0.0857183
34583719000,-0.0161657,1.44317,3.26537e-05,-0.0333635,0.240503,-0.0198682,0.995915,-0.028685,-0.00412989,0.0855162
34593719000,-0.0165007,1.44556,-0.000163617,-0.0336321,0.237788,-0.0193861,0.995923,-0.0290415,-0.00441093,0.0852924
34603719000,-0.0168387,1.44792,-0.000355263,-0.0339863,0.234947,-0.0189434,0.995932,-0.0293767,-0.0046836,0.0850515
34613719000,-0.0171792,1.45026,-0.000541478,-0.0341285,0.232108,-0.0182997,0.995943,-0.0297013,-0.00495388,0.0847952
34623719000,-0.0175219,1.45256,-0.000722309,-0.0344153,0.229454,-0.0178668,0.995956,-0.0300149,-0.00522247,0.0845178
34633719000,-0.0180213,1.45171,4.00774e-05,-0.0351029,0.215369,-0.0138942,0.995971,-0.0303075,-0.00549331,0.0842211
34643719000,-0.0183747,1.45385,-9.58049e-05,-0.0355103,0.212414,-0.0132809,0.995987,-0.0305821,-0.00576698,0.0839151
34653719000,-0.0187817,1.45435,0.000273555,-0.0361018,0.203769,-0.0108789,0.996004,-0.0308409,-0.00603652,0.0835933
34663719000,-0.0191455,1.45637,0.000166277,-0.0365886,0.200635,-0.0105754,0.996023,-0.0310902,-0.00630459,0.0832629
34673719000,-0.0195137,1.45837,6.30787e-05,-0.0370304,0.197669,-0.0100639,0.996042,-0.0313289,-0.00657395,0.0829236
34683719000,-0.0198851,1.46033,-3.47409e-05,-0.0372531,0.194699,-0.00949995,0.996062,-0.0315526,-0.00684001,0.0825695
34693719000,-0.0202594,1.46226,0.0330402,-0.0376603,0.191921,0.00382474,0.996084,-0.0317575,-0.00710718,0.0822077
34703719000,-0.0206382,1.46416,0.0330816,-0.0381099,0.18907,0.00446317,0.996106,-0.0319528,-0.00738404,0.0818363
34713719000,-0.0210211,1.46604,0.0331283,-0.0384822,0.186229,0.00488161,0.996129,-0.0321321,-0.00765896,0.0814584
34723719000,-0.0214076,1.46789,0.0331803,-0.038824,0.183286,0.0055032,0.996153,-0.032292,-0.00794154,0.0810735
34733719000,-0.0217969,1.46971,0.0332386,-0.0390364,0.180316,0.00616469,0.996178,-0.0324363,-0.00821599,0.0806828
34743719000,-0.0381884,1.45356,0.0358073,-0.0980345,0.111634,0.0200105,0.996203,-0.0325854,-0.00847453,0.0802901
34753719000,-0.0391703,1.45466,0.0360103,-0.0982807,0.108826,0.0205864,0.996228,-0.0327043,-0.00876291,0.0798934
34763719000,-0.0401547,1.45574,0.0362194,-0.0985877,0.105993,0.0212324,0.996254,-0.0328153,-0.00904567,0.0794886
34773719000,-0.0411416,1.45678,0.0364346,-0.0987811,0.103018,0.0218202,0.996281,-0.0329228,-0.00932768,0.0790794
34783719000,-0.0421299,1.4578,0.0366557,-0.098888,0.100199,0.0223828,0.996308,-0.0330224,-0.00961681,0.0786625
34793719000,-0.0431199,1.45879,0.0368816,-0.0991265,0.0973147,0.0227967,0.996335,-0.0331261,-0.00990034,0.0782395
34803719000,-0.0441122,1.45974,0.0371132,-0.0993432,0.0944313,0.0235351,0.996362,-0.0332213,-0.0101793,0.0778159
34813719000,-0.045106,1.46068,0.0373523,-0.0994144,0.0917568,0.0242807,0.996389,-0.0333167,-0.0104556,0.0773917
34823719000,-0.0461004,1.46158,0.0375997,-0.0994833,0.0889684,0.0252081,0.996416,-0.0334066,-0.0107339,0.0769623
34833719000,-0.0470958,1.46245,0.0378551,-0.0995885,0.0861306,0.0258618,0.996444,-0.033497,-0.0110031,0.0765298
34843719000,-0.0415777,1.4715,0.0355705,-0.0761534,0.112964,0.0150458,0.99647,-0.0335855,-0.0112713,0.0761033
34853719000,-0.0423399,1.47261,0.0357248,-0.0762166,0.110004,0.0158164,0.996497,-0.0336894,-0.0115201,0.0756764
34863719000,-0.0389646,1.4792,0.034149,-0.0611218,0.127492,0.00855465,0.996522,-0.033795,-0.011767,0.0752524
34873719000,-0.0395776,1.48047,0.0342387,-0.0614202,0.124664,0.00937426,0.996547,-0.0339189,-0.0119915,0.0748327
34883719000,-0.0401941,1.4817,0.0343369,-0.0618703,0.121864,0.0102681,0.99657,-0.0340491,-0.0122211,0.0744226
34893719000,-0.0408131,1.4829,0.0344439,-0.0619186,0.118874,0.0111327,0.996593,-0.0341976,-0.0124465,0.0740202
34903719000,-0.0414334,1.48408,0.0345587,-0.0621454,0.116377,0.0118238,0.996614,-0.0343545,-0.0126685,0.0736239
34913719000,-0.0420559,1.48523,0.0346792,-0.0623637,0.113957,0.0122819,0.996634,-0.0345251,-0.0128886,0.0732348
34923719000,-0.0426806,1.48636,0.0348057,-0.0625841,0.111479,0.0130066,0.996653,-0.0347118,-0.0130988,0.0728479
34933719000,-0.0433078,1.48746,0.0349386,-0.0628516,0.109178,0.0135785,0.996671,-0.0349136,-0.0133048,0.0724651
34943719000,-0.0439378,1.48854,0.0350768,-0.0631668,0.106966,0.014058,0.996688,-0.0351254,-0.0135133,0.0720916
34953719000,-0.0445721,1.4896,0.0352189,-0.0636948,0.104782,0.0143624,0.996704,-0.035351,-0.0137139,0.0717223
34963719000,-0.045211,1.49064,0.0353651,-0.0640838,0.10281,0.0148829,0.996719,-0.0355881,-0.0139043,0.0713554
34973719000,-0.0424372,1.49745,0.0328599,-0.051976,0.122098,0.00401061,0.996733,-0.0358419,-0.0141024,0.0709891
34983719000,-0.0429593,1.49866,0.0329027,-0.0524085,0.119979,0.0045478,0.996746,-0.0361245,-0.0142811,0.0706293
34993719000,-0.043485,1.49985,0.0329505,-0.0527106,0.118063,0.00501442,0.996759,-0.0364156,-0.0144604,0.0702655
35003719000,-0.0440134,1.50102,0.0330021,-0.0529712,0.115916,0.00530315,0.996769,-0.0367332,-0.0146308,0.0699084
35013719000,-0.0445444,1.50217,0.0330575,-0.0532453,0.113849,0.00577496,0.996779,-0.0370705,-0.014801,0.0695553
35023719000,-0.0450782,1.5033,0.0331181,-0.0535014,0.111737,0.00634702,0.996787,-0.0374299,-0.0149712,0.0692084
35033719000,-0.0456136,1.50441,0.0331837,-0.053588,0.109668,0.0067803,0.996795,-0.0378027,-0.0151259,0.0688654
35043719000,-0.046149,1.50549,0.0332544,-0.0534993,0.107646,0.00734964,0.996801,-0.0381848,-0.0152771,0.0685278
35053719000,-0.0466837,1.50656,0.0333306,-0.0534567,0.105396,0.00790209,0.996806,-0.0385765,-0.0154329,0.0682045
35063719000,-0.047219,1.5076,0.0334113,-0.0535973,0.103361,0.0082222,0.99681,-0.0389756,-0.0155808,0.0678876
35073719000,-0.0458329,1.51243,0.0307289,-0.0468225,0.114832,-0.00211351,0.996812,-0.0393742,-0.0157368,0.0675892
35083719000,-0.0463013,1.51357,0.0307107,-0.046828,0.112813,-0.00152719,0.996812,-0.0397805,-0.0158818,0.0673134
35093719000,-0.0455553,1.51731,0.0288801,-0.0425413,0.120284,-0.00834605,0.996811,-0.0401819,-0.016026,0.0670556
35103719000,-0.045981,1.51851,0.0287979,-0.0425566,0.118374,-0.0080793,0.996808,-0.0405955,-0.0161497,0.0668221
35113719000,-0.0464055,1.51968,0.0287178,-0.0423415,0.116747,-0.00795509,0.996804,-0.0410102,-0.016271,0.0666046
35123719000,-0.0468281,1.52084,0.0286394,-0.0421612,0.114884,-0.007719,0.996797,-0.0414399,-0.0163925,0.0664048
35133719000,-0.0472498,1.52198,0.0285633,-0.042196,0.113244,-0.00749801,0.996788,-0.041885,-0.0165068,0.0662274
35143719000,-0.0476712,1.52311,0.0284892,-0.042071,0.111471,-0.00732712,0.996778,-0.0423379,-0.0166163,0.0660622
35153719000,-0.048091,1.52421,0.0284167,-0.0418975,0.109809,-0.00717046,0.996767,-0.0428056,-0.0167168,0.065913
35163719000,-0.0485087,1.5253,0.028345,-0.0416433,0.10804,-0.00716329,0.996753,-0.0432947,-0.0168111,0.0657817
35173719000,-0.0489226,1.52637,0.028274,-0.0411422,0.106515,-0.00704852,0.996737,-0.0438066,-0.0169077,0.0656585
35183719000,-0.0493316,1.52743,0.0282037,-0.0406628,0.104848,-0.00699901,0.99672,-0.0443347,-0.0169925,0.0655416
35193719000,-0.049725,1.53094,0.0260073,-0.0400971,0.112419,-0.0151292,0.996701,-0.0448747,-0.0170805,0.0654357
35203719000,-0.0501229,1.53205,0.025857,-0.0394682,0.110749,-0.0149329,0.996681,-0.0454322,-0.0171602,0.0653352
35213719000,-0.0505144,1.53316,0.025707,-0.0388294,0.109322,-0.0150773,0.996659,-0.046003,-0.0172327,0.0652478
35223719000,-0.0508999,1.53424,0.0255559,-0.0382544,0.107841,-0.0151404,0.996637,-0.0465667,-0.0172993,0.065163
35233719000,-0.0512794,1.53531,0.0254049,-0.0376618,0.106222,-0.0150641,0.996614,-0.0471428,-0.0173643,0.0650834
35243719000,-0.0516519,1.53637,0.0252541,-0.0368387,0.104916,-0.0150779,0.99659,-0.0477256,-0.0174318,0.0650163
35253719000,-0.0520169,1.53741,0.0251034,-0.0361534,0.103759,-0.0150655,0.996564,-0.0483115,-0.0174889,0.0649647
35263719000,-0.0523749,1.53844,0.0249534,-0.0354522,0.102503,-0.014944,0.996537,-0.0488994,-0.0175493,0.0649219
35273719000,-0.0527266,1.53946,0.0248037,-0.0348973,0.101339,-0.0149948,0.996509,-0.0494772,-0.0176136,0.0648924
35283719000,-0.0520253,1.54206,0.0231589,-0.030316,0.105748,-0.0205075,0.996481,-0.0500511,-0.0176737,0.0648764
35293719000,-0.0523242,1.54311,0.0229535,-0.0294579,0.104548,-0.0205716,0.996452,-0.0506212,-0.0177225,0.0648649
35303719000,-0.0526147,1.54415,0.0227481,-0.0286252,0.103096,-0.0205111,0.996422,-0.051183,-0.0177598,0.0648665
35313719000,-0.0523667,1.54645,0.0215341,-0.0258863,0.106289,-0.0242096,0.996393,-0.0517357,-0.0177985,0.0648697
35323719000,-0.0526209,1.5475,0.021293,-0.0249361,0.104717,-0.0240229,0.996363,-0.0522842,-0.0178333,0.064879
35333719000,-0.0528647,1.54854,0.0210543,-0.0238167,0.103202,-0.0237053,0.996334,-0.0528204,-0.0178609,0.0648884
35343719000,-0.0530971,1.54956,0.0208187,-0.0226558,0.101642,-0.023425,0.996304,-0.0533513,-0.0178796,0.0648974
35353719000,-0.0533176,1.55057,0.0205852,-0.021454,0.0998386,-0.0232663,0.996276,-0.0538634,-0.0178949,0.0649006
35363719000,-0.0535262,1.55156,0.0203534,-0.0202584,0.0979739,-0.0230934,0.996249,-0.0543623,-0.0179107,0.0648971
35373719000,-0.0537215,1.55253,0.0201238,-0.0188097,0.0960234,-0.022833,0.996223,-0.0548459,-0.0179139,0.0648916
35383719000,-0.0539039,1.55348,0.0198967,-0.0176583,0.094085,-0.0225748,0.996198,-0.0553119,-0.0179074,0.0648827
35393719000,-0.0542201,1.55514,0.0183586,-0.0169654,0.0948797,-0.0272002,0.996174,-0.0557564,-0.0178943,0.064877
35403719000,-0.0543832,1.55608,0.0180883,-0.0156601,0.0931779,-0.0268523,0.99615,-0.0561844,-0.0178775,0.0648685
35413719000,-0.0545337,1.55701,0.0178218,-0.01443,0.0913861,-0.0264569,0.996128,-0.056594,-0.0178541,0.0648597
35423719000,-0.0546725,1.55791,0.01756,-0.0133254,0.0896432,-0.0258995,0.996108,-0.0569756,-0.0178143,0.0648545
35433719000,-0.0548015,1.5588,0.0173023,-0.0124879,0.0878334,-0.0256425,0.996089,-0.0573252,-0.0177663,0.0648496
35443719000,-0.0549213,1.55967,0.017047,-0.011471,0.086185,-0.0254004,0.996071,-0.0576511,-0.0177129,0.0648422
35453719000,-0.0550318,1.56052,0.0167951,-0.0106174,0.0842137,-0.0249798,0.996056,-0.0579471,-0.0176519,0.0648327
35463719000,-0.0551333,1.56135,0.0165474,-0.00968881,0.082616,-0.0245752,0.996042,-0.05822,-0.0175831,0.0648274
35473719000,-0.0552259,1.56217,0.0163042,-0.0088325,0.0810032,-0.0240665,0.996029,-0.0584582,-0.0175018,0.0648215
35483719000,-0.0553102,1.56297,0.0160659,-0.0080167,0.0793348,-0.0235882,0.996019,-0.0586746,-0.0174074,0.064815
35493719000,-0.0553862,1.56376,0.0158312,-0.00718504,0.0775783,-0.023346,0.99601,-0.0588624,-0.0173056,0.0648067
35503719000,-0.0554553,1.56453,0.0155999,-0.00662898,0.076088,-0.0229186,0.996002,-0.0590297,-0.0171907,0.0647999
35513719000,-0.055444,1.56638,0.0139716,-0.00579973,0.0785738,-0.0276662,0.995996,-0.0591792,-0.0170693,0.0647934
35523719000,-0.0555005,1.56716,0.0136961,-0.00552174,0.077054,-0.0274292,0.995992,-0.0593064,-0.0169319,0.0647833
35533719000,-0.0555595,1.56879,0.0125167,-0.00512665,0.0787638,-0.0305012,0.995988,-0.0594172,-0.01678,0.0647689
35543719000,-0.0556082,1.56957,0.0122124,-0.00464442,0.077503,-0.0303617,0.995986,-0.0595157,-0.0166205,0.0647559
35553719000,-0.0556526,1.57034,0.01191,-0.0042354,0.0763743,-0.0301123,0.995985,-0.0596036,-0.0164491,0.0647394
35563719000,-0.0556932,1.5711,0.0116101,-0.003886,0.0751845,-0.0298752,0.995984,-0.0596854,-0.016263,0.0647216
35573719000,-0.0557311,1.57185,0.011311,-0.00370818,0.0740831,-0.0299274,0.995984,-0.0597654,-0.0160641,0.064699
35583719000,-0.0557667,1.57258,0.0110107,-0.00340801,0.0728747,-0.030149,0.995984,-0.0598418,-0.0158563,0.0646722
35593719000,-0.0557995,1.5733,0.0107095,-0.00314456,0.0716979,-0.0300772,0.995986,-0.059912,-0.0156405,0.0646396
35603719000,-0.0558311,1.57401,0.0104078,-0.0031578,0.0704199,-0.0302676,0.995987,-0.059988,-0.0154138,0.0646033
35613719000,-0.0553397,1.57506,0.00935643,-0.00112389,0.0706547,-0.0331297,0.995988,-0.060068,-0.0151837,0.0645639
35623719000,-0.05535,1.57576,0.00902399,-0.00097985,0.0695062,-0.0333579,0.995991,-0.0601408,-0.014935,0.0645148
35633719000,-0.0553602,1.57645,0.00868977,-0.00106951,0.0683456,-0.0334853,0.995994,-0.060212,-0.014678,0.0644632
35643719000,-0.0553712,1.57713,0.00835387,-0.00113482,0.0672823,-0.0336943,0.995996,-0.0602905,-0.0144185,0.0644153
35653719000,-0.0553826,1.5778,0.00801477,-0.00113733,0.066203,-0.034127,0.995999,-0.0603648,-0.0141488,0.0643636
35663719000,-0.0553951,1.57845,0.00767188,-0.00135597,0.0651879,-0.0344509,0.996001,-0.0604474,-0.0138744,0.064306
35673719000,-0.0554092,1.5791,0.00732513,-0.00147138,0.0641426,-0.0348995,0.996003,-0.0605405,-0.0135922,0.0642499
35683719000,-0.055425,1.57974,0.00697269,-0.001672,0.0631891,-0.0355871,0.996005,-0.0606406,-0.0132971,0.0641921
35693719000,-0.0554429,1.58036,0.0413258,-0.00194604,0.0622726,-0.0200936,0.996006,-0.0607489,-0.0129924,0.0641348
35703719000,-0.0554641,1.58098,0.0411216,-0.00228364,0.0614281,-0.0207481,0.996006,-0.0608691,-0.0126843,0.0640757
35713719000,-0.0554889,1.58159,0.0409106,-0.00267929,0.0606059,-0.0214606,0.996006,-0.0610011,-0.0123685,0.0640142
35723719000,-0.0555162,1.5822,0.0406922,-0.0027766,0.0600411,-0.0222169,0.996005,-0.0611429,-0.0120426,0.0639581
35733719000,-0.0543142,1.58294,0.039582,0.00148586,0.0601124,-0.0277048,0.996003,-0.0612957,-0.011711,0.0639048
35743719000,-0.0543008,1.58354,0.0393012,0.00111664,0.0595364,-0.028453,0.996,-0.061468,-0.0113761,0.0638512
35753719000,-0.0534999,1.58429,0.038499,0.00383842,0.0596956,-0.0318523,0.995996,-0.0616488,-0.0110386,0.0637967
35763719000,-0.053463,1.58489,0.0381765,0.00347392,0.0590487,-0.0326598,0.995991,-0.0618418,-0.0106898,0.063743
35773719000,-0.0534294,1.58548,0.037845,0.00321326,0.0586937,-0.033642,0.995985,-0.0620467,-0.0103326,0.0636897
35783719000,-0.0533974,1.58606,0.0375034,0.00319186,0.0583963,-0.0346738,0.995979,-0.0622645,-0.00996356,0.0636377
35793719000,-0.0533684,1.58664,0.0371513,0.00260866,0.0577431,-0.035741,0.995972,-0.0624938,-0.00960096,0.0635769
35803719000,-0.0533428,1.58722,0.0367867,0.00252046,0.0574179,-0.0371759,0.995965,-0.062729,-0.0092662,0.0635117
35813719000,-0.0533191,1.58779,0.0364083,0.00222984,0.0574222,-0.0385076,0.995956,-0.0629714,-0.00893379,0.0634463
35823719000,-0.0532973,1.58836,0.0360176,0.00212417,0.0567014,-0.0396399,0.995947,-0.0632268,-0.00860412,0.0633877
35833719000,-0.0529663,1.58892,0.0359804,0.0027072,0.0565399,-0.0392506,0.995937,-0.0634971,-0.00826994,0.0633191
35843719000,-0.0529392,1.58948,0.0355818,0.00265101,0.0559784,-0.0404809,0.995926,-0.0637786,-0.00795287,0.0632525
35853719000,-0.0529158,1.59004,0.0351703,0.00199574,0.0559398,-0.0418217,0.995914,-0.0640748,-0.00763593,0.0631769
35863719000,-0.0528959,1.5906,0.0347453,0.00198499,0.0551499,-0.0431664,0.995901,-0.0643848,-0.00734093,0.0630959
35873719000,-0.0528789,1.59115,0.0343067,0.00142804,0.055081,-0.0445535,0.995888,-0.0646962,-0.00704644,0.0630147
35883719000,-0.0528655,1.5917,0.0338542,0.00125416,0.0546838,-0.045945,0.995875,-0.0650195,-0.00676467,0.0629241
35893719000,-0.052855,1.59224,0.0333881,0.000858908,0.054172,-0.0472842,0.995861,-0.0653478,-0.00648986,0.0628318
35903719000,-0.0528476,1.59278,0.0329076,0.000612547,0.0537651,-0.0488159,0.995847,-0.0656786,-0.00623716,0.0627361
35913719000,-0.0528425,1.59332,0.0324128,0.000418515,0.0536057,-0.050132,0.995832,-0.0660248,-0.00599902,0.0626323
35923719000,-0.0528382,1.59385,0.0319047,0.000451679,0.0536197,-0.05149,0.995817,-0.0663806,-0.00576427,0.0625181
35933719000,-0.0528339,1.59439,0.0313834,0.00040359,0.0534188,-0.0527739,0.995802,-0.0667469,-0.00554081,0.0623963
35943719000,-0.0528306,1.59492,0.0308484,0.000275567,0.052932,-0.0542289,0.995787,-0.0671036,-0.00532681,0.0622675
35953719000,-0.0530021,1.59613,0.0322789,-0.000376561,0.0551761,-0.0473632,0.995773,-0.0674514,-0.00513683,0.0621268
35963719000,-0.0530068,1.59668,0.0317993,-0.00060649,0.0547625,-0.0485583,0.995759,-0.0678103,-0.00495754,0.0619819
35973719000,-0.0531019,1.59769,0.0326871,-0.00069111,0.0561647,-0.0439118,0.995745,-0.0681628,-0.00479034,0.06183
35983719000,-0.0531076,1.59825,0.0322418,-0.000478771,0.0558779,-0.0451526,0.995731,-0.0685103,-0.00464308,0.0616734
35993719000,-0.0531113,1.5988,0.0317855,-0.000261635,0.0555714,-0.0461124,0.995718,-0.0688538,-0.00451166,0.0615155
36003719000,-0.0531137,1.59936,0.0313183,-0.000217137,0.0550082,-0.0473199,0.995706,-0.0691814,-0.00439329,0.0613488
36013719000,-0.0531145,1.59991,0.0308416,5.59419e-05,0.0545464,-0.0480339,0.995695,-0.0694956,-0.00428914,0.0611785
36023719000,-0.0531128,1.60045,0.0303568,0.000289279,0.0541413,-0.0489177,0.995686,-0.0697979,-0.00420162,0.0609956
36033719000,-0.0531089,1.60099,0.0298625,0.000482404,0.0538637,-0.0499485,0.995677,-0.0700875,-0.00413239,0.0608113
36043719000,-0.0531023,1.60153,0.0293585,0.000843283,0.0534807,-0.0508456,0.99567,-0.0703576,-0.00407644,0.0606192
36053719000,-0.0540411,1.60295,0.0311307,-0.00236628,0.0562285,-0.0423921,0.995665,-0.0706024,-0.00403173,0.0604219
36063719000,-0.054064,1.60351,0.0307029,-0.00221949,0.0558565,-0.0431585,0.99566,-0.0708416,-0.00400762,0.060221
36073719000,-0.054085,1.60407,0.0302687,-0.00197848,0.0555075,-0.0436897,0.995657,-0.0710561,-0.00399116,0.0600192
36083719000,-0.0541024,1.60462,0.0298292,-0.0014847,0.0550467,-0.044207,0.995656,-0.0712437,-0.00399334,0.0598142
36093719000,-0.0541159,1.60517,0.0293852,-0.00121734,0.0546134,-0.044591,0.995657,-0.0714003,-0.00399802,0.0596058
36103719000,-0.0541253,1.60571,0.0289365,-0.000673828,0.0543799,-0.0451499,0.99566,-0.0715281,-0.00401974,0.0593977
36113719000,-0.0541304,1.60625,0.0284827,-0.000352746,0.054131,-0.0456126,0.995665,-0.0716445,-0.00405897,0.0591837
36123719000,-0.0541323,1.60679,0.0280245,-1.73181e-05,0.0537256,-0.0460175,0.995671,-0.0717316,-0.00410747,0.0589689
36133719000,-0.0541312,1.60733,0.0275629,0.000225884,0.0533683,-0.0463129,0.995679,-0.0717955,-0.00416237,0.0587495
36143719000,-0.0541279,1.60786,0.0270991,0.00043827,0.0532007,-0.046441,0.995689,-0.0718435,-0.004228,0.0585236
36153719000,-0.0541219,1.60839,0.0266335,0.000763626,0.0529455,-0.0466836,0.9957,-0.0718681,-0.00429939,0.0582966
36163719000,-0.0549913,1.61007,0.0292559,-0.00223568,0.0569467,-0.034964,0.995713,-0.071875,-0.00436961,0.0580639
36173719000,-0.0555537,1.61135,0.0308021,-0.0038512,0.0592714,-0.0277747,0.995727,-0.0718664,-0.00445143,0.0578268
36183719000,-0.055591,1.61194,0.030525,-0.00358771,0.0589748,-0.0276322,0.995742,-0.0718388,-0.00453298,0.0575904
36193719000,-0.055626,1.61253,0.0302495,-0.003401,0.0587262,-0.0274722,0.995759,-0.0717896,-0.00462695,0.0573466
36203719000,-0.0556592,1.61311,0.0299758,-0.00323681,0.058617,-0.0272603,0.995777,-0.0717255,-0.00472456,0.0571026
36213719000,-0.0556904,1.6137,0.029705,-0.00301219,0.0582688,-0.026914,0.995797,-0.0716398,-0.00482094,0.0568573
36223719000,-0.0557189,1.61428,0.0294373,-0.00268626,0.0581561,-0.0266194,0.995818,-0.071532,-0.00492355,0.0566148
36233719000,-0.0557454,1.61486,0.0291723,-0.00261991,0.0579277,-0.0263731,0.99584,-0.071414,-0.00502493,0.0563738
36243719000,-0.0557708,1.61544,0.0289104,-0.00246561,0.0577368,-0.0260222,0.995863,-0.0712754,-0.00513297,0.0561263
36253719000,-0.0557958,1.61602,0.028651,-0.00252645,0.0577001,-0.0258426,0.995888,-0.0711183,-0.00524042,0.0558793
36263719000,-0.056279,1.61729,0.0302574,-0.00416285,0.060629,-0.0184866,0.995913,-0.0709469,-0.00534909,0.0556354
36273719000,-0.056319,1.6179,0.0300753,-0.00382293,0.060845,-0.0179393,0.995939,-0.0707671,-0.00545363,0.0553892
36283719000,-0.0563558,1.61851,0.0298939,-0.00352248,0.0616203,-0.0183351,0.995967,-0.070559,-0.00556253,0.0551412
36293719000,-0.0563899,1.61913,0.0297112,-0.00329777,0.0620913,-0.0182045,0.995995,-0.0703487,-0.0056635,0.0548912
36303719000,-0.0564225,1.61976,0.0295293,-0.00322986,0.063093,-0.0181779,0.996024,-0.0701276,-0.0057662,0.0546433
36313719000,-0.0564534,1.62039,0.0293472,-0.00295609,0.0636163,-0.0182444,0.996053,-0.0698977,-0.00586505,0.0543921
36323719000,-0.0564818,1.62102,0.0291696,-0.00273118,0.0633757,-0.0172716,0.996082,-0.0696737,-0.00596504,0.0541432
36333719000,-0.056508,1.62166,0.0290002,-0.00249266,0.0638536,-0.0166068,0.996112,-0.0694289,-0.00606279,0.0538882
36343719000,-0.0565317,1.6223,0.028839,-0.0022686,0.0641786,-0.0156372,0.996143,-0.0691784,-0.00615538,0.0536244
36353719000,-0.0565533,1.62295,0.0286847,-0.00204864,0.0650854,-0.0152229,0.996175,-0.0689157,-0.00623914,0.0533562
36363719000,-0.0565718,1.6236,0.0285345,-0.00166017,0.0656828,-0.0148277,0.996208,-0.0686371,-0.00632795,0.0530835
36373719000,-0.0565873,1.62426,0.0283913,-0.00142743,0.0658422,-0.0137991,0.996242,-0.0683513,-0.00640768,0.0528049
36383719000,-0.0576514,1.62471,0.0295888,-0.00487413,0.0660326,-0.00920186,0.996277,-0.0680591,-0.00648087,0.052521
36393719000,-0.0576979,1.62538,0.0294936,-0.00442378,0.0678832,-0.00982498,0.996312,-0.0677564,-0.00655209,0.0522342
36403719000,-0.058433,1.62577,0.0302818,-0.0062528,0.0682316,-0.00742802,0.996347,-0.0674608,-0.00661883,0.0519483
36413719000,-0.0584945,1.62645,0.0302071,-0.0060281,0.0690812,-0.00751978,0.996382,-0.0671639,-0.00667799,0.0516522
36423719000,-0.0585512,1.62714,0.0301354,-0.00530395,0.0684498,-0.00682124,0.996416,-0.0668731,-0.00672707,0.0513585
36433719000,-0.0586033,1.62783,0.0300697,-0.00511021,0.0687403,-0.00630831,0.996451,-0.0665757,-0.00677899,0.0510642
36443719000,-0.0586531,1.62851,0.0300088,-0.00485846,0.0683614,-0.00587376,0.996485,-0.06628,-0.00681857,0.0507702
36453719000,-0.0587015,1.6292,0.0299517,-0.00482277,0.0686521,-0.00555176,0.996519,-0.0659876,-0.00685949,0.0504789
36463719000,-0.0587497,1.62989,0.0298967,-0.00481068,0.0689399,-0.00544558,0.996553,-0.0657012,-0.00689017,0.0501849
36473719000,-0.0587967,1.63057,0.0298454,-0.00459806,0.0687049,-0.00480649,0.996585,-0.0654314,-0.00692147,0.0498917
36483719000,-0.0588391,1.63114,0.0300879,-0.00458648,0.0683246,-0.00336161,0.996617,-0.0651691,-0.006948,0.0495983
36493719000,-0.0588845,1.63182,0.0300591,-0.00447637,0.0680127,-0.0023988,0.996647,-0.0649143,-0.00696917,0.0493094
36503719000,-0.0589285,1.6325,0.0300399,-0.00432487,0.0680446,-0.00145083,0.996678,-0.0646585,-0.0069925,0.0490156
36513719000,-0.0589705,1.63319,0.030027,-0.00407049,0.0688204,-0.00113008,0.99671,-0.0643962,-0.00701375,0.0487151
36523719000,-0.0590089,1.63388,0.0300196,-0.00361616,0.0689901,-0.000337276,0.996742,-0.0641332,-0.00702367,0.0484078
36533719000,-0.0590437,1.63457,0.0300174,-0.00333951,0.0699844,-0.000117901,0.996775,-0.0638593,-0.00703202,0.0480921
36543719000,-0.0590752,1.63527,0.030021,-0.0029673,0.0698295,0.000854771,0.996808,-0.0635822,-0.00702939,0.047776
36553719000,-0.0591048,1.63597,0.0300331,-0.00295497,0.0701825,0.00155648,0.996842,-0.0632901,-0.00702965,0.0474482
36563719000,-0.0591327,1.63667,0.0300514,-0.00262915,0.0702793,0.00209483,0.996877,-0.0629878,-0.0070234,0.047114
36573719000,-0.0591571,1.63738,0.0300748,-0.002247,0.0704079,0.00258461,0.996912,-0.0626825,-0.00701831,0.0467743
36583719000,-0.0594602,1.63832,0.0294657,-0.00326417,0.0716309,0.00064464,0.996948,-0.0623672,-0.00701139,0.0464235
36593719000,-0.0594906,1.63903,0.0294752,-0.00280643,0.0715124,0.00125179,0.996985,-0.0620457,-0.00700047,0.0460688
36603719000,-0.0597165,1.63988,0.0290327,-0.00333643,0.0719779,-6.77212e-06,0.997022,-0.0617189,-0.00699192,0.0457039
36613719000,-0.0597488,1.6406,0.0290344,-0.00311874,0.0719068,0.000335888,0.99706,-0.0613803,-0.00698444,0.0453385
36623719000,-0.0597795,1.64132,0.0290391,-0.00301583,0.0719602,0.000620531,0.997098,-0.0610442,-0.00697806,0.0449602
36633719000,-0.059808,1.64204,0.0290471,-0.00269047,0.0716323,0.000973832,0.997136,-0.0606931,-0.0069715,0.044581
36643719000,-0.0598335,1.64275,0.029058,-0.00240957,0.071126,0.00120454,0.997175,-0.060339,-0.00696403,0.0441994
36653719000,-0.0598572,1.64346,0.029071,-0.00232703,0.0707709,0.00138946,0.997214,-0.0599729,-0.00696094,0.0438117
36663719000,-0.0598791,1.64417,0.0290851,-0.00205872,0.0703049,0.00143137,0.997253,-0.0595967,-0.0069624,0.0434228
36673719000,-0.0598975,1.64487,0.0291002,-0.00161656,0.0696214,0.0015933,0.997294,-0.0592075,-0.00696246,0.0430266
36683719000,-0.0599127,1.64556,0.0291162,-0.00143114,0.0689974,0.00159957,0.997334,-0.0588122,-0.00697038,0.042629
36693719000,-0.0599254,1.64625,0.0291337,-0.00111319,0.0683735,0.00190094,0.997375,-0.0584062,-0.00698356,0.0422284
36703719000,-0.0599355,1.64693,0.0291526,-0.000897314,0.0676757,0.00188158,0.997416,-0.0579861,-0.00700481,0.0418245
36713719000,-0.0601497,1.64856,0.0281479,-0.00162291,0.0704954,-0.00156383,0.997458,-0.057557,-0.00703003,0.0414201
36723719000,-0.0601654,1.64926,0.0281337,-0.00150249,0.0696754,-0.00127007,0.9975,-0.0571104,-0.00706243,0.0410149
36733719000,-0.0601801,1.64995,0.0281219,-0.00143692,0.0686928,-0.00108664,0.997543,-0.0566475,-0.00709761,0.0406063
36743719000,-0.0601944,1.65063,0.0281115,-0.00141957,0.0677735,-0.000992498,0.997586,-0.0561656,-0.00714016,0.0402031
36753719000,-0.060208,1.6513,0.0281036,-0.00130971,0.0666116,-0.00058916,0.997629,-0.0556818,-0.00719438,0.0398036
36763719000,-0.0602216,1.65197,0.0280986,-0.00139923,0.065762,-0.000403572,0.997672,-0.0551886,-0.00725466,0.0394037
36773719000,-0.0602354,1.65262,0.0280967,-0.00137341,0.0645038,2.05623e-05,0.997715,-0.0546839,-0.00731952,0.0390079
36783719000,-0.0602495,1.65326,0.0280989,-0.00143251,0.0634804,0.000412015,0.997758,-0.0541709,-0.00739035,0.0386105
36793719000,-0.0602647,1.65389,0.0503403,-0.00166456,0.0623431,0.0111755,0.9978,-0.053659,-0.00746896,0.0382236
36803719000,-0.0607068,1.65543,0.0493454,-0.00332596,0.0644409,0.00525908,0.997841,-0.0531411,-0.00755367,0.0378387
36813719000,-0.0607408,1.65607,0.0494007,-0.0034611,0.0634022,0.00579943,0.997882,-0.0526289,-0.00763933,0.0374614
36823719000,-0.0610211,1.65742,0.0486859,-0.00434536,0.0647821,0.0019571,0.997922,-0.0521227,-0.00773602,0.037087
36833719000,-0.0610653,1.65806,0.0487076,-0.00447142,0.063494,0.00237796,0.997961,-0.0516273,-0.00784151,0.036713
36843719000,-0.0611115,1.65869,0.0487335,-0.00476862,0.0623319,0.00279904,0.997999,-0.0511391,-0.00795498,0.0363382
36853719000,-0.0611602,1.6593,0.0487647,-0.00496902,0.060981,0.00343823,0.998036,-0.0506458,-0.00807221,0.035964
36863719000,-0.0612103,1.65991,0.0488008,-0.00505125,0.0596235,0.00378114,0.998073,-0.0501698,-0.00819106,0.0355907
36873719000,-0.0612614,1.6605,0.0488419,-0.0051708,0.0583614,0.00443745,0.998108,-0.0497059,-0.00831027,0.0352187
36883719000,-0.0613139,1.66107,0.0488893,-0.0053447,0.0572465,0.00504357,0.998142,-0.0492575,-0.00843035,0.0348533
36893719000,-0.061369,1.66164,0.0489432,-0.00566398,0.0558478,0.00574108,0.998175,-0.0488248,-0.00855967,0.0344937
36903719000,-0.0614264,1.66219,0.0490041,-0.00582243,0.0545204,0.00644246,0.998206,-0.048408,-0.00868999,0.0341461
36913719000,-0.061487,1.66273,0.049073,-0.00630075,0.0532076,0.00733655,0.998236,-0.048,-0.00881414,0.0338003
36923719000,-0.0615517,1.66326,0.0491513,-0.00664113,0.0518828,0.00832406,0.998265,-0.0476065,-0.0089406,0.0334645
36933719000,-0.0619749,1.66486,0.0480948,-0.00820318,0.0546297,0.00366666,0.998293,-0.0472362,-0.00906821,0.033129
36943719000,-0.0620583,1.66539,0.0481362,-0.00843499,0.053249,0.00461256,0.99832,-0.0468816,-0.00919015,0.0327976
36953719000,-0.0621444,1.66592,0.0481876,-0.00878877,0.0520053,0.00566383,0.998345,-0.0465513,-0.00931443,0.0324702
36963719000,-0.0622331,1.66643,0.0482494,-0.00894794,0.0507291,0.00669115,0.998368,-0.0462511,-0.00943488,0.0321467
36973719000,-0.0623249,1.66694,0.0483229,-0.00941816,0.0495346,0.00801967,0.99839,-0.0459805,-0.00954993,0.0318247
36983719000,-0.0624209,1.66742,0.0484091,-0.00978094,0.0482119,0.00921904,0.99841,-0.045735,-0.00966991,0.0315108
36993719000,-0.0625191,1.6679,0.0485073,-0.00986222,0.0471309,0.0104195,0.998428,-0.0455161,-0.00978729,0.0311988
37003719000,-0.0626185,1.66837,0.0486176,-0.0100236,0.045905,0.0116466,0.998445,-0.0453289,-0.00990174,0.0308925
37013719000,-0.0627214,1.66882,0.0487402,-0.0105616,0.0448926,0.0128781,0.998461,-0.0451708,-0.0100159,0.0305878
37023719000,-0.0628275,1.66926,0.048876,-0.0106524,0.0436942,0.0142805,0.998475,-0.0450367,-0.0101261,0.030283
37033719000,-0.0634172,1.6705,0.0471633,-0.0124138,0.0455076,0.00792148,0.998488,-0.044933,-0.0102255,0.0299754
37043719000,-0.0635419,1.67095,0.0472492,-0.0125061,0.0443112,0.00924489,0.998499,-0.0448582,-0.010323,0.0296699
37053719000,-0.0639551,1.67202,0.0460204,-0.0134763,0.0453852,0.00545829,0.998509,-0.0448103,-0.0104191,0.0293668
37063719000,-0.0640907,1.67247,0.0460829,-0.013605,0.0441426,0.00704304,0.998519,-0.0447815,-0.010515,0.0290659
37073719000,-0.0642275,1.6729,0.0461621,-0.0137622,0.0428452,0.00879852,0.998527,-0.0447604,-0.0106129,0.028759
37083719000,-0.0643652,1.67333,0.0462581,-0.0137705,0.0414527,0.0104047,0.998536,-0.0447492,-0.0107083,0.0284484
37093719000,-0.0645016,1.67373,0.046371,-0.0135185,0.0401986,0.0121655,0.998544,-0.0447402,-0.0108012,0.0281363
37103719000,-0.0646357,1.67413,0.046501,-0.0132924,0.0389537,0.0138324,0.998552,-0.0447445,-0.0108945,0.0278201
37113719000,-0.0647676,1.67451,0.0466477,-0.0130988,0.0376966,0.0155094,0.998559,-0.044762,-0.0109786,0.0274941
37123719000,-0.064898,1.67488,0.0468118,-0.0129686,0.0361969,0.0173038,0.998566,-0.04479,-0.0110659,0.0271564
37133719000,-0.065026,1.67524,0.0469929,-0.0126517,0.0349313,0.0189329,0.998573,-0.0448212,-0.0111562,0.0268048
37143719000,-0.0651523,1.67558,0.0471907,-0.0125957,0.0336712,0.0206244,0.99858,-0.0448623,-0.0112543,0.0264409
37153719000,-0.0652777,1.67591,0.0474043,-0.0124915,0.0323728,0.0220797,0.998586,-0.0449114,-0.0113553,0.026072
37163719000,-0.0654022,1.67623,0.0476322,-0.0124244,0.0313597,0.023509,0.998592,-0.0449672,-0.0114542,0.0257007
37173719000,-0.0655266,1.67654,0.0478756,-0.0124415,0.0301127,0.0251667,0.998598,-0.0450206,-0.0115509,0.0253182
37183719000,-0.0656516,1.67683,0.048135,-0.0125784,0.0291264,0.0267274,0.998605,-0.0450777,-0.0116521,0.024925
37193719000,-0.0657784,1.67712,0.0484096,-0.0127812,0.0281699,0.0281818,0.998611,-0.0451356,-0.0117501,0.0245296
37203719000,-0.0659078,1.6774,0.0486973,-0.0130923,0.0273691,0.0293694,0.998616,-0.0451934,-0.0118524,0.0241412
37213719000,-0.066039,1.67767,0.0489982,-0.0131636,0.0264538,0.0307933,0.998621,-0.0452638,-0.0119495,0.0237448
37223719000,-0.0661725,1.67793,0.0493118,-0.013533,0.0256115,0.0319417,0.998626,-0.0453394,-0.0120489,0.0233486
37233719000,-0.0663081,1.67818,0.0496373,-0.0135795,0.0250353,0.0331541,0.99863,-0.045422,-0.0121492,0.0229513
37243719000,-0.0664457,1.67843,0.0499744,-0.0139618,0.0242479,0.0342573,0.998634,-0.045518,-0.0122542,0.0225581
37253719000,-0.0665859,1.67867,0.0503227,-0.0140663,0.023755,0.0354125,0.998636,-0.0456239,-0.0123654,0.0221681
37263719000,-0.066728,1.6789,0.0506823,-0.0143658,0.0232761,0.0365011,0.998638,-0.0457412,-0.0124777,0.0217815
37273719000,-0.0668728,1.67913,0.0510533,-0.014587,0.0226086,0.0377003,0.998638,-0.0458846,-0.012601,0.0213927
37283719000,-0.06702,1.67935,0.0514354,-0.014857,0.0217321,0.0387128,0.998637,-0.0460434,-0.01273,0.0210049
37293719000,-0.0671698,1.67956,0.0518288,-0.015113,0.0206181,0.0399669,0.998636,-0.0462175,-0.0128566,0.0206134
37303719000,-0.0673221,1.67977,0.052234,-0.0153447,0.0198542,0.0410859,0.998634,-0.0464023,-0.0129857,0.020221
37313719000,-0.0674762,1.67996,0.0526493,-0.015482,0.0192262,0.0419747,0.99863,-0.0466042,-0.0131149,0.0198293
37323719000,-0.0676937,1.68396,0.0471813,-0.0158305,0.0302449,0.0236343,0.998626,-0.0468129,-0.0132504,0.0194472
37333719000,-0.0678522,1.68426,0.0474225,-0.015813,0.0294474,0.0246087,0.998621,-0.0470408,-0.0133916,0.0190671
37343719000,-0.06801,1.68455,0.0476726,-0.0157194,0.0286037,0.0254095,0.998615,-0.0472826,-0.0135396,0.0186866
37353719000,-0.068167,1.68484,0.0479307,-0.0156923,0.0277356,0.0262187,0.998608,-0.0475276,-0.0136918,0.0183096
37363719000,-0.0683256,1.68511,0.048196,-0.0160268,0.0269447,0.0268444,0.998601,-0.0477766,-0.0138457,0.017932
37373719000,-0.0684864,1.68537,0.0484678,-0.0161282,0.0261857,0.0275132,0.998593,-0.0480329,-0.0140078,0.0175642
37383719000,-0.0686478,1.68563,0.0487462,-0.0161648,0.0257057,0.0281617,0.998584,-0.048298,-0.0141762,0.0172053
37393719000,-0.0688099,1.68589,0.049031,-0.0162622,0.0248336,0.0287959,0.998574,-0.0485738,-0.0143458,0.0168517
37403719000,-0.0689729,1.68613,0.0493221,-0.0163378,0.0241979,0.0294181,0.998564,-0.0488552,-0.0145293,0.0165033
37413719000,-0.0701523,1.6869,0.0412693,-0.019393,0.0251191,0.00394533,0.998552,-0.0491507,-0.0147133,0.0161626
37423719000,-0.0703467,1.68715,0.041311,-0.0194264,0.0246959,0.00438984,0.99854,-0.0494565,-0.0149001,0.0158274
37433719000,-0.070541,1.68739,0.0413566,-0.0194079,0.0240306,0.00473269,0.998526,-0.0497767,-0.0150991,0.0155018
37443719000,-0.0707357,1.68763,0.0414075,-0.0195266,0.0233806,0.005454,0.998511,-0.0501182,-0.0152947,0.0151874
37453719000,-0.0709302,1.68786,0.041465,-0.0193634,0.0229349,0.00603776,0.998494,-0.05047,-0.0155013,0.0148863
37463719000,-0.0711228,1.68809,0.0415293,-0.0191725,0.0223899,0.00682149,0.998477,-0.0508279,-0.0157131,0.0145947
37473719000,-0.0713137,1.68831,0.0416012,-0.0190097,0.0216078,0.00756787,0.998459,-0.0511883,-0.0159327,0.0143137
37483719000,-0.0715017,1.68852,0.0416818,-0.0186009,0.0209311,0.00854361,0.998441,-0.0515443,-0.0161494,0.0140437
37493719000,-0.0716858,1.68872,0.0417733,-0.0182303,0.0199325,0.00976158,0.998423,-0.0519055,-0.0163752,0.0137859
37503719000,-0.0718634,1.68892,0.0418797,-0.0172847,0.0193639,0.0115194,0.998404,-0.0522567,-0.0166046,0.0135418
37513719000,-0.0727785,1.68979,0.0346949,-0.0188023,0.0206004,-0.00970052,0.998385,-0.0526062,-0.0168411,0.013312
37523719000,-0.0729625,1.68999,0.0346034,-0.0179053,0.0196474,-0.00861037,0.998365,-0.0529449,-0.0170859,0.013095
37533719000,-0.0736885,1.69072,0.0300929,-0.0188155,0.0206192,-0.021183,0.998346,-0.0532683,-0.0173363,0.0128933
37543719000,-0.0738726,1.69092,0.0298877,-0.017926,0.0198427,-0.0198545,0.998328,-0.053579,-0.0175947,0.0127022
37553719000,-0.074047,1.69111,0.0296954,-0.0169269,0.0188349,-0.0186181,0.99831,-0.0538622,-0.0178614,0.0125289
37563719000,-0.0742121,1.6913,0.0295158,-0.0160691,0.0182047,-0.0172894,0.998293,-0.0541149,-0.0181264,0.0123751
37573719000,-0.074368,1.69147,0.0293496,-0.0151217,0.0172819,-0.0159653,0.998278,-0.0543466,-0.0183942,0.0122327
37583719000,-0.0745153,1.69164,0.0291974,-0.0143466,0.0164045,-0.0144743,0.998263,-0.0545501,-0.0186653,0.0121085
37593719000,-0.0746536,1.6918,0.0290605,-0.0133184,0.0153044,-0.012904,0.99825,-0.0547272,-0.0189405,0.0120044
37603719000,-0.0747828,1.69195,0.0289395,-0.012531,0.0141716,-0.0112875,0.998237,-0.054885,-0.0192156,0.011914
37613719000,-0.0749037,1.69209,0.0288348,-0.0116614,0.0131542,-0.00964899,0.998225,-0.0550154,-0.0194977,0.0118409
37623719000,-0.0750161,1.69221,0.0287478,-0.0108272,0.0117792,-0.00776435,0.998213,-0.0551412,-0.0197787,0.0117802
37633719000,-0.0761135,1.69289,0.023308,-0.0134076,0.0122129,-0.0228122,0.998202,-0.0552586,-0.0200543,0.0117354
37643719000,-0.0762436,1.69301,0.0230906,-0.0125313,0.0108746,-0.0206686,0.998191,-0.0553582,-0.0203362,0.0117087
37653719000,-0.0763647,1.69311,0.0228968,-0.0116637,0.00942708,-0.0180776,0.99818,-0.0554452,-0.0206152,0.0117015
37663719000,-0.0764762,1.6932,0.0227286,-0.0106375,0.00798312,-0.0155754,0.998172,-0.0555025,-0.0208806,0.0117041
37673719000,-0.0765779,1.69327,0.0225871,-0.00969762,0.00598346,-0.0127133,0.998164,-0.0555304,-0.021134,0.0117249
37683719000,-0.0766699,1.69332,0.0224747,-0.00872427,0.00431093,-0.00976161,0.998159,-0.0555261,-0.0213836,0.011754
37693719000,-0.076753,1.69335,0.0223915,-0.00788654,0.00237814,-0.00688232,0.998155,-0.055485,-0.0216377,0.0117887
37703719000,-0.0768263,1.69337,0.0223362,-0.0067845,0.000625519,-0.00417198,0.998154,-0.0554042,-0.0218896,0.0118308
37713719000,-0.0768881,1.69337,0.0223087,-0.00559612,-0.00111696,-0.0013305,0.998155,-0.0552776,-0.0221408,0.0118796
37723719000,-0.0769376,1.69334,0.0223098,-0.00430307,-0.00305496,0.001552,0.998158,-0.0551031,-0.0223875,0.0119405
37733719000,-0.0777715,1.69374,0.0149861,-0.00578196,-0.00360578,-0.0192453,0.998164,-0.0548849,-0.0226369,0.0120088
37743719000,-0.0778262,1.6937,0.0148071,-0.00510679,-0.00570513,-0.0165484,0.998172,-0.0546151,-0.0228759,0.0120913
37753719000,-0.0784726,1.69418,0.00975288,-0.00575982,-0.00602496,-0.0292666,0.998183,-0.0542933,-0.0230967,0.0121881
37763719000,-0.0785259,1.69411,0.00947474,-0.00483292,-0.00775969,-0.0263619,0.998197,-0.0539313,-0.0233236,0.0122944
37773719000,-0.0785709,1.69402,0.00922756,-0.00415178,-0.0098473,-0.0230749,0.998212,-0.0535292,-0.023541,0.0124053
37783719000,-0.0786089,1.69391,0.00901358,-0.00343817,-0.0121747,-0.019721,0.99823,-0.0530722,-0.0237459,0.0125289
37793719000,-0.0786392,1.69378,0.0618195,-0.00277755,-0.0143766,0.00440408,0.99825,-0.0525673,-0.0239402,0.0126667
37803719000,-0.0786651,1.69362,0.0618805,-0.00240251,-0.0165931,0.00779329,0.998273,-0.0520241,-0.0241084,0.0128116
37813719000,-0.0786866,1.69345,0.061975,-0.00189266,-0.0187366,0.0110993,0.998297,-0.0514377,-0.0242571,0.01296
37823719000,-0.0787039,1.69325,0.0621026,-0.00157453,-0.0209323,0.014416,0.998325,-0.0507967,-0.0243935,0.0131202
37833719000,-0.0787161,1.69303,0.0622621,-0.000862233,-0.0230537,0.0174933,0.998354,-0.0501292,-0.0245126,0.0132846
37843719000,-0.0787225,1.69279,0.0624523,-0.000433425,-0.0248968,0.0205478,0.998384,-0.0494156,-0.0246132,0.0134572
37853719000,-0.0788987,1.6929,0.0564365,-0.000716062,-0.0255989,-0.00727611,0.998417,-0.0486653,-0.0246975,0.0136307
37863719000,-0.0789039,1.69263,0.0563789,-0.000319349,-0.0275994,-0.0042441,0.99845,-0.0478827,-0.0247644,0.013813
37873719000,-0.078908,1.69235,0.0563511,-0.000486614,-0.0293131,-0.00132678,0.998485,-0.0470743,-0.0248148,0.0139958
37883719000,-0.0789106,1.69205,0.0563529,-4.6853e-05,-0.0312839,0.00168196,0.998521,-0.0462463,-0.0248385,0.0141777
37893719000,-0.0789113,1.69173,0.0563829,-8.24049e-05,-0.0328507,0.00431977,0.998557,-0.0453977,-0.0248285,0.0143671
37903719000,-0.0789128,1.69139,0.056439,-0.000220454,-0.0344413,0.00690314,0.998594,-0.0445304,-0.0247972,0.0145527
37913719000,-0.078914,1.69104,0.0565192,-1.88843e-05,-0.0358903,0.00914821,0.998632,-0.0436481,-0.0247462,0.0147397
37923719000,-0.0789159,1.69067,0.0566218,-0.000361781,-0.037424,0.011375,0.998669,-0.0427686,-0.0246735,0.0149238
37933719000,-0.0789178,1.69029,0.0567425,-7.22812e-06,-0.0383694,0.0127543,0.998705,-0.0418916,-0.0245857,0.015103
37943719000,-0.0789166,1.6899,0.0568778,0.000240603,-0.0392715,0.0143058,0.998741,-0.0410205,-0.0244839,0.0152736
37953719000,-0.0785682,1.68937,0.0480287,0.0014974,-0.0408806,-0.0241523,0.998777,-0.0401558,-0.024367,0.0154421
37963719000,-0.0783499,1.68896,0.0421658,0.00225655,-0.0418997,-0.0472531,0.998811,-0.0393016,-0.0242375,0.0156052
37973719000,-0.0783264,1.68853,0.0417035,0.00240994,-0.0433707,-0.0452112,0.998845,-0.0384569,-0.0240978,0.0157669
37983719000,-0.0783033,1.68809,0.0412602,0.00219266,-0.0443624,-0.0434444,0.998879,-0.0376163,-0.0239327,0.0159158
37993719000,-0.0782787,1.68764,0.0408319,0.00272401,-0.0454042,-0.0422314,0.998912,-0.0367841,-0.0237655,0.0160537
38003719000,-0.0782527,1.68719,0.0404142,0.00246148,-0.0460143,-0.0412929,0.998944,-0.0359593,-0.0235854,0.0161878
38013719000,-0.0782306,1.68673,0.0400036,0.00197556,-0.0465407,-0.0408378,0.998975,-0.0351451,-0.0233886,0.0163184
38023719000,-0.0782108,1.68626,0.0395997,0.00198274,-0.0472317,-0.0399377,0.999006,-0.034335,-0.0231785,0.0164392
38033719000,-0.0781905,1.68578,0.0392034,0.00207948,-0.0474902,-0.0393164,0.999037,-0.0335282,-0.0229563,0.0165512
38043719000,-0.0781684,1.68531,0.0388132,0.00235276,-0.0473417,-0.038736,0.999067,-0.0327274,-0.0227162,0.0166529
38053719000,-0.0781437,1.68484,0.0384277,0.00258821,-0.047152,-0.0383582,0.999097,-0.0319353,-0.022469,0.0167406
38063719000,-0.078118,1.68436,0.0380469,0.002574,-0.0472188,-0.0377957,0.999126,-0.0311659,-0.0222071,0.0168143
38073719000,-0.0773516,1.68345,0.0302084,0.00538458,-0.0490126,-0.068152,0.999154,-0.0304145,-0.0219387,0.0168779
38083719000,-0.077298,1.68296,0.0295336,0.00526699,-0.0490538,-0.0668096,0.999181,-0.0296941,-0.0216605,0.0169282
38093719000,-0.0772444,1.68247,0.0288685,0.00542588,-0.0492429,-0.0662106,0.999207,-0.0289948,-0.0213741,0.0169657
38103719000,-0.0771866,1.68198,0.0282127,0.00613164,-0.0485854,-0.0649356,0.999232,-0.0283161,-0.0210962,0.0169897
38113719000,-0.0771241,1.6815,0.0275679,0.00636848,-0.0482448,-0.0640262,0.999256,-0.0276603,-0.0208118,0.0169965
38123719000,-0.0770615,1.68101,0.0269313,0.00617549,-0.0484517,-0.0632908,0.99928,-0.0270271,-0.0205242,0.0169912
38133719000,-0.0770007,1.68052,0.0263079,0.00597896,-0.0496515,-0.0614034,0.999301,-0.0264372,-0.0202365,0.0169733
38143719000,-0.0769421,1.68003,0.0257014,0.00574548,-0.0499738,-0.0598944,0.999323,-0.0258723,-0.0199521,0.0169387
38153719000,-0.0768868,1.67952,0.0251113,0.00532492,-0.051135,-0.0581168,0.999343,-0.0253286,-0.0196674,0.0168882
38163719000,-0.0768336,1.67901,0.0245351,0.00532654,-0.0515183,-0.0571377,0.999363,-0.0247987,-0.0193863,0.0168251
38173719000,-0.0767815,1.67849,0.0239693,0.00509989,-0.0521307,-0.0560078,0.999382,-0.0242912,-0.0191079,0.0167374
38183719000,-0.0773136,1.67859,0.01534,0.00306683,-0.0505423,-0.0858789,0.9994,-0.0238164,-0.0188314,0.01664
38193719000,-0.0772842,1.67808,0.0144859,0.00273277,-0.0509824,-0.084938,0.999418,-0.0233641,-0.0185528,0.0165232
38203719000,-0.0776066,1.67804,0.0084862,0.001501,-0.0499745,-0.103818,0.999435,-0.0229339,-0.0182771,0.0163953
38213719000,-0.0775915,1.67754,0.00745377,0.00146363,-0.0504179,-0.10267,0.999452,-0.0225196,-0.0180089,0.0162542
38223719000,-0.0775756,1.67703,0.00643221,0.00169186,-0.0509366,-0.101641,0.999468,-0.0221151,-0.0177521,0.0160998
38233719000,-0.0775578,1.67652,0.00542091,0.00187077,-0.0516284,-0.100618,0.999484,-0.0217262,-0.0174936,0.0159327
38243719000,-0.0775385,1.676,0.00441866,0.00199624,-0.0521636,-0.0998316,0.999499,-0.021348,-0.0172449,0.0157479
38253719000,-0.0775172,1.67547,0.0034254,0.00226576,-0.0526772,-0.0988208,0.999514,-0.020974,-0.0170042,0.0155524
38263719000,-0.0774931,1.67494,0.00244217,0.00256698,-0.0536422,-0.097825,0.999529,-0.0206103,-0.0167647,0.0153457
38273719000,-0.0774654,1.6744,0.00146971,0.00296077,-0.0544037,-0.0966669,0.999543,-0.0202602,-0.0165416,0.0151274
38283719000,-0.0774343,1.67386,0.000509117,0.00328226,-0.0551827,-0.0954516,0.999557,-0.0199192,-0.0163275,0.0149011
38293719000,-0.0777216,1.67402,-0.0063659,0.00236499,-0.0536135,-0.116914,0.999571,-0.0195841,-0.0161176,0.0146645
38303719000,-0.0776974,1.67347,-0.00752833,0.00242386,-0.0547313,-0.115573,0.999584,-0.0192549,-0.0159164,0.0144262
38313719000,-0.0776725,1.67292,-0.00867754,0.00255177,-0.0557711,-0.114268,0.999597,-0.018928,-0.0157203,0.0141797
38323719000,-0.0776457,1.67236,-0.00981364,0.00279373,-0.0569476,-0.112954,0.999609,-0.0186059,-0.0155254,0.0139274
38333719000,-0.0776162,1.67178,-0.0109364,0.00310674,-0.0579972,-0.111601,0.999622,-0.0182811,-0.01534,0.0136697
38343719000,-0.0775838,1.6712,-0.012047,0.00337543,-0.0589813,-0.110513,0.999634,-0.0179553,-0.0151619,0.0134029
38353719000,-0.0775492,1.6706,-0.0131463,0.00355208,-0.060213,-0.109358,0.999646,-0.0176289,-0.0149757,0.0131334
38363719000,-0.0775117,1.66999,-0.0142351,0.00396169,-0.0612999,-0.108389,0.999658,-0.0173016,-0.0147903,0.0128629
38373719000,-0.0774706,1.66938,-0.0153146,0.00424905,-0.0624707,-0.107509,0.99967,-0.0169658,-0.0146119,0.012592
38383719000,-0.0774262,1.66875,-0.0163855,0.00465147,-0.0634403,-0.106676,0.999681,-0.016633,-0.0144374,0.0123217
38393719000,-0.0779155,1.66955,-0.0239326,0.00310577,-0.0593996,-0.12984,0.999693,-0.0162973,-0.0142674,0.012045
38403719000,-0.0782366,1.6699,-0.0292462,0.00228056,-0.0567892,-0.143913,0.999704,-0.0159653,-0.0141039,0.0117717
38413719000,-0.0782107,1.66933,-0.0306813,0.00284825,-0.0577224,-0.14311,0.999715,-0.0156204,-0.0139445,0.011493
38423719000,-0.0781794,1.66875,-0.0321096,0.00340965,-0.058417,-0.142546,0.999725,-0.0152725,-0.013785,0.0112103
38433719000,-0.0781426,1.66816,-0.0335317,0.00394835,-0.0592319,-0.141887,0.999736,-0.0149186,-0.0136241,0.0109283
38443719000,-0.0780994,1.66756,-0.034948,0.00467509,-0.0603597,-0.141365,0.999747,-0.0145546,-0.0134706,0.0106467
38453719000,-0.0780491,1.66695,-0.0363608,0.00540291,-0.0612403,-0.141193,0.999757,-0.0141801,-0.0133179,0.0103699
38463719000,-0.0779915,1.66633,-0.0377716,0.00612424,-0.0622338,-0.140972,0.999767,-0.0137845,-0.0131747,0.0100978
38473719000,-0.0779268,1.66571,-0.0391797,0.0068192,-0.063182,-0.140646,0.999777,-0.0133748,-0.0130343,0.0098156
38483719000,-0.0778559,1.66507,-0.0405848,0.00735244,-0.0640881,-0.140383,0.999787,-0.012962,-0.0128939,0.0095335
38493719000,-0.0781489,1.66484,-0.0466573,0.00653774,-0.0634726,-0.157531,0.999797,-0.012538,-0.0127487,0.0092585
38503719000,-0.0780801,1.6642,-0.048231,0.00718861,-0.0643674,-0.157212,0.999807,-0.0121108,-0.0126092,0.00898782
38513719000,-0.0780048,1.66355,-0.0498002,0.007868,-0.0651902,-0.156633,0.999816,-0.0116712,-0.0124677,0.00871853
38523719000,-0.0779231,1.6629,-0.0513642,0.00848014,-0.0661171,-0.156161,0.999825,-0.0112298,-0.0123254,0.00845369
38533719000,-0.0778347,1.66223,-0.0529227,0.00920464,-0.0669173,-0.155543,0.999834,-0.0107828,-0.0121752,0.00818936
38543719000,-0.0777396,1.66156,-0.0544757,0.00980675,-0.0677856,-0.15506,0.999843,-0.0103165,-0.0120208,0.00792569
38553719000,-0.0776384,1.66088,-0.0560241,0.0104316,-0.0686051,-0.154612,0.999852,-0.00983018,-0.0118579,0.00766515
38563719000,-0.0775297,1.66019,-0.0575674,0.0113237,-0.0691711,-0.154041,0.999861,-0.00932066,-0.0116971,0.00740693
38573719000,-0.0774137,1.65949,-0.0591051,0.0118785,-0.069864,-0.153511,0.999869,-0.00879222,-0.0115295,0.00714979
38583719000,-0.0772907,1.65879,-0.0606383,0.012731,-0.0704916,-0.153127,0.999878,-0.00825378,-0.0113611,0.00690245
38593719000,-0.0771599,1.65808,-0.0621674,0.013434,-0.0710943,-0.152697,0.999886,-0.00770082,-0.0111918,0.00666325
38603719000,-0.0770219,1.65737,-0.0636928,0.0141585,-0.0716002,-0.152379,0.999893,-0.00714346,-0.0110203,0.00642863
38613719000,-0.0777329,1.65757,-0.0701818,0.0116913,-0.0687862,-0.169983,0.9999,-0.00657297,-0.0108445,0.00620024
38623719000,-0.0776132,1.65688,-0.0718799,0.0121973,-0.0695001,-0.169641,0.999907,-0.00599278,-0.0106636,0.00597269
38633719000,-0.0780977,1.65686,-0.0767098,0.0106356,-0.067708,-0.180424,0.999914,-0.00540596,-0.0104819,0.00575373
38643719000,-0.0779889,1.65618,-0.0785104,0.0110965,-0.0683864,-0.179711,0.99992,-0.00481028,-0.010288,0.00554031
38653719000,-0.0778749,1.65549,-0.0803038,0.0116909,-0.0689905,-0.17896,0.999926,-0.00420894,-0.0100856,0.00533085
38663719000,-0.0777555,1.6548,-0.0820902,0.0121721,-0.0695323,-0.17832,0.999932,-0.00360229,-0.00987315,0.00512562
38673719000,-0.0776326,1.6541,-0.0838691,0.0124112,-0.0703197,-0.177468,0.999937,-0.00299045,-0.00965823,0.00493136
38683719000,-0.0775061,1.65339,-0.0856412,0.0129083,-0.0708468,-0.176939,0.999941,-0.00237395,-0.00943867,0.00474085
38693719000,-0.0773759,1.65268,-0.0874071,0.0131181,-0.0716409,-0.176247,0.999946,-0.00175423,-0.00920096,0.00455648
38703719000,-0.077243,1.65196,-0.0891667,0.0134791,-0.071973,-0.175674,0.99995,-0.00113142,-0.00896245,0.00437653
38713719000,-0.0775916,1.65182,-0.094028,0.0120409,-0.0704435,-0.186635,0.999953,-0.0005045,-0.00871673,0.0041978
38723719000,-0.0774685,1.65111,-0.0958921,0.0125256,-0.0710099,-0.186173,0.999956,0.000121042,-0.00845792,0.00403095
38733719000,-0.0773415,1.6504,-0.0977509,0.0128573,-0.0716045,-0.185589,0.999959,0.000753429,-0.00820192,0.0038703
38743719000,-0.0772114,1.64968,-0.0996031,0.0131685,-0.0723547,-0.184855,0.999961,0.00138444,-0.00794418,0.00370845
38753719000,-0.0770782,1.64895,-0.101449,0.013475,-0.0732985,-0.184271,0.999962,0.00202069,-0.00767966,0.00355108
38763719000,-0.0769427,1.64821,-0.103288,0.0136288,-0.0740777,-0.183564,0.999963,0.00268146,-0.00741362,0.00339575
38773719000,-0.0768054,1.64747,-0.105119,0.0138406,-0.0750122,-0.182714,0.999964,0.00335397,-0.00714482,0.00324411
38783719000,-0.0766658,1.64671,-0.106942,0.0140803,-0.0759044,-0.181802,0.999963,0.00404695,-0.00687399,0.00309539
38793719000,-0.0765231,1.64595,-0.108755,0.0144713,-0.0769737,-0.180865,0.999963,0.00475634,-0.00660323,0.00295104
38803719000,-0.076377,1.64517,-0.11056,0.0147557,-0.0778347,-0.180044,0.999961,0.00548788,-0.00633102,0.0028133
38813719000,-0.076228,1.64439,-0.112356,0.0150635,-0.0786977,-0.179298,0.999959,0.00624878,-0.00606198,0.00268187
38823719000,-0.076606,1.64529,-0.118017,0.0134878,-0.0734417,-0.192528,0.999955,0.00703641,-0.00579347,0.00255032
38833719000,-0.0768193,1.64565,-0.122346,0.0125795,-0.0703798,-0.200474,0.999951,0.00785645,-0.00552354,0.00242147
38843719000,-0.0766918,1.64494,-0.124348,0.0128513,-0.0714118,-0.199971,0.999946,0.00869589,-0.005252,0.0022952
38853719000,-0.076563,1.64422,-0.126346,0.0128978,-0.0723414,-0.199604,0.999939,0.00956084,-0.00498908,0.00217448
38863719000,-0.0764328,1.64349,-0.128341,0.0131314,-0.0732618,-0.19933,0.999932,0.0104636,-0.00471878,0.00205738
38873719000,-0.0763015,1.64275,-0.130332,0.0131204,-0.0741459,-0.199041,0.999923,0.011394,-0.00445397,0.00194967
38883719000,-0.0761702,1.64201,-0.132322,0.0131602,-0.0749808,-0.198901,0.999913,0.0123546,-0.00419753,0.00184859
38893719000,-0.0760352,1.64125,0.0650419,0.0132357,-0.0757799,-0.124546,0.999902,0.01334,-0.00394609,0.00175538
38903719000,-0.0759023,1.64049,0.0637964,0.0133378,-0.07666,-0.124551,0.999889,0.0143529,-0.00369535,0.001669
38913719000,-0.0757686,1.63972,0.0625501,0.0134155,-0.077352,-0.124725,0.999874,0.0153897,-0.00345477,0.00159985
38923719000,-0.0756348,1.63894,0.0613007,0.0133584,-0.0779438,-0.125155,0.999858,0.0164628,-0.00321952,0.00153424
38933719000,-0.0755013,1.63816,0.0600457,0.0133531,-0.07843,-0.125843,0.99984,0.0175525,-0.00299943,0.00148205
38943719000,-0.0758265,1.63865,0.053398,0.0117346,-0.0743371,-0.155922,0.999821,0.0186644,-0.00277953,0.00143369
38953719000,-0.0757094,1.6379,0.0518337,0.0116573,-0.0747584,-0.156944,0.9998,0.0197919,-0.00257634,0.00139454
38963719000,-0.0755933,1.63715,0.0502582,0.0115459,-0.0752524,-0.158154,0.999777,0.0209501,-0.00238243,0.00136555
38973719000,-0.0754779,1.6364,0.0486699,0.0115242,-0.0757037,-0.159506,0.999752,0.0221183,-0.0021997,0.00134506
38983719000,-0.0753635,1.63564,0.0470673,0.011356,-0.0758862,-0.161017,0.999726,0.0232859,-0.00202937,0.00132855
38993719000,-0.0752486,1.63488,0.0454478,0.011627,-0.0761669,-0.162879,0.999698,0.0244508,-0.00186463,0.00131759
39003719000,-0.0751321,1.63412,0.0438089,0.0116898,-0.0761065,-0.164908,0.999669,0.025618,-0.00171781,0.00132235
39013719000,-0.0750143,1.63335,0.0421493,0.0118673,-0.0761321,-0.167001,0.999639,0.0267746,-0.00158791,0.00133576
39023719000,-0.0748941,1.63259,0.0404679,0.0121718,-0.0762209,-0.169283,0.999608,0.0279178,-0.0014702,0.00135858
39033719000,-0.0747719,1.63183,0.0387627,0.0122842,-0.076091,-0.171748,0.999576,0.0290481,-0.00137414,0.00138913
39043719000,-0.0746487,1.63107,0.0370312,0.0123488,-0.0761542,-0.174557,0.999543,0.0301712,-0.00128394,0.00142421
39053719000,-0.0753961,1.63205,0.0308701,0.00937836,-0.0697762,-0.19757,0.999509,0.0312762,-0.00121457,0.00147405
39063719000,-0.0753019,1.63135,0.0288794,0.00944917,-0.0696585,-0.200564,0.999475,0.0323521,-0.00116319,0.00153749
39073719000,-0.0757598,1.63178,0.0243451,0.00756902,-0.0655283,-0.214715,0.99944,0.0334062,-0.00112395,0.00160896
39083719000,-0.0756832,1.63112,0.022183,0.00774826,-0.0653264,-0.217698,0.999405,0.0344219,-0.00109693,0.00169192
39093719000,-0.0756063,1.63047,0.0199922,0.00763707,-0.0651732,-0.220457,0.999371,0.0353945,-0.00108872,0.00178081
39103719000,-0.0755291,1.62982,0.0177742,0.00780244,-0.0649328,-0.223159,0.999338,0.0363194,-0.0010918,0.00187659
39113719000,-0.075451,1.62917,0.0155293,0.00781122,-0.064625,-0.225809,0.999305,0.0372004,-0.00110982,0.00198218
39123719000,-0.0753734,1.62853,0.0132575,0.00771354,-0.0643089,-0.228552,0.999274,0.0380257,-0.00113443,0.00209939
39133719000,-0.0752971,1.62788,0.0109577,0.00754739,-0.0642767,-0.23141,0.999244,0.0387968,-0.00117121,0.0022255
39143719000,-0.0752222,1.62724,0.00863077,0.00741706,-0.0640621,-0.233976,0.999215,0.0395288,-0.00121501,0.00236064
39153719000,-0.0760172,1.62818,0.00603454,0.00428174,-0.0581409,-0.237847,0.999187,0.0402171,-0.00128027,0.00251204
39163719000,-0.0759738,1.6276,0.00364233,0.00441227,-0.0578929,-0.240595,0.99916,0.0408594,-0.00135715,0.0026744
39173719000,-0.0759298,1.62702,0.00122197,0.00439872,-0.0575423,-0.243478,0.999135,0.0414598,-0.00144419,0.0028552
39183719000,-0.0758873,1.62645,-0.00122675,0.00408894,-0.0569828,-0.246266,0.999111,0.0420179,-0.00154409,0.00305067
39193719000,-0.0758469,1.62588,-0.00370341,0.00399148,-0.0562894,-0.249066,0.999088,0.0425352,-0.00165035,0.00325144
39203719000,-0.0758068,1.62532,-0.00620818,0.00402328,-0.0555722,-0.251887,0.999066,0.0430232,-0.0017653,0.00346998
39213719000,-0.075767,1.62477,-0.0087405,0.00393492,-0.0548552,-0.254578,0.999046,0.0434805,-0.00188562,0.00369233
39223719000,-0.075728,1.62422,-0.0113006,0.00386023,-0.0541692,-0.257447,0.999026,0.0439071,-0.00201207,0.00391981
39233719000,-0.075689,1.62369,-0.01389,0.00393511,-0.0532468,-0.260433,0.999007,0.0443021,-0.00214059,0.00415301
39243719000,-0.0756488,1.62316,-0.0165094,0.00410805,-0.052211,-0.263439,0.998989,0.0446722,-0.00227974,0.0043894
39253719000,-0.0756061,1.62264,-0.0191586,0.00442482,-0.0512609,-0.266411,0.998973,0.0450147,-0.00243247,0.00463073
39263719000,-0.0755605,1.62213,-0.0218382,0.00469637,-0.0502031,-0.269503,0.998957,0.0453369,-0.00259704,0.0048709
39273719000,-0.0761108,1.62349,-0.0207671,0.00259909,-0.0427008,-0.257617,0.998941,0.0456395,-0.00276324,0.00511384
39283719000,-0.0760851,1.62307,-0.0233588,0.00257436,-0.0417811,-0.260733,0.998926,0.0459214,-0.00293375,0.0053597
39293719000,-0.0764167,1.6237,-0.0232774,0.00159321,-0.0372773,-0.25321,0.998912,0.0461997,-0.0031155,0.00560269
39303719000,-0.0764007,1.62333,-0.0258237,0.00165539,-0.0366579,-0.256049,0.998897,0.0464718,-0.00330434,0.00584353
39313719000,-0.0763833,1.62297,-0.0283982,0.00184232,-0.0360462,-0.258845,0.998882,0.0467419,-0.00350098,0.00608607
39323719000,-0.0763631,1.62261,-0.0310012,0.00218672,-0.0353631,-0.261742,0.998867,0.0470218,-0.00369743,0.0063248
39333719000,-0.0763393,1.62226,-0.0336317,0.00257917,-0.034728,-0.264361,0.998851,0.0473091,-0.00389067,0.00656358
39343719000,-0.0763118,1.62192,-0.0362886,0.00291346,-0.0341081,-0.267023,0.998835,0.0476009,-0.00409814,0.00680255
39353719000,-0.0762807,1.62158,-0.0389718,0.00329036,-0.0333753,-0.269623,0.998818,0.0479,-0.00430395,0.00704371
39363719000,-0.0762459,1.62125,-0.0416808,0.00367015,-0.0326032,-0.272163,0.998801,0.0482055,-0.00451376,0.00727492
39373719000,-0.0766427,1.62264,-0.0387292,0.00251745,-0.025627,-0.252678,0.998783,0.0485127,-0.0047224,0.00749545
39383719000,-0.0766164,1.62239,-0.0412691,0.00279493,-0.0246848,-0.255295,0.998766,0.0488139,-0.00494074,0.00770213
39393719000,-0.0765865,1.62215,-0.0438337,0.00320289,-0.0241167,-0.257632,0.998748,0.0491213,-0.00515926,0.00790249
39403719000,-0.0765528,1.62191,-0.0464211,0.00353218,-0.0234425,-0.259852,0.99873,0.0494341,-0.0053738,0.0080892
39413719000,-0.0765153,1.62168,-0.0490296,0.00395677,-0.0230033,-0.261851,0.998712,0.0497522,-0.00558603,0.00827431
39423719000,-0.0764743,1.62145,-0.0516586,0.00424649,-0.0226352,-0.263947,0.998692,0.0500863,-0.00579756,0.00845195
39433719000,-0.0764311,1.62122,-0.0543083,0.00437964,-0.0222205,-0.265982,0.998672,0.0504418,-0.00600183,0.00861901
39443719000,-0.0763866,1.621,-0.0569785,0.00452037,-0.0219924,-0.268072,0.99865,0.050813,-0.00619637,0.00877102
39453719000,-0.0763398,1.62078,-0.0596688,0.00483595,-0.0218716,-0.269975,0.998628,0.0511958,-0.00639665,0.00891624
39463719000,-0.0762902,1.62057,-0.062378,0.00507028,-0.0216621,-0.271873,0.998606,0.0515788,-0.00658646,0.00905752
39473719000,-0.0768135,1.62188,-0.0569469,0.00302335,-0.0159196,-0.242973,0.998583,0.0519694,-0.00676782,0.0091874
39483719000,-0.076783,1.62172,-0.0593855,0.00311678,-0.0155114,-0.244743,0.998561,0.0523525,-0.0069393,0.00930624
39493719000,-0.0771164,1.62251,-0.0564364,0.00189593,-0.0115835,-0.226079,0.998539,0.0527386,-0.00710577,0.00941553
39503719000,-0.0770973,1.6224,-0.0587055,0.00194888,-0.0111279,-0.227729,0.998517,0.0531152,-0.00726636,0.00951889
39513719000,-0.0770771,1.62229,-0.0609912,0.00210826,-0.010764,-0.229413,0.998494,0.0534908,-0.0074177,0.0096157
39523719000,-0.0770557,1.62218,-0.0632947,0.00218286,-0.0105082,-0.231282,0.998472,0.0538718,-0.0075674,0.00970263
39533719000,-0.0770327,1.62208,-0.0656175,0.00241464,-0.0103081,-0.233289,0.998449,0.0542699,-0.00771454,0.00978712
39543719000,-0.0770085,1.62197,-0.0679596,0.00240626,-0.0103939,-0.235132,0.998423,0.0547023,-0.00785856,0.00987107
39553719000,-0.0769843,1.62187,-0.0703191,0.00244204,-0.010386,-0.236755,0.998395,0.0551824,-0.00800201,0.00995417
39563719000,-0.0769597,1.62176,-0.0726945,0.00247728,-0.0106279,-0.238338,0.998362,0.0557279,-0.00814452,0.0100418
39573719000,-0.0769346,1.62166,-0.0750855,0.0025289,-0.0109554,-0.23987,0.998326,0.0563445,-0.00827966,0.0101308
39583719000,-0.0769089,1.62155,-0.0774905,0.00261604,-0.0109533,-0.241124,0.998285,0.0570288,-0.0084085,0.0102148
39593719000,-0.0768826,1.62143,-0.0799084,0.00262524,-0.0115617,-0.242459,0.99824,0.0577825,-0.00853237,0.0102991
39603719000,-0.0768376,1.62246,-0.074849,0.00284801,-0.00826288,-0.215849,0.998189,0.0586121,-0.00865166,0.0103769
39613719000,-0.0768086,1.62237,-0.077015,0.00297857,-0.0088922,-0.217356,0.998132,0.0595452,-0.00875911,0.0104483
39623719000,-0.0767766,1.62228,-0.0791985,0.00341787,-0.00934203,-0.21935,0.998067,0.0606033,-0.00886448,0.0105135
39633719000,-0.0767404,1.62218,-0.0814047,0.0038343,-0.00961355,-0.221887,0.997991,0.0618155,-0.00896473,0.0105745
39643719000,-0.0767011,1.62208,-0.0836362,0.00402101,-0.0101125,-0.224409,0.997904,0.0631902,-0.00906467,0.0106378
39653719000,-0.0766588,1.62198,-0.0858937,0.0044224,-0.0108744,-0.227099,0.997803,0.0647428,-0.00916659,0.0106937
39663719000,-0.0766134,1.62187,-0.0881773,0.00465999,-0.0115758,-0.229614,0.997687,0.0664749,-0.00926537,0.0107482
39673719000,-0.0765638,1.62175,-0.0904863,0.00526,-0.0125328,-0.232191,0.997557,0.0683857,-0.00936479,0.0107963
39683719000,-0.0765095,1.62162,-0.0928215,0.0056069,-0.0130148,-0.234847,0.997411,0.0704527,-0.00945878,0.010839
39693719000,-0.0764522,1.62149,-0.0951842,0.00584643,-0.0136066,-0.237699,0.997251,0.0726739,-0.00955226,0.0108747
39703719000,-0.0765178,1.62249,-0.0886336,0.00574135,-0.0100677,-0.208104,0.997074,0.0750471,-0.009646,0.0109062
39713719000,-0.0764605,1.62238,-0.0907236,0.00573411,-0.0107201,-0.209896,0.996882,0.0775358,-0.00972539,0.010933
39723719000,-0.0764992,1.62311,-0.086966,0.00566832,-0.00881916,-0.190763,0.996676,0.080133,-0.00979749,0.0109546
39733719000,-0.0764449,1.62302,-0.0888841,0.00519403,-0.00882396,-0.192863,0.996455,0.0828222,-0.00984511,0.010975
39743719000,-0.07639,1.62292,-0.0908198,0.00577539,-0.0101767,-0.194283,0.996224,0.085549,-0.00987596,0.0109901
39753719000,-0.0763325,1.62282,-0.092756,0.0057351,-0.0108151,-0.192961,0.995991,0.0882241,-0.00990508,0.0109922
39763719000,-0.0762684,1.62271,-0.0946903,0.00707958,-0.0113001,-0.193888,0.995759,0.0908038,-0.00993989,0.010971
39773719000,-0.0761949,1.62259,-0.0966322,0.00763233,-0.0116182,-0.194493,0.995529,0.0932975,-0.00994316,0.0109315
39783719000,-0.076119,1.62249,-0.0985912,0.00753094,-0.0090108,-0.197309,0.995295,0.0957678,-0.00995064,0.0108671
39793719000,-0.0760459,1.6224,-0.100567,0.00710552,-0.0103829,-0.197817,0.99506,0.0981818,-0.00994376,0.0107876
39803719000,-0.0757154,1.62186,-0.096032,0.00770029,-0.0129464,-0.175224,0.994822,0.100578,-0.00996245,0.010684
39813719000,-0.0756394,1.62172,-0.0977858,0.00749433,-0.0144834,-0.17554,0.99458,0.102949,-0.00996992,0.0105722
39823719000,-0.075565,1.62157,-0.0995522,0.00737629,-0.0151676,-0.177734,0.994336,0.105297,-0.00996678,0.0104584
39833719000,-0.0754949,1.62142,-0.101336,0.00663776,-0.0151307,-0.178975,0.994088,0.107628,-0.00995423,0.0103275
39843719000,-0.0754276,1.62126,-0.103138,0.00683689,-0.0158134,-0.181482,0.993835,0.109949,-0.00994936,0.0101786
39853719000,-0.0753613,1.6211,-0.104961,0.00641464,-0.0163385,-0.183071,0.993579,0.112258,-0.00993659,0.0100208
39863719000,-0.0752972,1.62094,-0.106804,0.00641265,-0.0167705,-0.185599,0.993316,0.114572,-0.00993858,0.00985888
39873719000,-0.0752341,1.62077,-0.108668,0.00620659,-0.0170207,-0.187228,0.993049,0.116878,-0.00994182,0.00969926
39883719000,-0.0751722,1.6206,-0.110552,0.00616374,-0.0175573,-0.189432,0.992778,0.119172,-0.00994263,0.00952785
39893719000,-0.0751068,1.6204,0.14658,0.00604379,-0.0185031,-0.0717076,0.992501,0.121469,-0.00992977,0.00935052
39903719000,-0.0747278,1.62076,0.145522,0.00713657,-0.0168198,-0.0758646,0.992219,0.123771,-0.00992071,0.00918055
39913719000,-0.0746555,1.62059,0.144753,0.00731044,-0.0167191,-0.0779949,0.991929,0.126081,-0.00991971,0.0090165
39923719000,-0.0743856,1.62081,0.143899,0.00834336,-0.0155336,-0.0808211,0.991633,0.128398,-0.009932,0.00885085
39933719000,-0.0742992,1.62065,0.143079,0.00892898,-0.0156077,-0.0831987,0.991329,0.13074,-0.00993288,0.00867804
39943719000,-0.0742087,1.62049,0.142234,0.00916729,-0.016282,-0.0857021,0.991016,0.133099,-0.00992861,0.00851089
39953719000,-0.0741164,1.62033,0.141365,0.0092838,-0.0166697,-0.0881729,0.990692,0.135503,-0.00993233,0.00834578
39963719000,-0.0740223,1.62016,0.140471,0.00953838,-0.0167911,-0.0906465,0.990355,0.137954,-0.00993372,0.00818168
39973719000,-0.0739255,1.61999,0.139551,0.00981942,-0.0171921,-0.0932525,0.990006,0.140445,-0.00993218,0.00801926
39983719000,-0.0738246,1.61982,0.138605,0.0103688,-0.0175279,-0.0959801,0.989644,0.142984,-0.00993718,0.00785711
39993719000,-0.0737176,1.61964,0.137632,0.0110367,-0.0182475,-0.0985498,0.989268,0.145572,-0.00994035,0.00769913
40003719000,-0.0736032,1.61946,0.136633,0.011834,-0.0188174,-0.101348,0.988879,0.148198,-0.0099526,0.00754709
40013719000,-0.0698831,1.62511,0.138006,0.0261401,0.00224959,-0.0922742,0.988478,0.150855,-0.00997136,0.00739487
40023719000,-0.0696199,1.62513,0.137068,0.0264967,0.00234707,-0.095301,0.988068,0.153523,-0.00998871,0.00723264
40033719000,-0.0693502,1.62515,0.136104,0.027447,0.00168151,-0.0975073,0.987649,0.1562,-0.010013,0.007077
40043719000,-0.0690738,1.62517,0.135116,0.0278149,0.00215885,-0.100197,0.987219,0.158903,-0.0100425,0.00691781
40053719000,-0.068794,1.62519,0.134105,0.0281478,0.00210006,-0.101856,0.98678,0.161612,-0.0100701,0.00675333
40063719000,-0.0685114,1.62521,0.133078,0.0283831,0.00226209,-0.103647,0.986334,0.164317,-0.0101096,0.00658116
40073719000,-0.068228,1.62523,0.132034,0.0282996,0.00200334,-0.105213,0.985881,0.167017,-0.0101451,0.00640102
40083719000,-0.0679442,1.62525,0.130972,0.0284465,0.00161459,-0.107071,0.985422,0.169708,-0.0101735,0.00621491
40093719000,-0.0676593,1.62526,0.129895,0.0285494,0.0014715,-0.10842,0.984958,0.172391,-0.0101978,0.00601847
40103719000,-0.0673736,1.62528,0.128803,0.0285849,0.00133275,-0.109939,0.984488,0.175056,-0.0102158,0.00581688
40113719000,-0.0688155,1.62369,0.131707,0.022489,-0.00473371,-0.0931323,0.984015,0.177703,-0.0102246,0.00560051
40123719000,-0.0685909,1.62363,0.13077,0.0224024,-0.00486006,-0.0942804,0.983537,0.180337,-0.0102215,0.00537153
40133719000,-0.0694729,1.62261,0.132497,0.0181791,-0.00869337,-0.0835465,0.983058,0.182939,-0.0102183,0.00513584
40143719000,-0.0692908,1.62252,0.131655,0.0182217,-0.00880464,-0.084875,0.982576,0.185519,-0.0102075,0.00489243
40153719000,-0.0691087,1.62243,0.130802,0.0181968,-0.00919581,-0.0858216,0.982092,0.18807,-0.0101922,0.0046363
40163719000,-0.0689262,1.62233,0.129938,0.0183069,-0.00957304,-0.0869495,0.981608,0.190584,-0.0101724,0.00436912
40173719000,-0.0687433,1.62224,0.129064,0.0182571,-0.00973831,-0.087883,0.981125,0.193062,-0.0101498,0.00410518
40183719000,-0.0685606,1.62214,0.128179,0.0182867,-0.0100409,-0.0890216,0.980643,0.195502,-0.010125,0.00383596
40193719000,-0.0683779,1.62204,0.127283,0.0182688,-0.0104415,-0.090155,0.980163,0.197903,-0.0101037,0.00356541
40203719000,-0.0681953,1.62193,0.126376,0.0182368,-0.0107958,-0.091342,0.979682,0.200276,-0.0100746,0.00329438
40213719000,-0.0680117,1.62182,0.125456,0.0184888,-0.0110572,-0.0926554,0.9792,0.202628,-0.0100444,0.00302623
40223719000,-0.0678261,1.62171,0.124522,0.0186387,-0.0113393,-0.0940681,0.978716,0.204956,-0.0100146,0.00276552
40233719000,-0.0685361,1.6209,0.127717,0.0156996,-0.0141614,-0.0784497,0.97823,0.207269,-0.00998276,0.00251053
40243719000,-0.068375,1.62075,0.126925,0.016511,-0.0147853,-0.0799497,0.977739,0.209575,-0.00996031,0.00225467
40253719000,-0.0682056,1.6206,0.126118,0.0173709,-0.01545,-0.0813643,0.977247,0.211864,-0.00994251,0.00200819
40263719000,-0.0680283,1.62044,0.125299,0.0180919,-0.0158307,-0.0824826,0.976755,0.214122,-0.00993143,0.00177516
40273719000,-0.0678443,1.62028,0.124469,0.0186946,-0.0162011,-0.0834502,0.976268,0.216334,-0.00993881,0.00155545
40283719000,-0.0676548,1.62012,0.123631,0.0192173,-0.0164036,-0.0841997,0.975785,0.218502,-0.00995394,0.00134021
40293719000,-0.0674598,1.61996,0.122786,0.0197728,-0.0167686,-0.0848456,0.975308,0.220621,-0.00997597,0.00112967
40303719000,-0.06726,1.61979,0.121934,0.020197,-0.0169611,-0.0854197,0.974838,0.222689,-0.0100073,0.000918196
40313719000,-0.0670569,1.61962,0.121079,0.0204291,-0.0168587,-0.0856313,0.974376,0.224699,-0.0100402,0.000707234
40323719000,-0.0668523,1.61945,0.120222,0.0204803,-0.0168733,-0.0857827,0.973925,0.226647,-0.0100733,0.000498528
40333719000,-0.0675097,1.6185,0.124148,0.017929,-0.0202176,-0.0666911,0.973486,0.228524,-0.0101047,0.000279866
40343719000,-0.0673284,1.61829,0.123484,0.0183102,-0.0205623,-0.0662131,0.973057,0.230341,-0.0101169,6.19974e-05
40353719000,-0.0677509,1.61767,0.125787,0.0155043,-0.0188836,-0.0546533,0.972651,0.232049,-0.0101317,-0.000172608
40363719000,-0.0675909,1.61748,0.125244,0.0164857,-0.0196931,-0.0540266,0.972263,0.233671,-0.010145,-0.00041666
40373719000,-0.0674249,1.61729,0.124705,0.016716,-0.0182085,-0.053699,0.971896,0.235189,-0.0101491,-0.000669236
40383719000,-0.0672576,1.61712,0.12417,0.0167428,-0.016495,-0.0533737,0.971555,0.236597,-0.0101436,-0.000930688
40393719000,-0.0670856,1.61695,0.123638,0.01766,-0.0162783,-0.0529942,0.971234,0.237908,-0.0101336,-0.00120302
40403719000,-0.0669061,1.6168,0.12311,0.0182395,-0.0149247,-0.0527122,0.970936,0.239119,-0.0101162,-0.00148975
40413719000,-0.0667216,1.61665,0.122585,0.0186671,-0.0136682,-0.0522585,0.970667,0.240208,-0.0101032,-0.00179093
40423719000,-0.0665323,1.61652,0.122063,0.0191879,-0.0124789,-0.0520806,0.970425,0.241182,-0.0100838,-0.00209957
40433719000,-0.0669368,1.6156,0.12435,0.0173079,-0.0140266,-0.0411311,0.970214,0.242026,-0.0100634,-0.00241537
40443719000,-0.066761,1.61547,0.123939,0.0178377,-0.0125334,-0.0409626,0.970036,0.242739,-0.010036,-0.00273951
40453719000,-0.0665797,1.61535,0.123529,0.0184168,-0.0107783,-0.0410257,0.969889,0.243323,-0.0100183,-0.0030708
40463719000,-0.066393,1.61525,0.123119,0.0189203,-0.00890518,-0.0409206,0.969771,0.243787,-0.00998469,-0.00340779
40473719000,-0.066201,1.61518,0.12271,0.0194741,-0.00701224,-0.0409476,0.969683,0.244134,-0.00994963,-0.00374958
40483719000,-0.0660046,1.61512,0.122302,0.0198146,-0.00492777,-0.0407255,0.969622,0.244374,-0.00990771,-0.00409137
40493719000,-0.0658055,1.61508,0.121896,0.0200031,-0.00314762,-0.0404359,0.969587,0.24451,-0.00985805,-0.00443517
40503719000,-0.0656039,1.61505,0.121493,0.0203357,-0.00138775,-0.0401223,0.969574,0.244557,-0.0097991,-0.00477518
40513719000,-0.065398,1.61505,0.121094,0.0208392,-5.86863e-05,-0.0396712,0.96958,0.244528,-0.00973868,-0.00510611
40523719000,-0.0651878,1.61505,0.1207,0.0212155,0.00127205,-0.0392128,0.969602,0.244435,-0.00967467,-0.00542357
40533719000,-0.0655685,1.61491,0.123638,0.0194513,0.00146591,-0.0260482,0.969638,0.244288,-0.00960035,-0.00572672
40543719000,-0.0653752,1.61493,0.12338,0.019191,0.00148865,-0.0255229,0.969688,0.244087,-0.00950957,-0.00601535
40553719000,-0.0655714,1.61479,0.125192,0.017673,0.000666082,-0.0171571,0.969745,0.243855,-0.00941203,-0.00629237
40563719000,-0.0653915,1.6148,0.125025,0.0182835,0.00104628,-0.0162856,0.969807,0.24361,-0.00931027,-0.00654592
40573719000,-0.065205,1.61482,0.124865,0.0190064,0.00144572,-0.0155737,0.969872,0.243349,-0.00918996,-0.00677073
40583719000,-0.0650152,1.61484,0.124713,0.0189548,0.00267457,-0.0148386,0.969938,0.243083,-0.00905698,-0.00697864
40593719000,-0.0648226,1.61486,0.124569,0.0195704,0.00286018,-0.0140924,0.970003,0.242823,-0.00891638,-0.00716497
40603719000,-0.0646247,1.61489,0.124433,0.0200162,0.0028139,-0.0130368,0.970065,0.242577,-0.00876739,-0.0073414
40613719000,-0.0644227,1.61492,0.124308,0.0203872,0.00274142,-0.0120388,0.97012,0.242355,-0.00862223,-0.00750333
40623719000,-0.0642187,1.61495,0.124191,0.020406,0.00239057,-0.011269,0.970168,0.242166,-0.00846246,-0.00764985
40633719000,-0.064016,1.61496,0.124083,0.0201391,0.00122099,-0.0102857,0.970206,0.242016,-0.00829028,-0.00778285
40643719000,-0.0641838,1.61612,0.126267,0.0187127,0.00442579,-0.00110957,0.970232,0.241913,-0.00810705,-0.00791345
40653719000,-0.0639968,1.61616,0.126258,0.0186414,0.00318244,-0.000785707,0.970248,0.241851,-0.00791994,-0.00803466
40663719000,-0.0638113,1.61618,0.126249,0.018461,0.00218512,-0.000944687,0.970252,0.241835,-0.00772594,-0.00815166
40673719000,-0.0636278,1.6162,0.126237,0.0182376,0.00106849,-0.00144562,0.970244,0.241871,-0.00751722,-0.00826803
40683719000,-0.0634458,1.6162,0.126219,0.0181614,9.99389e-05,-0.00223987,0.97022,0.241972,-0.0073026,-0.0083858
40693719000,-0.0632643,1.6162,0.126191,0.0181352,-0.000438353,-0.00326226,0.970183,0.242119,-0.00708481,-0.00849694
40703719000,-0.0630841,1.6162,0.126152,0.0179107,-0.000737771,-0.00450638,0.970136,0.242313,-0.00686374,-0.00861244
40713719000,-0.0629057,1.61619,0.126102,0.0177717,-0.00131771,-0.00568515,0.970079,0.242541,-0.00663296,-0.00872942
40723719000,-0.0627295,1.61617,0.126038,0.017493,-0.00111123,-0.00700846,0.970015,0.2428,-0.00639546,-0.00885115
40733719000,-0.0625559,1.61616,0.125958,0.0172213,-0.00136528,-0.00895572,0.969945,0.24308,-0.00616206,-0.00897344
40743719000,-0.0623812,1.61615,0.125861,0.0177275,-0.00205597,-0.0103949,0.969867,0.243392,-0.00591761,-0.00909853
40753719000,-0.0622034,1.61612,0.125749,0.017841,-0.00209136,-0.0120105,0.969783,0.243729,-0.00566446,-0.00922367
40763719000,-0.0620234,1.6161,0.125619,0.0181678,-0.00205435,-0.0141043,0.969694,0.244084,-0.00540344,-0.00934785
40773719000,-0.0618584,1.61787,0.127887,0.018441,0.00387736,-0.00743236,0.969598,0.244467,-0.0051371,-0.00947226
40783719000,-0.0616727,1.6179,0.127802,0.0186182,0.00247972,-0.00949847,0.969495,0.244875,-0.00486617,-0.00959983
40793719000,-0.0615269,1.61913,0.129437,0.0187161,0.00565653,-0.00495058,0.969384,0.245313,-0.00459262,-0.00972319
40803719000,-0.0613369,1.61919,0.129379,0.0192064,0.00546407,-0.0067663,0.969271,0.245761,-0.00431145,-0.00984732
40813719000,-0.061143,1.61924,0.129303,0.0195478,0.00541742,-0.00840665,0.969156,0.246213,-0.00402438,-0.00995879
40823719000,-0.0609463,1.6193,0.12921,0.019801,0.00578711,-0.010152,0.969044,0.246654,-0.00373107,-0.0100694
40833719000,-0.0607479,1.61936,0.1291,0.0198817,0.00582555,-0.0118055,0.96894,0.247061,-0.00343268,-0.0101778
40843719000,-0.0605483,1.61942,0.128974,0.0200325,0.00628414,-0.0134168,0.968847,0.247426,-0.00313335,-0.010274
40853719000,-0.0603467,1.61948,0.128833,0.0202949,0.00686267,-0.0147927,0.968763,0.247757,-0.00282252,-0.0103655
40863719000,-0.0601426,1.61955,0.128678,0.0205512,0.00760919,-0.0161399,0.968692,0.248035,-0.00250858,-0.0104506
40873719000,-0.0599232,1.61962,0.130992,0.0206849,0.00832841,-0.00831544,0.968636,0.248251,-0.00219728,-0.0105329
40883719000,-0.059715,1.61971,0.130904,0.0208913,0.00900017,-0.00922629,0.968597,0.248403,-0.00188354,-0.0106016
40893719000,-0.0595055,1.6198,0.130806,0.0209833,0.0096235,-0.0103041,0.968579,0.248474,-0.00156853,-0.0106636
40903719000,-0.0592953,1.6199,0.130696,0.0210458,0.0102304,-0.011694,0.96858,0.248468,-0.00125328,-0.0107171
40913719000,-0.059085,1.62001,0.130572,0.0210201,0.0106785,-0.0132118,0.9686,0.24839,-0.000930108,-0.0107595
40923719000,-0.0588737,1.62012,0.13043,0.0212601,0.0110714,-0.0150399,0.968634,0.248258,-0.000597826,-0.0107813
40933719000,-0.0586611,1.62023,0.130271,0.021264,0.0112399,-0.01686,0.968684,0.248062,-0.000257059,-0.0107851
40943719000,-0.0584483,1.62034,0.130094,0.0213018,0.0112485,-0.0185691,0.968747,0.247817,8.32261e-05,-0.0107715
40953719000,-0.0582362,1.62045,0.129899,0.0211233,0.0111223,-0.0203318,0.968821,0.247527,0.000430456,-0.0107387
40963719000,-0.0580255,1.62056,0.129687,0.0210256,0.0109076,-0.022072,0.968907,0.247193,0.00078682,-0.0106895
40973719000,-0.0575417,1.61961,0.133344,0.0220257,0.00693887,-0.0097522,0.969001,0.246825,0.00113753,-0.0106236
40983719000,-0.0571524,1.61903,0.135723,0.0226802,0.00439963,-0.00251064,0.969106,0.246415,0.00148956,-0.0105363
40993719000,-0.056923,1.61909,0.291989,0.0228085,0.00396948,0.0461303,0.969219,0.245971,0.00185084,-0.0104356
41003719000,-0.056695,1.61912,0.292442,0.0227701,0.00333146,0.0444631,0.969338,0.245505,0.00221311,-0.01032
41013719000,-0.0564668,1.61915,0.292879,0.0228661,0.00234458,0.0429262,0.969458,0.245033,0.00258481,-0.0101839
41023719000,-0.056237,1.61917,0.2933,0.0230844,0.00127609,0.0414035,0.969575,0.24457,0.0029576,-0.01003
41033719000,-0.0560041,1.61917,0.293707,0.0235014,-1.08846e-06,0.040035,0.969686,0.244132,0.00333302,-0.00986255
41043719000,-0.055767,1.61917,0.294102,0.0239359,-0.00120665,0.0389004,0.969786,0.243737,0.00370485,-0.00967316
41053719000,-0.0555242,1.61915,0.294485,0.0246383,-0.00276167,0.0377218,0.969871,0.2434,0.00408516,-0.00946796
41063719000,-0.0552748,1.61911,0.294857,0.0252438,-0.00462726,0.0367138,0.969942,0.243119,0.00446898,-0.00924875
41073719000,-0.0550195,1.61906,0.295222,0.0258226,-0.00645676,0.0362523,0.969999,0.242892,0.00485323,-0.00902105
41083719000,-0.0547587,1.61898,0.295579,0.0263513,-0.00859266,0.0351037,0.97004,0.24273,0.00524519,-0.00878625
41093719000,-0.0545798,1.61888,0.29654,0.0267387,-0.0101481,0.0375244,0.970063,0.242639,0.00563722,-0.00853738
41103719000,-0.0543094,1.61877,0.296911,0.0272562,-0.0121626,0.0366601,0.970065,0.24263,0.00604085,-0.0082843
41113719000,-0.054034,1.61864,0.297274,0.0278065,-0.0134787,0.036065,0.970043,0.242715,0.00644096,-0.00802972
41123719000,-0.0537534,1.61849,0.297634,0.0283068,-0.0152333,0.0358547,0.969998,0.242894,0.00684639,-0.00777943
41133719000,-0.0534682,1.61834,0.297994,0.0287532,-0.0165952,0.0361232,0.969928,0.243167,0.00725327,-0.00753981
41143719000,-0.0531797,1.61817,0.298364,0.0289471,-0.0172409,0.0378483,0.969838,0.24352,0.00767254,-0.00731361
41153719000,-0.0528905,1.61799,0.298748,0.0289136,-0.0183262,0.0389982,0.969732,0.243933,0.00809734,-0.00710234
41163719000,-0.0526,1.6178,0.299147,0.0291783,-0.0191328,0.0408903,0.969611,0.244405,0.0085363,-0.00691307
41173719000,-0.0523067,1.6176,0.299563,0.0295119,-0.020286,0.0422359,0.969475,0.244932,0.00899597,-0.00674567
41183719000,-0.0520116,1.6174,0.299994,0.0295069,-0.0208915,0.0440062,0.969324,0.245516,0.00946542,-0.00659569
41193719000,-0.0517146,1.61718,0.300441,0.0299177,-0.0223675,0.045375,0.969157,0.246159,0.00995081,-0.00646391
41203719000,-0.0513949,1.61654,0.300837,0.0299934,-0.024392,0.0468875,0.968972,0.246868,0.0104564,-0.00634818
41213719000,-0.0510931,1.61629,0.301314,0.0302445,-0.0255216,0.0484899,0.968767,0.24765,0.010977,-0.00625458
41223719000,-0.0507876,1.61586,0.301584,0.0300689,-0.026952,0.0492964,0.968541,0.24851,0.0115235,-0.00617979
41233719000,-0.050488,1.61559,0.302089,0.029736,-0.0279054,0.0516588,0.968295,0.249443,0.0120869,-0.00611945
41243719000,-0.0501917,1.6153,0.302615,0.0294972,-0.0288348,0.0536582,0.968027,0.250453,0.0126731,-0.00607724
41253719000,-0.0498968,1.61501,0.30316,0.0294626,-0.0300362,0.0552829,0.967737,0.251539,0.0132736,-0.00606237
41263719000,-0.0496032,1.6147,0.30372,0.0292699,-0.0316499,0.0566298,0.967423,0.25271,0.0138991,-0.00606721
41273719000,-0.0493096,1.61438,0.304292,0.0294581,-0.0328727,0.0579076,0.967082,0.253977,0.0145329,-0.00608335
41283719000,-0.0490199,1.61404,0.304878,0.0285109,-0.0345088,0.0593282,0.966713,0.255339,0.0151831,-0.00610899
41293719000,-0.0487339,1.61369,0.305479,0.0287117,-0.0364106,0.060736,0.966313,0.256809,0.0158334,-0.00614863
41303719000,-0.0479765,1.6134,0.304113,0.0304055,-0.0380991,0.0536283,0.96588,0.25839,0.016494,-0.00619769
41313719000,-0.047672,1.61301,0.304653,0.0303667,-0.0400484,0.0545167,0.96541,0.260095,0.0171645,-0.00625296
41323719000,-0.0473679,1.61259,0.305203,0.0304131,-0.0422551,0.0553734,0.964903,0.261924,0.0178361,-0.00630612
41333719000,-0.0470651,1.61216,0.305759,0.0301544,-0.0444334,0.0559316,0.964358,0.263874,0.0185158,-0.00636478
41343719000,-0.0467649,1.6117,0.306324,0.0298878,-0.046775,0.0569001,0.963771,0.265961,0.019193,-0.00642313
41353719000,-0.0464673,1.61122,0.306893,0.029651,-0.0492592,0.0570665,0.963141,0.268183,0.0198681,-0.00648332
41363719000,-0.0461736,1.61072,0.307468,0.0290984,-0.0515928,0.0577802,0.962465,0.270548,0.0205484,-0.00653545
41373719000,-0.0458851,1.61019,0.308047,0.0286191,-0.0545481,0.0581764,0.96174,0.27306,0.0212289,-0.0065824
41383719000,-0.0456006,1.60963,0.308632,0.0283103,-0.0571702,0.0587636,0.960966,0.275718,0.0219063,-0.00662495
41393719000,-0.0453213,1.60905,0.309223,0.0275726,-0.0595348,0.0594529,0.960146,0.278506,0.0225857,-0.00666286
41403719000,-0.0450485,1.60844,0.309821,0.0269959,-0.0619695,0.0602063,0.959281,0.281412,0.0232708,-0.00669291
41413719000,-0.0447823,1.60781,0.310429,0.0262558,-0.0642189,0.0612678,0.958374,0.284428,0.0239598,-0.00671659
41423719000,-0.0445227,1.60716,0.311046,0.0256926,-0.0666475,0.0622735,0.957424,0.287551,0.0246502,-0.00674429
41433719000,-0.0435204,1.60854,0.307171,0.0276058,-0.0612939,0.0457801,0.956434,0.290766,0.0253492,-0.00677901
41443719000,-0.0427558,1.60925,0.304888,0.0288012,-0.0586684,0.036115,0.955407,0.294061,0.0260642,-0.00682402
41453719000,-0.0424698,1.60865,0.30525,0.0282055,-0.0610249,0.0362559,0.954344,0.297427,0.0267923,-0.00687314
41463719000,-0.042189,1.60803,0.305612,0.0278938,-0.0625146,0.0362049,0.953247,0.300856,0.0275243,-0.0069328
41473719000,-0.041912,1.6074,0.305972,0.0274927,-0.0640261,0.0357246,0.952118,0.304342,0.0282599,-0.00699729
41483719000,-0.0416372,1.60675,0.306325,0.0274558,-0.065747,0.0349949,0.950957,0.307878,0.0290085,-0.00705931
41493719000,-0.0413652,1.60609,0.306671,0.026972,-0.0670199,0.0342534,0.949766,0.311462,0.0297609,-0.00712329
41503719000,-0.0410981,1.60541,0.30701,0.0264577,-0.0681112,0.0334831,0.948548,0.315079,0.0305089,-0.00718541
41513719000,-0.0408347,1.60472,0.307341,0.0262512,-0.0692512,0.0327221,0.947304,0.318724,0.03126,-0.00724005
41523719000,-0.0405754,1.60403,0.307665,0.0256261,-0.0699873,0.032071,0.946038,0.322389,0.0320112,-0.00729245
41533719000,-0.0394756,1.60441,0.303701,0.0281252,-0.066589,0.0151748,0.944752,0.326061,0.0327692,-0.00734609
41543719000,-0.0391964,1.60374,0.303849,0.027569,-0.0670513,0.014451,0.943454,0.32972,0.0335242,-0.00740008
41553719000,-0.038924,1.60306,0.303989,0.0268543,-0.0675164,0.0136019,0.942149,0.333353,0.0342756,-0.00745453
41563719000,-0.0386581,1.60239,0.304122,0.0263153,-0.0680967,0.0128933,0.940836,0.336963,0.0350354,-0.00750792
41573719000,-0.0383971,1.6017,0.304246,0.0258984,-0.0684939,0.011982,0.939514,0.34055,0.0358014,-0.00756125
41583719000,-0.0381432,1.60102,0.304362,0.0249036,-0.0686578,0.0111004,0.938186,0.344112,0.0365571,-0.00761909
41593719000,-0.0378962,1.60033,0.304467,0.0245092,-0.0693035,0.0100706,0.936852,0.347645,0.0373096,-0.00767459
41603719000,-0.0376547,1.59963,0.304565,0.023818,-0.0695525,0.00937296,0.935512,0.351153,0.0380691,-0.00772734
41613719000,-0.0374178,1.59894,0.304654,0.0235904,-0.0696099,0.00854183,0.934168,0.35463,0.038826,-0.00777712
41623719000,-0.0368996,1.59947,0.300956,0.0248715,-0.0651473,-0.00436106,0.932837,0.358033,0.039586,-0.00781674
41633719000,-0.0366496,1.59881,0.300916,0.0249573,-0.0647262,-0.00359255,0.931545,0.361296,0.0403455,-0.00784325
41643719000,-0.0362506,1.59897,0.2983,0.0250426,-0.0607869,-0.0114285,0.930307,0.364387,0.0410993,-0.00785744
41653719000,-0.0360012,1.59836,0.298192,0.0246851,-0.0602805,-0.0102786,0.929135,0.367281,0.0418499,-0.00786273
41663719000,-0.0357568,1.59776,0.2981,0.0241602,-0.0586512,-0.00804405,0.928027,0.369984,0.0426188,-0.00786904
41673719000,-0.0355182,1.59719,0.298029,0.0235375,-0.0572541,-0.0061381,0.926986,0.372493,0.0433956,-0.00788186
41683719000,-0.0352857,1.59662,0.297979,0.0229738,-0.0559786,-0.00388832,0.926019,0.374798,0.0441865,-0.0079088
41693719000,-0.0350586,1.59606,0.297949,0.0224746,-0.0549727,-0.00216443,0.925125,0.376905,0.0449861,-0.00793925
41703719000,-0.0348358,1.59552,0.297936,0.022107,-0.0539541,-0.000309829,0.924303,0.378816,0.0458034,-0.00797387
41713719000,-0.0346164,1.59499,0.297942,0.021789,-0.0526538,0.00144159,0.923554,0.380538,0.0466291,-0.00801483
41723719000,-0.0343995,1.59447,0.297964,0.0216054,-0.0517806,0.00293327,0.922875,0.382079,0.0474633,-0.0080609
41733719000,-0.0341847,1.59395,0.298001,0.0213775,-0.0510907,0.00443348,0.922263,0.383447,0.048296,-0.00810529
41743719000,-0.0339717,1.59344,0.298049,0.0212528,-0.0504647,0.00531037,0.921706,0.384678,0.0491356,-0.0081397
41753719000,-0.0335287,1.59302,0.29458,0.0222394,-0.049866,-0.00711977,0.921192,0.385801,0.049963,-0.00816997
41763719000,-0.033308,1.59253,0.294511,0.021738,-0.0493352,-0.00658536,0.920712,0.386835,0.0507961,-0.00818694
41773719000,-0.0330856,1.59203,0.294446,0.0226925,-0.0491035,-0.00639155,0.920258,0.387803,0.0516322,-0.00818302
41783719000,-0.0328488,1.59156,0.294384,0.0246677,-0.0464761,-0.00598984,0.919812,0.388751,0.0524529,-0.00815724
41793719000,-0.0325926,1.59115,0.294333,0.026574,-0.034631,-0.00417271,0.919359,0.389712,0.0532646,-0.00812168
41803719000,-0.0323132,1.59084,0.294293,0.0293225,-0.0274147,-0.00392333,0.918908,0.390664,0.0540748,-0.00804795
41813719000,-0.0320139,1.59059,0.294257,0.0305545,-0.0235238,-0.00336078,0.918449,0.391632,0.0548809,-0.00795655
41823719000,-0.0316974,1.59035,0.294222,0.0327754,-0.0235192,-0.00362834,0.917969,0.392645,0.0556816,-0.00784398
41833719000,-0.0313641,1.59012,0.294184,0.0338989,-0.0237985,-0.00395846,0.917466,0.393709,0.0564805,-0.00771134
41843719000,-0.0310228,1.58988,0.294146,0.0343947,-0.0231552,-0.00360823,0.916932,0.394841,0.0572663,-0.0075634
41853719000,-0.0316329,1.59023,0.292859,0.0321497,-0.0217885,-0.00816397,0.916364,0.396048,0.0580378,-0.00740792
41863719000,-0.031306,1.59001,0.29278,0.0330855,-0.0216086,-0.00768624,0.915757,0.397341,0.0588015,-0.00723718
41873719000,-0.0317031,1.59019,0.291886,0.0309904,-0.0212447,-0.0104817,0.915107,0.398726,0.0595611,-0.00705336
41883719000,-0.0313936,1.58997,0.291782,0.0307781,-0.0223842,-0.0102097,0.914409,0.400215,0.0603099,-0.00686142
41893719000,-0.031083,1.58974,0.291684,0.0312882,-0.0236705,-0.00957441,0.913658,0.401817,0.0610478,-0.00666647
41903719000,-0.0307719,1.58949,0.29159,0.0309255,-0.0258329,-0.00912682,0.912849,0.403544,0.0617875,-0.00646069
41913719000,-0.0304628,1.58923,0.291505,0.0309112,-0.0263613,-0.00791771,0.91198,0.405396,0.0625172,-0.00625358
41923719000,-0.0301617,1.58896,0.291426,0.0293107,-0.0275372,-0.0078026,0.91105,0.407372,0.0632442,-0.0060388
41933719000,-0.0298704,1.58868,0.291349,0.0289704,-0.0282632,-0.00764475,0.910068,0.409451,0.0639689,-0.00581946
41943719000,-0.0295743,1.5884,0.291279,0.0302587,-0.0283434,-0.00641186,0.909039,0.411621,0.064699,-0.00559593
41953719000,-0.0292696,1.58813,0.291225,0.0306942,-0.0253848,-0.00432866,0.90797,0.41386,0.0654232,-0.00537298
41963719000,-0.0289602,1.58788,0.291186,0.031215,-0.024337,-0.00347965,0.906867,0.416164,0.0661374,-0.00514918
41973719000,-0.0294819,1.58844,0.289518,0.029251,-0.0230047,-0.00856884,0.905728,0.418525,0.0668542,-0.00491558
41983719000,-0.0291869,1.5882,0.289441,0.0296177,-0.0233831,-0.00674984,0.904553,0.420947,0.0675746,-0.00468362
41993719000,-0.0288895,1.58797,0.380957,0.0297452,-0.0226547,0.0310241,0.903366,0.423375,0.0682895,-0.00444469
42003719000,-0.028591,1.58775,0.381277,0.0299457,-0.0228256,0.0329435,0.902165,0.425818,0.0689942,-0.00420719
42013719000,-0.0282919,1.58751,0.381616,0.0298924,-0.0237408,0.0347666,0.900956,0.428257,0.0697019,-0.00396507
42023719000,-0.0279918,1.58728,0.381975,0.0301442,-0.0228338,0.0370568,0.899746,0.430679,0.070414,-0.00371595
42033719000,-0.0276891,1.58705,0.382355,0.0304103,-0.0225165,0.0390428,0.898544,0.433068,0.071128,-0.00345938
42043719000,-0.0273836,1.58684,0.382757,0.0306991,-0.0203903,0.0413552,0.897346,0.435429,0.0718448,-0.00319733
42053719000,-0.0270755,1.58664,0.38318,0.0309467,-0.0197539,0.043255,0.896162,0.437745,0.0725547,-0.00293283
42063719000,-0.0267645,1.58644,0.383622,0.031254,-0.0196481,0.045035,0.894987,0.440027,0.0732591,-0.00265751
42073719000,-0.0272555,1.587,0.37942,0.0281661,-0.0159977,0.0239203,0.893828,0.442261,0.0739647,-0.00236836
42083719000,-0.0274495,1.58725,0.376654,0.0268869,-0.0149829,0.0104371,0.892688,0.444442,0.0746693,-0.00207093
42093719000,-0.0271788,1.5871,0.376767,0.0270908,-0.0148832,0.011978,0.891562,0.44658,0.0753746,-0.00176287
42103719000,-0.026908,1.58696,0.376894,0.0270246,-0.0137283,0.0135794,0.890462,0.448653,0.0760663,-0.00144837
42113719000,-0.0266348,1.58682,0.377036,0.0276175,-0.0133978,0.0148398,0.889385,0.450668,0.0767536,-0.00111728
42123719000,-0.0263632,1.58672,0.377206,0.0266981,-0.00761201,0.0191657,0.888317,0.452654,0.0774397,-0.000768711
42133719000,-0.0261066,1.58662,0.377396,0.0246269,-0.0115595,0.0187858,0.887287,0.454553,0.0781174,-0.000402543
42143719000,-0.0258603,1.58649,0.377584,0.0246582,-0.0135758,0.0188236,0.886277,0.456406,0.0787852,-2.71355e-05
42153719000,-0.0256244,1.58636,0.377781,0.0225378,-0.0141014,0.0205928,0.885292,0.458198,0.0794517,0.000368851
42163719000,-0.0253924,1.58621,0.377987,0.0238737,-0.0159154,0.0205723,0.884331,0.459935,0.0801103,0.000791293
42173719000,-0.0255152,1.58804,0.375536,0.0215397,-0.0037528,0.01111,0.883395,0.461616,0.0807605,0.00121531
42183719000,-0.0253031,1.588,0.375653,0.0208018,-0.00468628,0.0122132,0.882484,0.463239,0.0814138,0.00165784
42193719000,-0.0250932,1.58794,0.375775,0.0211564,-0.00651651,0.0122704,0.881589,0.464827,0.0820531,0.00211525
42203719000,-0.0248876,1.58787,0.375898,0.0199647,-0.00793514,0.0123287,0.880719,0.466358,0.0826927,0.00258962
42213719000,-0.024686,1.58778,0.376023,0.0203451,-0.00973598,0.0125894,0.879858,0.467866,0.083315,0.00306662
42223719000,-0.024483,1.58769,0.37615,0.0202736,-0.00965908,0.0128866,0.879006,0.469353,0.0839302,0.00355316
42233719000,-0.0242793,1.58759,0.376281,0.0204752,-0.00891779,0.0134106,0.878161,0.470819,0.0845408,0.00404867
42243719000,-0.024075,1.5875,0.376415,0.0204008,-0.00957671,0.0132851,0.87732,0.47227,0.0851448,0.00454884
42253719000,-0.0238725,1.58741,0.376547,0.0200996,-0.00935706,0.0132104,0.87648,0.473715,0.0857399,0.00505121
42263719000,-0.0236724,1.58731,0.376679,0.0199307,-0.00948198,0.0131657,0.875636,0.475161,0.0863311,0.00555883
42273719000,-0.0234743,1.58721,0.376808,0.0196951,-0.0102051,0.0125475,0.874792,0.476602,0.0869058,0.00607242
42283719000,-0.0232785,1.58712,0.376933,0.0194721,-0.00953127,0.012455,0.873946,0.47804,0.0874784,0.00658891
42293719000,-0.0229939,1.58987,0.375367,0.0194806,0.000928938,0.00556223,0.873102,0.47947,0.0880367,0.00710135
42303719000,-0.0227275,1.59158,0.374398,0.0197342,0.00695402,0.000840296,0.872259,0.480893,0.0885891,0.00761694
42313719000,-0.0225307,1.59165,0.374404,0.0195407,0.0071265,0.00044259,0.871422,0.4823,0.0891365,0.008134
42323719000,-0.0223358,1.59172,0.374407,0.0194209,0.00785504,0.00013958,0.870587,0.483697,0.0896712,0.00865043
42333719000,-0.0221418,1.5918,0.374405,0.0193637,0.00841609,-0.000542126,0.869759,0.485077,0.0901976,0.0091628
42343719000,-0.0219485,1.59189,0.374395,0.0192979,0.00900152,-0.00152338,0.868935,0.486444,0.0907182,0.00967782
42353719000,-0.0217554,1.59198,0.374375,0.0193387,0.00939098,-0.00243027,0.868124,0.487785,0.0912308,0.0102023
42363719000,-0.0215641,1.59208,0.374347,0.0189286,0.0103906,-0.00316076,0.867332,0.489087,0.0917313,0.0107242
42373719000,-0.0213758,1.59219,0.374313,0.0187258,0.0111182,-0.00362116,0.866569,0.490335,0.092213,0.0112553
42383719000,-0.0211891,1.5923,0.374274,0.0186308,0.012075,-0.00425442,0.865836,0.491525,0.0926968,0.0117959
42393719000,-0.0208911,1.5938,0.374149,0.0187515,0.0179484,-0.00504282,0.865138,0.492651,0.0931648,0.0123444
42403719000,-0.0207042,1.59399,0.374094,0.0185787,0.0189933,-0.00592589,0.864472,0.493719,0.09362,0.0128954
42413719000,-0.0205196,1.59418,0.37403,0.0183327,0.0201555,-0.0068693,0.863838,0.494727,0.0940618,0.0134506
42423719000,-0.0203367,1.59439,0.373956,0.0182431,0.0212789,-0.00807026,0.863242,0.495672,0.0944816,0.0140049
42433719000,-0.0201546,1.59461,0.373868,0.0181711,0.0221751,-0.0094389,0.862672,0.496567,0.0948949,0.0145619
42443719000,-0.0199742,1.59483,0.373766,0.0179229,0.0229285,-0.011077,0.862138,0.497403,0.0952873,0.0151191
42453719000,-0.019796,1.59507,0.373648,0.0177141,0.0238876,-0.0125364,0.861631,0.498191,0.0956677,0.015686
42463719000,-0.0196207,1.59531,0.373515,0.0173537,0.0248881,-0.013972,0.86115,0.498934,0.0960316,0.0162548
42473719000,-0.0194487,1.59557,0.373369,0.0170513,0.0257686,-0.0151743,0.860695,0.499633,0.0963745,0.0168235
42483719000,-0.0192788,1.59583,0.373211,0.0169327,0.0264363,-0.0164966,0.860259,0.500298,0.0967079,0.0173996
42493719000,-0.0191104,1.59609,0.37304,0.0167388,0.02696,-0.0177622,0.859842,0.500933,0.0970261,0.0179719
42503719000,-0.018945,1.59636,0.372854,0.0163512,0.0271903,-0.0192645,0.859438,0.501549,0.0973206,0.018547
42513719000,-0.0185016,1.59674,0.374488,0.0173039,0.0280774,-0.013774,0.859045,0.502148,0.0975919,0.019122
42523719000,-0.0181614,1.59706,0.37553,0.0175758,0.02834,-0.010853,0.858656,0.50274,0.0978505,0.019703
42533719000,-0.0179875,1.59734,0.375413,0.0172109,0.0285608,-0.0125431,0.858264,0.503339,0.09809,0.0202868
42543719000,-0.0178176,1.59763,0.375279,0.0167704,0.0285102,-0.014134,0.857864,0.503954,0.0983059,0.0208724
42553719000,-0.0176525,1.59791,0.375131,0.0162489,0.028646,-0.0154629,0.857456,0.504585,0.0985035,0.0214535
42563719000,-0.0174918,1.5982,0.37497,0.015895,0.0286783,-0.0168102,0.857038,0.505234,0.0986831,0.0220318
42573719000,-0.0173344,1.59849,0.374797,0.0155797,0.0287731,-0.0178301,0.856609,0.505905,0.0988438,0.0225996
42583719000,-0.0171811,1.59877,0.374613,0.0150915,0.0286482,-0.0189622,0.856167,0.506599,0.0989917,0.0231592
42593719000,-0.0170321,1.59906,0.374419,0.0147068,0.0287559,-0.0198706,0.855712,0.507315,0.0991289,0.0237098
42603719000,-0.0168879,1.59935,0.374215,0.0141121,0.0287664,-0.0208937,0.855243,0.508055,0.0992538,0.0242497
42613719000,-0.0160012,1.59881,0.376246,0.0162991,0.0258518,-0.0132834,0.854757,0.508826,0.0993605,0.0247745
42623719000,-0.0158416,1.59907,0.376108,0.0156368,0.0262455,-0.0141924,0.854258,0.509621,0.0994519,0.0252869
42633719000,-0.0156883,1.59934,0.375963,0.0150309,0.0265777,-0.0148973,0.853748,0.510437,0.0995218,0.0257843
42643719000,-0.015541,1.5996,0.375811,0.014437,0.0271492,-0.0155002,0.85322,0.511282,0.0995846,0.0262667
42653719000,-0.0153999,1.59988,0.375652,0.0137697,0.0276174,-0.0163289,0.852683,0.512141,0.0996395,0.0267315
42663719000,-0.0152661,1.60016,0.375485,0.0130002,0.028261,-0.0171337,0.852131,0.513028,0.099685,0.0271708
42673719000,-0.0151391,1.60044,0.375308,0.0123844,0.0286283,-0.0182571,0.851564,0.513941,0.0997149,0.0275906
42683719000,-0.0150193,1.60073,0.37512,0.0115766,0.0293391,-0.0192015,0.850986,0.514871,0.0997321,0.0279922
42693719000,-0.0149066,1.60103,0.374924,0.0109506,0.029941,-0.0200647,0.850402,0.515812,0.0997394,0.0283793
42703719000,-0.014801,1.60133,0.374717,0.010175,0.0306376,-0.0212669,0.849807,0.516774,0.0997291,0.0287436
42713719000,-0.0147034,1.60164,0.374498,0.00934384,0.0314597,-0.0226649,0.849201,0.517754,0.0997104,0.0290927
42723719000,-0.0146142,1.60196,0.374263,0.00848896,0.0321663,-0.0242584,0.848576,0.518762,0.0996873,0.0294334
42733719000,-0.0132253,1.60002,0.376439,0.012474,0.0247599,-0.0171948,0.847938,0.519797,0.0996376,0.0297488
42743719000,-0.0122814,1.59886,0.377818,0.0145366,0.0204385,-0.0133865,0.847278,0.520867,0.0995699,0.0300546
42753719000,-0.0121401,1.59907,0.377674,0.0137554,0.0210062,-0.0153689,0.846597,0.521972,0.0994912,0.0303408
42763719000,-0.0120053,1.59928,0.37751,0.0131958,0.0219411,-0.0174738,0.845892,0.523115,0.0994033,0.0306118
42773719000,-0.0118766,1.59951,0.377324,0.0125462,0.0227493,-0.0195626,0.845166,0.524292,0.0992984,0.0308693
42783719000,-0.0117549,1.59974,0.377118,0.0118093,0.0235862,-0.0217878,0.844411,0.525516,0.0991744,0.0311115
42793719000,-0.0116408,1.59998,0.37689,0.0109941,0.0245705,-0.0237742,0.843636,0.526773,0.099022,0.0313409
42803719000,-0.0115345,1.60023,0.376643,0.0102717,0.0255583,-0.0256697,0.842841,0.528063,0.0988567,0.0315563
42813719000,-0.0114357,1.60049,0.376375,0.00947222,0.0265611,-0.0278437,0.842023,0.529388,0.0986782,0.0317533
42823719000,-0.0113448,1.60076,0.376087,0.00871739,0.0275536,-0.0298152,0.841185,0.530744,0.0984834,0.0319267
42833719000,-0.0100429,1.5983,0.37798,0.0123641,0.0183818,-0.0237115,0.840329,0.532129,0.0982686,0.0320842
42843719000,-0.00992412,1.59848,0.377734,0.0114221,0.0193621,-0.0255791,0.839452,0.533545,0.0980354,0.0322287
42853719000,-0.00981575,1.59868,0.377469,0.0102622,0.0204417,-0.0273182,0.838561,0.534983,0.0977821,0.0323507
42863719000,-0.00971797,1.59889,0.377188,0.00929407,0.0214165,-0.0289327,0.837665,0.536429,0.0975145,0.0324504
42873719000,-0.00962991,1.59911,0.376892,0.00831593,0.0223155,-0.0301756,0.836761,0.537883,0.0972334,0.0325292
42883719000,-0.00955139,1.59934,0.376586,0.00738472,0.023496,-0.031087,0.835858,0.539335,0.0969406,0.032589
42893719000,-0.00948276,1.59958,0.376271,0.00633826,0.0244229,-0.031948,0.834962,0.540771,0.0966457,0.0326324
42903719000,-0.00942509,1.59983,0.375947,0.00519188,0.0253227,-0.0329091,0.834081,0.542185,0.0963247,0.0326551
42913719000,-0.00937878,1.60009,0.375614,0.00406546,0.0261115,-0.0335252,0.833207,0.543585,0.0959946,0.0326493
42923719000,-0.00934421,1.60035,0.375276,0.00284445,0.0268959,-0.0342381,0.832343,0.544968,0.095656,0.0326224
42933719000,-0.00932081,1.60062,0.37493,0.00183159,0.0277373,-0.0348187,0.83149,0.546333,0.0953044,0.0325744
42943719000,-0.00748229,1.59576,0.376475,0.00711144,0.0099717,-0.0285607,0.830649,0.547678,0.0949414,0.032503
42953719000,-0.00623582,1.59269,0.37736,0.0103122,-0.000614157,-0.0247554,0.82982,0.549006,0.0945613,0.0324048
42963719000,-0.00613824,1.59269,0.37711,0.0092426,-7.56237e-06,-0.0251802,0.828996,0.550324,0.0941676,0.0322816
42973719000,-0.00605158,1.59269,0.376856,0.00810193,0.000842161,-0.0256535,0.82818,0.551629,0.0937632,0.0321392
42983719000,-0.00597719,1.59271,0.376598,0.00677877,0.00173343,-0.0259376,0.82737,0.552922,0.0933535,0.0319725
42993719000,-0.00591674,1.59273,0.451785,0.00549386,0.0023978,0.00234257,0.82656,0.554214,0.0929293,0.0317812
43003719000,-0.00586881,1.59276,0.451808,0.00408971,0.003018,0.00213037,0.825753,0.555502,0.0924817,0.0315589
43013719000,-0.00583513,1.59279,0.451827,0.00264384,0.00373556,0.00183623,0.824947,0.556788,0.0920312,0.0313193
43023719000,-0.00581481,1.59283,0.451844,0.00141526,0.00439303,0.00154204,0.824144,0.558067,0.0915581,0.0310582
43033719000,-0.00580788,1.59288,0.451857,-3.2482e-05,0.00497945,0.00099383,0.823341,0.559345,0.0910797,0.0307768
43043719000,-0.00412137,1.58845,0.451374,0.00498797,-0.0111769,-0.00226253,0.82254,0.560619,0.0905838,0.030475
43053719000,-0.00407643,1.58834,0.451348,0.00402533,-0.0108253,-0.00301144,0.821725,0.561911,0.0900751,0.0301541
43063719000,-0.0040426,1.58823,0.451315,0.0027486,-0.0104594,-0.00348668,0.820899,0.563219,0.089555,0.0298151
43073719000,-0.00401994,1.58813,0.451279,0.00178454,-0.0102447,-0.00377586,0.820062,0.564542,0.0890127,0.0294527
43083719000,-0.00400647,1.58803,0.451239,0.000906686,-0.010097,-0.00417149,0.819213,0.565879,0.0884584,0.0290769
43093719000,-0.00400213,1.58793,0.451195,-4.0988e-05,-0.0102626,-0.00472296,0.818349,0.567237,0.0878888,0.0286766
43103719000,-0.00400587,1.58782,0.451144,-0.000711129,-0.0103771,-0.00543169,0.817467,0.56862,0.0872951,0.028266
43113719000,-0.00401785,1.58772,0.451085,-0.00168888,-0.0109047,-0.00635751,0.816568,0.570023,0.0866935,0.0278412
43123719000,-0.0040394,1.58761,0.451018,-0.00262443,-0.0113491,-0.00716542,0.815643,0.57146,0.0860757,0.027409
43133719000,-0.00406989,1.58749,0.450943,-0.003478,-0.012012,-0.00778346,0.814683,0.572943,0.085447,0.026961
43143719000,-0.00410688,1.58737,0.450862,-0.00392405,-0.0129691,-0.00836031,0.813694,0.574464,0.0848046,0.0264957
43153719000,-0.00414893,1.58723,0.450776,-0.0044885,-0.0136595,-0.00878209,0.812679,0.576015,0.0841539,0.0260216
43163719000,-0.00272548,1.58222,0.450703,0.000119841,-0.0319734,-0.00907835,0.811636,0.577602,0.0834925,0.0255336
43173719000,-0.00181148,1.57901,0.45062,0.00287707,-0.0433568,-0.00955459,0.810567,0.57922,0.082819,0.0250318
43183719000,-0.00178372,1.57858,0.450523,0.0027079,-0.043958,-0.00988223,0.809469,0.580873,0.0821306,0.024522
43193719000,-0.00175922,1.57813,0.450424,0.0022032,-0.044669,-0.00986142,0.808345,0.582556,0.0814275,0.0240037
43203719000,-0.00174014,1.57767,0.450321,0.00161254,-0.0468783,-0.0107632,0.807196,0.584268,0.0807136,0.0234753
43213719000,-0.00172799,1.57719,0.450212,0.000816969,-0.0487814,-0.011034,0.806018,0.586012,0.0799942,0.0229348
43223719000,-0.00172553,1.5767,0.450102,-0.000328034,-0.0501426,-0.0109499,0.804814,0.587785,0.0792616,0.0223819
43233719000,-0.00172918,1.57619,0.449992,-0.000403711,-0.0516411,-0.0110414,0.803581,0.589589,0.0785249,0.0218169
43243719000,-0.00173586,1.57567,0.449883,-0.000934525,-0.0526911,-0.0109173,0.802325,0.591419,0.077768,0.021236
43253719000,-0.00174594,1.57514,0.449775,-0.00108435,-0.0542925,-0.0106929,0.801046,0.593269,0.077009,0.0206414
43263719000,-0.00125934,1.57253,0.44916,-0.000520558,-0.0500762,-0.00707249,0.79979,0.595082,0.0762313,0.0200487
43273719000,-0.00123689,1.57212,0.449164,0.00503836,-0.0315421,0.00794347,0.798467,0.596971,0.0754805,0.0194383
43283719000,-0.00119758,1.57189,0.449313,0.00283491,-0.0136901,0.0218703,0.797178,0.598812,0.0746792,0.0188196
43293719000,-0.0011503,1.57176,0.449555,0.00660745,-0.0134067,0.0264938,0.795888,0.600644,0.0738823,0.0181886
43303719000,-0.00108914,1.57162,0.44981,0.00561045,-0.0141919,0.0243957,0.794616,0.602443,0.0730709,0.0175725
43313719000,-0.00103275,1.57145,0.450055,0.00565529,-0.0190091,0.0246176,0.793363,0.604203,0.0722965,0.0169324
43323719000,-0.000980032,1.57123,0.450273,0.00487951,-0.0246094,0.0189143,0.792132,0.605928,0.071497,0.0162911
43333719000,-0.000934727,1.57097,0.45046,0.00417711,-0.0281768,0.0186419,0.790924,0.607615,0.0707023,0.0156451
43343719000,-0.000892321,1.57068,0.450648,0.0043035,-0.0292599,0.0188483,0.789716,0.609294,0.0698987,0.0149675
43353719000,-0.000921807,1.56663,0.447588,0.00324734,-0.0457445,0.0053393,0.788532,0.610932,0.0690935,0.0142971
43363719000,-0.000891086,1.56618,0.447652,0.00291982,-0.0449745,0.00737393,0.787367,0.61254,0.0682802,0.013614
43373719000,-0.000864083,1.56345,0.445494,0.00242496,-0.0561153,-0.00259124,0.786235,0.614096,0.0674701,0.0129446
43383719000,-0.000843004,1.56288,0.445467,0.00181435,-0.0572642,-0.00276299,0.785116,0.615629,0.0666587,0.012259
43393719000,-0.000828624,1.56229,0.44544,0.00106855,-0.0599923,-0.00277535,0.784024,0.61712,0.0658465,0.0115744
43403719000,-0.000819925,1.56168,0.445408,0.000672148,-0.062511,-0.00361183,0.782953,0.618577,0.0650254,0.0108903
43413719000,-0.000814282,1.56105,0.445378,0.000455137,-0.0646671,-0.00235808,0.781902,0.620002,0.0642136,0.0101977
43423719000,-0.000812556,1.56039,0.445353,-0.000112278,-0.0668868,-0.00265862,0.780889,0.621371,0.0633959,0.00951197
43433719000,-0.000813901,1.55971,0.44533,-0.000158891,-0.0686561,-0.00190031,0.779899,0.622705,0.0625919,0.00882505
43443719000,-0.000817328,1.55902,0.445309,-0.000528889,-0.0703689,-0.00234627,0.778941,0.623994,0.0617834,0.00812939
43453719000,-0.000823978,1.5583,0.445282,-0.000803735,-0.0722143,-0.00301267,0.777999,0.625255,0.060985,0.00743244
43463719000,-0.000832607,1.55758,0.44525,-0.000923831,-0.0732743,-0.0034481,0.777064,0.6265,0.0602008,0.00673267
43473719000,-0.000844374,1.55683,0.445208,-0.00143209,-0.0751705,-0.00499457,0.776132,0.627735,0.0594282,0.00604311
43483719000,-0.00136877,1.55644,0.443067,-0.00328002,-0.0748616,-0.0143197,0.775187,0.62898,0.058656,0.00535592
43493719000,-0.00140269,1.55569,0.442916,-0.00348535,-0.076417,-0.0157461,0.77422,0.630246,0.0578958,0.00468773
43503719000,-0.00143743,1.55491,0.442751,-0.00345882,-0.0777061,-0.0173982,0.773226,0.631538,0.0571371,0.00401234
43513719000,-0.00147276,1.55413,0.44257,-0.00360621,-0.0788944,-0.0187011,0.772209,0.632853,0.0563895,0.0033352
43523719000,-0.00151027,1.55334,0.442375,-0.00389719,-0.0801026,-0.0203703,0.771163,0.634195,0.0556533,0.00266875
43533719000,-0.00154903,1.55253,0.442165,-0.00385551,-0.0810612,-0.0216146,0.770072,0.635584,0.0549336,0.00199817
43543719000,-0.00158974,1.55172,0.441941,-0.00428736,-0.0819174,-0.0230811,0.768947,0.637008,0.0542215,0.00132363
43553719000,-0.00163537,1.55089,0.441704,-0.00483869,-0.083029,-0.0242975,0.767782,0.638471,0.053522,0.00064983
43563719000,-0.00168587,1.55006,0.441458,-0.0052623,-0.083782,-0.0249644,0.766577,0.639975,0.0528332,-3.54701e-05
43573719000,-0.00174022,1.54922,0.441208,-0.00560588,-0.0846594,-0.0250472,0.765335,0.641514,0.0521686,-0.000727893
43583719000,-0.00228358,1.55058,0.439679,-0.00775494,-0.0774842,-0.0296238,0.764062,0.643081,0.0515232,-0.00142894
43593719000,-0.00264007,1.5512,0.438583,-0.00895776,-0.0733002,-0.0320993,0.762778,0.644651,0.0508998,-0.00213938
43603719000,-0.0027308,1.55046,0.438266,-0.00920985,-0.0741321,-0.0313508,0.761493,0.646212,0.0502992,-0.00286356
43613719000,-0.00282316,1.54971,0.437958,-0.00927154,-0.0748631,-0.0302232,0.760217,0.647754,0.0497185,-0.00360011
43623719000,-0.00291664,1.54896,0.437662,-0.00942583,-0.0756224,-0.028908,0.758969,0.649254,0.0491629,-0.00434592
43633719000,-0.00301221,1.5482,0.43738,-0.00968688,-0.0763732,-0.0276547,0.757761,0.650698,0.0486281,-0.00509718
43643719000,-0.00310912,1.54743,0.437109,-0.00969224,-0.0767572,-0.026414,0.756607,0.652071,0.0481107,-0.00586053
43653719000,-0.00320749,1.54666,0.436851,-0.00997672,-0.0769134,-0.0252485,0.755511,0.65337,0.0476219,-0.00662415
43663719000,-0.00330754,1.54589,0.436606,-0.0100268,-0.0772376,-0.0236744,0.754477,0.654589,0.0471493,-0.00739568
43673719000,-0.0034107,1.54512,0.436379,-0.0105998,-0.0769162,-0.0217414,0.753526,0.655707,0.0466856,-0.00817459
43683719000,-0.00351796,1.54435,0.436169,-0.0108464,-0.0769258,-0.0202325,0.752669,0.656711,0.0462501,-0.00896381
43693719000,-0.00362878,1.54359,0.435973,-0.0113092,-0.0765444,-0.0190193,0.751919,0.657587,0.045833,-0.00975881
43703719000,-0.00330613,1.54508,0.432347,-0.00991294,-0.0679571,-0.0304784,0.751281,0.658332,0.0454317,-0.0105641
43713719000,-0.0034052,1.54441,0.43205,-0.00995581,-0.0672811,-0.0290564,0.750754,0.658946,0.0450498,-0.0113826
43723719000,-0.00350558,1.54374,0.431762,-0.0101395,-0.0663867,-0.0284468,0.750342,0.659425,0.0446854,-0.0122086
43733719000,-0.00361025,1.54308,0.431479,-0.0107974,-0.0652402,-0.028197,0.750035,0.659781,0.0443405,-0.0130306
43743719000,-0.00371742,1.54243,0.431197,-0.0106314,-0.0638733,-0.0281444,0.749816,0.660036,0.0440072,-0.0138514
43753719000,-0.00382626,1.5418,0.430916,-0.0111304,-0.0621031,-0.0280958,0.749682,0.660192,0.0436828,-0.0146813
43763719000,-0.00393756,1.54119,0.43063,-0.0111219,-0.0606512,-0.0291715,0.749622,0.660262,0.0433717,-0.0155002
43773719000,-0.00404773,1.54059,0.430334,-0.0109031,-0.0585878,-0.0299483,0.749621,0.660264,0.0430621,-0.0163163
43783719000,-0.00415677,1.54002,0.430029,-0.0108963,-0.0561358,-0.031066,0.749666,0.660212,0.0427496,-0.0171188
43793719000,-0.0042658,1.53947,0.429712,-0.0109029,-0.0536547,-0.0322221,0.749744,0.660123,0.0424336,-0.017911
43803719000,-0.00441016,1.54036,0.428257,-0.0112297,-0.0459616,-0.03746,0.749845,0.660008,0.0421103,-0.0186918
43813719000,-0.00453746,1.54062,0.42726,-0.0116098,-0.0409585,-0.0410466,0.749974,0.65986,0.0417805,-0.0194666
43823719000,-0.00465492,1.54023,0.426842,-0.0119468,-0.0386114,-0.0424704,0.750114,0.659697,0.0414551,-0.020235
43833719000,-0.00477606,1.53985,0.426411,-0.0123014,-0.0363235,-0.0437869,0.750261,0.659527,0.0411338,-0.0209947
43843719000,-0.00490067,1.5395,0.425967,-0.0126256,-0.0340743,-0.0451132,0.750405,0.659359,0.0408142,-0.0217366
43853719000,-0.00502908,1.53917,0.425508,-0.0130525,-0.0315793,-0.0466224,0.75055,0.659189,0.0404952,-0.0224684
43863719000,-0.00516221,1.53887,0.425034,-0.0135693,-0.0292198,-0.0482302,0.750678,0.659038,0.0401897,-0.0231807
43883719000,-0.00543165,1.53833,0.424034,-0.0133936,-0.0243386,-0.0517639,0.75083,0.658852,0.0396214,-0.0244623
43893719000,-0.00556689,1.5381,0.423509,-0.0136474,-0.0221207,-0.0532543,0.750872,0.658796,0.0393019,-0.025178
43903719000,-0.0052017,1.53635,0.424689,-0.0120509,-0.0259606,-0.0479955,0.750872,0.658789,0.0390031,-0.0258304
43913719000,-0.00532546,1.5361,0.424206,-0.0127437,-0.0245111,-0.048575,0.750829,0.65883,0.038725,-0.0264511
43923719000,-0.00545612,1.53586,0.42372,-0.0133992,-0.0232804,-0.0486404,0.750731,0.658932,0.0384673,-0.0270433
43933719000,-0.00559364,1.53563,0.423236,-0.0141076,-0.0228507,-0.0481553,0.750584,0.65909,0.0382477,-0.0276047
43943719000,-0.00573801,1.53539,0.422758,-0.0147643,-0.0234958,-0.0476044,0.750386,0.659303,0.0380718,-0.0281306
43953719000,-0.00589089,1.53515,0.422285,-0.0158054,-0.0251459,-0.0468387,0.750143,0.659566,0.0379627,-0.0286052
43963719000,-0.00605436,1.53489,0.421822,-0.0168845,-0.0273615,-0.0458158,0.749855,0.659878,0.0379161,-0.0290126
43973719000,-0.00622879,1.5346,0.421371,-0.0179941,-0.0301937,-0.0443963,0.749524,0.660236,0.0379581,-0.029345
43983719000,-0.0064138,1.53429,0.420933,-0.0190004,-0.032873,-0.0433099,0.749145,0.660647,0.0380939,-0.0296035
43993719000,-0.00660957,1.53394,0.420506,-0.0201442,-0.0356348,-0.0420232,0.74872,0.661107,0.0383206,-0.029789
44003719000,-0.00681512,1.53357,0.420091,-0.0209568,-0.0381818,-0.0409846,0.748241,0.661626,0.0386331,-0.0299001
44013719000,-0.00702898,1.53318,0.419686,-0.0218061,-0.040764,-0.0399605,0.747708,0.662202,0.0390408,-0.0299433
44023719000,-0.00575868,1.53051,0.419126,-0.0170916,-0.0515684,-0.0393859,0.74712,0.662837,0.03953,-0.0299256
44033719000,-0.00593194,1.52998,0.418737,-0.0176423,-0.0541993,-0.0383878,0.746472,0.663538,0.0400919,-0.0298405
44043719000,-0.00511294,1.52837,0.418102,-0.0144598,-0.0605687,-0.0383954,0.745779,0.664285,0.040722,-0.0296882
44053719000,-0.00525812,1.52775,0.417713,-0.0146586,-0.0641999,-0.0394257,0.745053,0.665065,0.041413,-0.0294759
44063719000,-0.00540401,1.52709,0.417321,-0.0145451,-0.067133,-0.0389388,0.744292,0.665882,0.0421563,-0.0292172
44073719000,-0.00554826,1.52641,0.416935,-0.0143085,-0.0701076,-0.0383473,0.743494,0.666735,0.0429508,-0.0289145
44083719000,-0.00569574,1.52567,0.41653,-0.0151815,-0.0770803,-0.0426118,0.742651,0.667634,0.0437827,-0.0285828
44093719000,-0.00584927,1.52487,0.463968,-0.0154271,-0.0835014,-0.0256938,0.741672,0.668678,0.0445974,-0.0283504
44103719000,-0.0059992,1.52402,0.463705,-0.0145456,-0.0871841,-0.0267953,0.740575,0.669846,0.0453924,-0.028192
44113719000,-0.00614584,1.52312,0.463435,-0.0147683,-0.0925086,-0.0271795,0.739365,0.671133,0.046207,-0.0280342
44123719000,-0.00478078,1.5244,0.462194,-0.00917759,-0.0866871,-0.0325758,0.738036,0.672542,0.0470187,-0.0279171
44133719000,-0.00487328,1.5235,0.461867,-0.00943124,-0.0921525,-0.0328095,0.736618,0.674042,0.0478158,-0.027844
44143719000,-0.00497239,1.52256,0.461534,-0.0104233,-0.095626,-0.0337037,0.735098,0.675647,0.0485624,-0.0278054
44153719000,-0.00507737,1.52158,0.461203,-0.0105751,-0.100144,-0.0325688,0.733491,0.677339,0.0493033,-0.0277716
44163719000,-0.00518614,1.52056,0.460878,-0.0111727,-0.103831,-0.0324259,0.731805,0.679109,0.0500397,-0.0277304
44173719000,-0.00530427,1.51951,0.460562,-0.012441,-0.107292,-0.030791,0.730047,0.680945,0.0507823,-0.0276858
44183719000,-0.00543277,1.51842,0.460247,-0.0132448,-0.110533,-0.0321049,0.728241,0.682824,0.0514936,-0.0276555
44193719000,-0.00557146,1.51729,0.459927,-0.0144805,-0.114112,-0.0320141,0.726374,0.684759,0.0521687,-0.0276428
44203719000,-0.00572294,1.51614,0.459603,-0.0158022,-0.116324,-0.0327343,0.724463,0.686733,0.0528001,-0.0276319
44213719000,-0.00588412,1.51496,0.45928,-0.0164201,-0.11936,-0.0317885,0.722519,0.688732,0.053403,-0.027614
44223719000,-0.00605206,1.51376,0.458963,-0.0171552,-0.121226,-0.0317727,0.720559,0.690739,0.0539836,-0.0275816
44233719000,-0.00485971,1.5199,0.456368,-0.0135427,-0.09671,-0.0421521,0.71859,0.692745,0.0545395,-0.0275387
44243719000,-0.00499902,1.51892,0.455944,-0.0144076,-0.0984758,-0.0426324,0.716624,0.69474,0.0550463,-0.0275014
44253719000,-0.00416486,1.52281,0.454051,-0.0119184,-0.0824775,-0.0490216,0.714661,0.696724,0.0555104,-0.0274637
44263719000,-0.00428725,1.52198,0.453559,-0.0126321,-0.0839346,-0.0493689,0.71273,0.698666,0.0559353,-0.027434
44273719000,-0.00441751,1.52113,0.453062,-0.0134424,-0.0853253,-0.0500605,0.710835,0.700564,0.0563269,-0.0274076
44283719000,-0.00455793,1.52028,0.45256,-0.014645,-0.0854595,-0.0502667,0.708982,0.702411,0.0566773,-0.0273933
44293719000,-0.00470859,1.51942,0.452051,-0.0154826,-0.0863355,-0.0515702,0.707183,0.704197,0.0569914,-0.0274015
44303719000,-0.00486754,1.51855,0.451532,-0.0163013,-0.086285,-0.0522852,0.705428,0.705932,0.0572589,-0.0274428
44313719000,-0.00503408,1.51769,0.451006,-0.017,-0.0870631,-0.0529781,0.703728,0.707605,0.0574921,-0.0275159
44323719000,-0.00520562,1.51682,0.450471,-0.0172998,-0.0874642,-0.0538545,0.702089,0.709211,0.057695,-0.0276266
44333719000,-0.00538194,1.51594,0.449932,-0.0179567,-0.0879216,-0.0541083,0.700518,0.710742,0.0578758,-0.0277606
44343719000,-0.0051393,1.52217,0.448133,-0.0171779,-0.0622985,-0.059715,0.699025,0.712192,0.0580305,-0.0279195
44353719000,-0.00531482,1.52154,0.447537,-0.0179814,-0.0629466,-0.0594447,0.697632,0.713537,0.0581623,-0.0281204
44363719000,-0.00549974,1.52091,0.446941,-0.0190224,-0.0636168,-0.0596953,0.696339,0.71478,0.0582803,-0.0283541
44373719000,-0.00569424,1.52027,0.446343,-0.0198801,-0.064156,-0.0599461,0.695148,0.71592,0.0583859,-0.0286165
44383719000,-0.00589577,1.51963,0.445743,-0.0204208,-0.0642039,-0.0601152,0.694065,0.716952,0.0584796,-0.0288893
44393719000,-0.00610541,1.51898,0.445141,-0.021501,-0.0642889,-0.0601842,0.693093,0.717872,0.0585615,-0.0291849
44403719000,-0.00632415,1.51834,0.444536,-0.0222385,-0.064818,-0.060938,0.692238,0.71868,0.058614,-0.0295008
44413719000,-0.00655003,1.51769,0.443924,-0.0229309,-0.0649504,-0.0613846,0.691496,0.719377,0.0586503,-0.0298347
44423719000,-0.00678345,1.51704,0.443308,-0.0237443,-0.0652088,-0.0617541,0.690872,0.719962,0.0586554,-0.0301786
44433719000,-0.00702519,1.51639,0.442689,-0.0245972,-0.0645166,-0.0621628,0.690344,0.720454,0.0586345,-0.0305304
44443719000,-0.0072742,1.51575,0.442067,-0.0251975,-0.063255,-0.0621723,0.689892,0.720875,0.0585871,-0.0308971
44453719000,-0.00671059,1.52235,0.440812,-0.023237,-0.0360739,-0.0660861,0.689505,0.721236,0.0584997,-0.0312883
44463719000,-0.00694502,1.522,0.44015,-0.0236982,-0.0345229,-0.0662655,0.689174,0.721546,0.0583578,-0.0317104
44473719000,-0.00658589,1.526,0.439183,-0.0221083,-0.0175099,-0.0688317,0.688878,0.721826,0.0581592,-0.0321397
44483719000,-0.00681127,1.52584,0.438493,-0.0229998,-0.0155571,-0.0690812,0.688607,0.722084,0.0579133,-0.0325765
44493719000,-0.00704383,1.52569,0.437798,-0.0235219,-0.0135315,-0.070085,0.688356,0.722327,0.0576095,-0.0330272
44503719000,-0.00728235,1.52557,0.437092,-0.0241814,-0.0115816,-0.0709993,0.688119,0.72256,0.057248,-0.0334957
44513719000,-0.00752735,1.52546,0.436375,-0.0248185,-0.00942883,-0.0723626,0.687891,0.722789,0.0568136,-0.0339814
44523719000,-0.00777904,1.52538,0.435645,-0.0255198,-0.00731495,-0.0737163,0.687665,0.72302,0.0563147,-0.0344684
44533719000,-0.00803761,1.52532,0.434904,-0.0261943,-0.00541268,-0.0745254,0.687437,0.723256,0.0557592,-0.0349561
44543719000,-0.00830089,1.52527,0.434157,-0.0264644,-0.00288748,-0.0747365,0.687195,0.72351,0.0551351,-0.0354586
44553719000,-0.00884501,1.52769,0.43428,-0.027988,0.0087434,-0.0720899,0.686924,0.723794,0.0544407,-0.0359728
44563719000,-0.00912871,1.52779,0.433555,-0.0287195,0.0109025,-0.0729042,0.686612,0.724121,0.0536796,-0.0364914
44573719000,-0.00941813,1.52791,0.432821,-0.0291529,0.0134814,-0.073738,0.686253,0.724495,0.0528557,-0.0370211
44583719000,-0.00971401,1.52805,0.432081,-0.0300211,0.0154071,-0.0743103,0.685841,0.724921,0.0519739,-0.0375552
44593719000,-0.0100183,1.52822,0.431341,-0.0308411,0.018048,-0.0737712,0.685373,0.725401,0.0510401,-0.038096
44603719000,-0.0103307,1.52841,0.430606,-0.0316482,0.0202353,-0.0731658,0.684856,0.72593,0.0500595,-0.0386312
44613719000,-0.0106517,1.52863,0.429877,-0.0325536,0.0224138,-0.0726943,0.684283,0.726512,0.0490256,-0.0391665
44623719000,-0.0109812,1.52886,0.429153,-0.03336,0.0243669,-0.0720047,0.683658,0.727143,0.0479504,-0.0396852
44633719000,-0.0113203,1.52911,0.428435,-0.0344657,0.0262597,-0.0715994,0.682971,0.727834,0.0468352,-0.0401842
44643719000,-0.011668,1.52939,0.427727,-0.035089,0.0287113,-0.0701165,0.682231,0.728574,0.0456927,-0.0406594
44653719000,-0.0120235,1.52969,0.427036,-0.0360372,0.0310892,-0.0680272,0.681451,0.729351,0.0445187,-0.0411152
44663719000,-0.0123852,1.53001,0.426366,-0.0363224,0.0332806,-0.066056,0.680637,0.730157,0.0433291,-0.0415527
44673719000,-0.0108549,1.52932,0.425403,-0.0299261,0.0318528,-0.0646972,0.679805,0.730977,0.0421298,-0.0419793
44683719000,-0.0111568,1.52965,0.424768,-0.0303224,0.0340681,-0.0623993,0.678957,0.731809,0.0409381,-0.0423906
44693719000,-0.0102215,1.52911,0.423679,-0.025854,0.0330098,-0.0618631,0.678108,0.732638,0.0397449,-0.0427841
44703719000,-0.010482,1.52945,0.423075,-0.0261155,0.0351495,-0.0590343,0.677248,0.733475,0.038561,-0.0431611
44713719000,-0.0107449,1.52981,0.422497,-0.0264304,0.0368935,-0.0564829,0.676392,0.734303,0.0373866,-0.0435248
44723719000,-0.011011,1.53019,0.421946,-0.0267839,0.0388434,-0.0537047,0.675543,0.735123,0.0362186,-0.0438704
44733719000,-0.0112816,1.53058,0.421422,-0.0273377,0.0405487,-0.051068,0.674703,0.73593,0.0350632,-0.0442002
44743719000,-0.0115604,1.531,0.420925,-0.0284507,0.0422496,-0.0484652,0.67387,0.736727,0.0339359,-0.044512
44753719000,-0.0118486,1.53143,0.420454,-0.0292038,0.0435672,-0.0456921,0.673046,0.73751,0.0328373,-0.04482
44763719000,-0.0121462,1.53187,0.420011,-0.0303307,0.0446978,-0.0429562,0.672243,0.738272,0.0317671,-0.0451218
44773719000,-0.0119258,1.52952,0.41704,-0.0293382,0.0353495,-0.0493816,0.67148,0.738992,0.0307262,-0.0454134
44783719000,-0.0122255,1.52988,0.416558,-0.0304956,0.0362066,-0.0469026,0.670766,0.739663,0.0297165,-0.0457012
44793719000,-0.0125376,1.53024,0.416099,-0.0319057,0.0368609,-0.0448644,0.670116,0.740273,0.0287385,-0.045984
44803719000,-0.0128641,1.53062,0.415659,-0.0333964,0.0377712,-0.0431497,0.669516,0.740835,0.0277902,-0.0462575
44813719000,-0.0132046,1.531,0.415233,-0.0347082,0.0387309,-0.0421197,0.668966,0.741349,0.0268682,-0.0465203
44823719000,-0.013558,1.53139,0.414818,-0.0359672,0.0395532,-0.0408019,0.668449,0.741831,0.0259785,-0.0467699
44833719000,-0.0139089,1.53175,0.414432,-0.0342347,0.032053,-0.0365048,0.667987,0.742262,0.025133,-0.0469938
44843719000,-0.0142664,1.53205,0.414057,-0.0372848,0.0282615,-0.0385411,0.667702,0.742535,0.0243461,-0.0471444
44853719000,-0.0146365,1.53233,0.413673,-0.0367351,0.0279618,-0.0382436,0.667544,0.742692,0.0236102,-0.0472811
44863719000,-0.0150185,1.53262,0.413287,-0.0396662,0.0285489,-0.0389711,0.667502,0.742747,0.0229307,-0.047359
44873719000,-0.0154173,1.53291,0.412918,-0.0401032,0.0305855,-0.034838,0.667491,0.742772,0.0222785,-0.0474316
44883719000,-0.015825,1.53322,0.412575,-0.041458,0.0303109,-0.0337438,0.667554,0.742731,0.0216552,-0.0474833
44893719000,-0.014907,1.5297,0.410813,-0.0389543,0.0175337,-0.038593,0.667646,0.74266,0.0210794,-0.0475345
44903719000,-0.0143604,1.52751,0.409543,-0.0376582,0.00865485,-0.0421277,0.667754,0.742577,0.020532,-0.0475697
44913719000,-0.0147497,1.5276,0.409107,-0.040117,0.00843783,-0.0449592,0.667861,0.742495,0.0199956,-0.0475761
44923719000,-0.0151614,1.52768,0.408661,-0.0421882,0.00827289,-0.0443068,0.667923,0.742452,0.0194636,-0.0475948
44933719000,-0.015594,1.52777,0.408201,-0.0443317,0.00895607,-0.0477109,0.66797,0.742422,0.0189458,-0.0476136
44943719000,-0.0160463,1.52786,0.407733,-0.0461224,0.00999918,-0.0458565,0.667945,0.742456,0.0184504,-0.0476319
44953719000,-0.0165167,1.52797,0.407273,-0.047973,0.0114308,-0.0461135,0.667875,0.74253,0.0179552,-0.0476381
44963719000,-0.0170036,1.52808,0.406813,-0.0494028,0.0117181,-0.0458528,0.66773,0.74267,0.017482,-0.0476621
44973719000,-0.0175076,1.5282,0.406346,-0.0514227,0.0108688,-0.0475292,0.667542,0.742848,0.0170213,-0.0476983
44983719000,-0.0180313,1.5283,0.405863,-0.0533144,0.010372,-0.0491426,0.667291,0.74308,0.0165757,-0.0477482
44993719000,-0.0185695,1.52841,0.405366,-0.054336,0.00996414,-0.0503609,0.66697,0.743374,0.0161259,-0.047812
45003719000,-0.0191218,1.5285,0.404851,-0.056129,0.00934998,-0.0524641,0.66658,0.743729,0.0156693,-0.047883
45013719000,-0.0177849,1.52654,0.406189,-0.0502432,0.00172937,-0.0454087,0.666105,0.744158,0.0152126,-0.0479752
45023719000,-0.018296,1.52656,0.40573,-0.0519332,0.00136596,-0.046259,0.665557,0.744651,0.0147656,-0.048079
45033719000,-0.0188256,1.52657,0.405267,-0.0539587,0.000998329,-0.0464342,0.664915,0.745225,0.014318,-0.0481997
45043719000,-0.0193734,1.52658,0.404805,-0.0555998,0.000487791,-0.0459794,0.66418,0.745879,0.0138727,-0.0483366
45053719000,-0.0199397,1.52658,0.404347,-0.0576687,-0.000389355,-0.0455741,0.663354,0.746612,0.0134406,-0.0484923
45063719000,-0.0205249,1.52657,0.403896,-0.0593826,-0.00125439,-0.0446111,0.66244,0.747418,0.0130255,-0.048681
45073719000,-0.0211289,1.52655,0.403451,-0.061422,-0.00197437,-0.0444397,0.661447,0.74829,0.0126327,-0.0488862
45083719000,-0.0217528,1.52653,0.40301,-0.0633605,-0.0030308,-0.0437854,0.660371,0.749232,0.0122405,-0.0491134
45093719000,-0.0223968,1.52649,0.443534,-0.0652548,-0.00411242,-0.023366,0.659218,0.750236,0.0118603,-0.0493595
45103719000,-0.0230581,1.52645,0.443302,-0.0670141,-0.00513061,-0.0231616,0.657998,0.751294,0.0114986,-0.0496273
45113719000,-0.0217137,1.52606,0.441315,-0.0614725,-0.00718135,-0.0325036,0.656713,0.752404,0.011151,-0.0499215
45123719000,-0.0210131,1.52584,0.43987,-0.0582731,-0.00855178,-0.0383441,0.655358,0.753568,0.010816,-0.050242
45133719000,-0.0216034,1.52575,0.43949,-0.059786,-0.00959838,-0.0376732,0.653951,0.754772,0.0104938,-0.0505763
45143719000,-0.0222087,1.52565,0.439118,-0.0612628,-0.0106467,-0.036779,0.652482,0.756022,0.0101766,-0.0509364
45153719000,-0.0228282,1.52554,0.438753,-0.0626429,-0.0118112,-0.0361833,0.650975,0.757297,0.00988578,-0.0513269
45163719000,-0.0234632,1.52541,0.438393,-0.0643632,-0.0128116,-0.0357141,0.649429,0.758599,0.00960927,-0.0517426
45173719000,-0.0241146,1.52528,0.438037,-0.0659203,-0.0139676,-0.0355003,0.647846,0.759925,0.00934235,-0.0521793
45183719000,-0.0247816,1.52513,0.437684,-0.0674608,-0.0151487,-0.0350838,0.646241,0.761263,0.00909069,-0.0526291
45193719000,-0.0254635,1.52498,0.437335,-0.0689271,-0.016371,-0.0348006,0.644615,0.76261,0.00885252,-0.0531
45203719000,-0.0261601,1.52481,0.436988,-0.0703914,-0.0175951,-0.0345243,0.642976,0.763961,0.00862999,-0.0535812
45213719000,-0.0268715,1.52463,0.436644,-0.0718663,-0.0186729,-0.0343379,0.641308,0.76533,0.00841497,-0.0540769
45223719000,-0.0275966,1.52443,0.436301,-0.0731573,-0.019944,-0.034312,0.639632,0.766697,0.00821504,-0.0545739
45233719000,-0.0266198,1.52661,0.432897,-0.0686669,-0.0124797,-0.0483832,0.637948,0.768065,0.00803134,-0.0550805
45243719000,-0.0273125,1.52648,0.432413,-0.0699113,-0.0133177,-0.0485185,0.636276,0.769416,0.00786044,-0.0555861
45253719000,-0.0280165,1.52634,0.431923,-0.0709085,-0.0144808,-0.0494784,0.634608,0.770757,0.00769267,-0.0560977
45263719000,-0.0287318,1.52619,0.431425,-0.0721613,-0.0154553,-0.0500738,0.632957,0.772078,0.00753384,-0.0566044
45273719000,-0.0294581,1.52603,0.430923,-0.0730991,-0.0163228,-0.0504147,0.631328,0.773375,0.00737513,-0.0571091
45283719000,-0.0301937,1.52586,0.430415,-0.0740071,-0.0171937,-0.05107,0.629726,0.774644,0.00722682,-0.0576107
45293719000,-0.0309392,1.52568,0.429901,-0.0750799,-0.017849,-0.0517779,0.62816,0.775879,0.00707676,-0.0581069
45303719000,-0.0316934,1.5255,0.42938,-0.0757711,-0.0183796,-0.0524704,0.626618,0.777089,0.00692071,-0.0586074
45313719000,-0.0324547,1.52532,0.428851,-0.076479,-0.018986,-0.0531862,0.625097,0.778277,0.00676762,-0.0590972
45323719000,-0.0306527,1.52813,0.426289,-0.0677759,-0.00886934,-0.062365,0.623591,0.779449,0.00660472,-0.0595731
45333719000,-0.0313319,1.52804,0.425662,-0.0681146,-0.00956483,-0.0630212,0.622101,0.780604,0.00643763,-0.0600507
45343719000,-0.0303445,1.52996,0.423791,-0.0627277,-0.00280776,-0.0687794,0.620624,0.781743,0.00626543,-0.0605295
45353719000,-0.0309743,1.52993,0.423102,-0.0632797,-0.00329243,-0.06913,0.619154,0.782873,0.00608868,-0.060999
45363719000,-0.0316094,1.52989,0.422408,-0.0637451,-0.00380663,-0.0696544,0.617692,0.783992,0.00589802,-0.0614629
45373719000,-0.0322495,1.52985,0.421708,-0.0642774,-0.00435723,-0.0702523,0.616237,0.785101,0.00571,-0.0619243
45383719000,-0.0328941,1.5298,0.421003,-0.0646532,-0.00500568,-0.0707925,0.614789,0.786202,0.00552412,-0.0623809
45393719000,-0.0335434,1.52975,0.420293,-0.0651881,-0.00539832,-0.0713128,0.613339,0.787298,0.00532971,-0.0628373
45403719000,-0.0341972,1.5297,0.419579,-0.0655795,-0.0057901,-0.0714869,0.61189,0.788389,0.00513427,-0.063294
45413719000,-0.0348549,1.52964,0.418861,-0.06594,-0.00616787,-0.0719546,0.61044,0.789479,0.00493478,-0.0637397
45423719000,-0.0355164,1.52958,0.418141,-0.0663546,-0.00622124,-0.0721354,0.608978,0.790572,0.0047375,-0.0641877
45433719000,-0.0361816,1.52951,0.417419,-0.066686,-0.00639557,-0.0722728,0.607502,0.791671,0.00452979,-0.0646372
45443719000,-0.0364297,1.53047,0.419473,-0.0653654,-0.00301879,-0.0610538,0.606022,0.792769,0.00432225,-0.0650797
45453719000,-0.0370833,1.53044,0.418862,-0.0653791,-0.00315742,-0.0612655,0.604533,0.79387,0.00411924,-0.0655249
45463719000,-0.0377375,1.5304,0.418248,-0.0654771,-0.00337767,-0.0613648,0.603036,0.794972,0.00391346,-0.06597
45473719000,-0.0383924,1.53037,0.417633,-0.0655086,-0.00349545,-0.0617751,0.601525,0.79608,0.00370444,-0.0664116
45483719000,-0.0390473,1.53033,0.417013,-0.0654721,-0.00338181,-0.0622411,0.599998,0.797195,0.00348489,-0.0668578
45493719000,-0.039702,1.5303,0.416389,-0.0654592,-0.00333679,-0.0624267,0.598456,0.798318,0.00325953,-0.0672979
45503719000,-0.0403562,1.53027,0.415764,-0.065368,-0.00335272,-0.0627036,0.596889,0.799454,0.00303125,-0.0677289
45513719000,-0.0410098,1.53023,0.415137,-0.0653615,-0.00354199,-0.0626968,0.595296,0.800606,0.0028029,-0.0681552
45523719000,-0.0416622,1.5302,0.41451,-0.0650997,-0.00366879,-0.062624,0.593679,0.80177,0.00256938,-0.0685818
45533719000,-0.0417859,1.53173,0.415967,-0.0625308,0.00181527,-0.0544537,0.592034,0.802951,0.00233687,-0.0689979
45543719000,-0.042404,1.53174,0.415422,-0.0611124,0.00185576,-0.054465,0.590372,0.80414,0.00209688,-0.0693986
45553719000,-0.0427972,1.53279,0.416226,-0.0592018,0.00535851,-0.0484564,0.588682,0.805345,0.00185116,-0.0697823
45563719000,-0.0433851,1.53284,0.415746,-0.0583856,0.00533929,-0.0475261,0.586974,0.806559,0.00159343,-0.0701543
45573719000,-0.0439626,1.53289,0.415272,-0.0571297,0.00490812,-0.047157,0.585244,0.807784,0.00132784,-0.0705174
45583719000,-0.0445288,1.53294,0.41481,-0.0560975,0.00469997,-0.0453173,0.583496,0.809017,0.00105059,-0.0708725
45593719000,-0.0450845,1.53298,0.414366,-0.055056,0.00447112,-0.043398,0.581747,0.810248,0.000775742,-0.0711984
45603719000,-0.0456289,1.53303,0.413938,-0.0538259,0.00416509,-0.0421974,0.579996,0.811474,0.000503763,-0.0715133
45613719000,-0.0461638,1.53307,0.413523,-0.0531478,0.00391364,-0.0409808,0.578235,0.812703,0.000224782,-0.0718195
45623719000,-0.0466909,1.53311,0.413118,-0.0522657,0.00360144,-0.0399585,0.576468,0.813932,-5.72338e-05,-0.0721115
45633719000,-0.0472076,1.53314,0.412722,-0.0510738,0.00312486,-0.0391786,0.574695,0.81516,-0.000343217,-0.0723884
45643719000,-0.0477142,1.53317,0.412339,-0.0502462,0.00295183,-0.0374044,0.572915,0.816389,-0.000621853,-0.0726485
45653719000,-0.0472773,1.53533,0.411012,-0.0460272,0.0101026,-0.0394382,0.571119,0.817624,-0.000887655,-0.0728936
45663719000,-0.0477351,1.53542,0.410623,-0.0455276,0.00891732,-0.0383447,0.569314,0.81886,-0.00114458,-0.0731369
45673719000,-0.0481889,1.5355,0.410247,-0.0452359,0.00715217,-0.0368778,0.567501,0.820096,-0.00138605,-0.0733704
45683719000,-0.0486403,1.53557,0.409884,-0.0450396,0.00574298,-0.0356868,0.565682,0.821331,-0.00161046,-0.0735951
45693719000,-0.0490899,1.53562,0.409532,-0.0448753,0.00432384,-0.034717,0.563873,0.822554,-0.00181031,-0.0738128
45703719000,-0.0495375,1.53565,0.409189,-0.0446546,0.00293603,-0.0337991,0.562066,0.82377,-0.00198847,-0.0740266
45713719000,-0.0499851,1.53567,0.408855,-0.0448552,0.00128946,-0.0329529,0.560263,0.824978,-0.00214888,-0.0742454
45723719000,-0.0504337,1.53568,0.408528,-0.0448716,-0.000414118,-0.0324588,0.558458,0.826181,-0.00228236,-0.0744547
45733719000,-0.0508833,1.53566,0.408205,-0.0450574,-0.00231547,-0.0321806,0.556649,0.827383,-0.00239022,-0.0746585
45743719000,-0.0513333,1.53563,0.407884,-0.0449409,-0.00427603,-0.0319764,0.554836,0.828581,-0.00247342,-0.0748659
45753719000,-0.0517856,1.53558,0.407566,-0.0455042,-0.00646311,-0.0317143,0.553017,0.829777,-0.00253845,-0.0750766
45763719000,-0.0522425,1.53551,0.407253,-0.0458806,-0.00834317,-0.0308677,0.551202,0.830964,-0.0025865,-0.0752918
45773719000,-0.0499132,1.54026,0.40355,-0.0363172,0.0069624,-0.0424703,0.549395,0.83214,-0.00260875,-0.0755095
45783719000,-0.0485918,1.54334,0.401067,-0.0307724,0.0151027,-0.0493615,0.547597,0.833303,-0.00260325,-0.0757453
45793719000,-0.0489024,1.54347,0.400576,-0.0313732,0.0127218,-0.0489093,0.545812,0.834451,-0.00257624,-0.0759894
45803719000,-0.0492198,1.54359,0.400089,-0.0321354,0.010409,-0.0483595,0.544045,0.83558,-0.00252284,-0.076252
45813719000,-0.0495435,1.54368,0.399608,-0.0325966,0.00756157,-0.0479486,0.542285,0.836698,-0.00244934,-0.076535
45823719000,-0.0498735,1.54374,0.39913,-0.0334135,0.00495568,-0.047659,0.540536,0.837801,-0.00234933,-0.0768428
45833719000,-0.0502106,1.54378,0.398653,-0.0339892,0.00262233,-0.0476757,0.538798,0.838891,-0.00222662,-0.0771649
45843719000,-0.0505524,1.54379,0.398176,-0.0343717,0.000495773,-0.0476491,0.537057,0.839975,-0.0020891,-0.0775035
45853719000,-0.0508975,1.54379,0.397698,-0.0346299,-0.00162781,-0.0480967,0.535304,0.841061,-0.00195168,-0.0778608
45863719000,-0.0512488,1.54376,0.397212,-0.0356244,-0.00364471,-0.0489647,0.533538,0.842147,-0.00180151,-0.0782457
45873719000,-0.051608,1.54372,0.396717,-0.0362196,-0.00574446,-0.049998,0.531745,0.843242,-0.0016546,-0.0786538
45883719000,-0.0519746,1.54365,0.396211,-0.0370791,-0.00801971,-0.051338,0.529929,0.844345,-0.00150251,-0.0790812
45893719000,-0.0523481,1.54356,0.395692,-0.037611,-0.00983309,-0.0524164,0.528069,0.845468,-0.00135002,-0.0795305
45903719000,-0.0527262,1.54345,0.395163,-0.0379971,-0.0116404,-0.0534104,0.526175,0.846604,-0.00119682,-0.0799934
45913719000,-0.0531084,1.54333,0.394625,-0.038426,-0.0133935,-0.0541297,0.524238,0.847759,-0.00104578,-0.0804837
45923719000,-0.0534948,1.54319,0.394078,-0.0388568,-0.0150518,-0.0552826,0.52225,0.848939,-0.000885743,-0.0809764
45933719000,-0.0538856,1.54303,0.393519,-0.0392849,-0.0166178,-0.0565979,0.520202,0.850147,-0.000735105,-0.0814875
45943719000,-0.0542804,1.54285,0.392945,-0.039666,-0.0182424,-0.0582116,0.518095,0.851382,-0.000595417,-0.0820174
45953719000,-0.0546803,1.54266,0.392354,-0.0403034,-0.0198937,-0.059814,0.515923,0.852647,-0.000457666,-0.0825567
45963719000,-0.0550874,1.54246,0.391747,-0.0410941,-0.0216711,-0.0616672,0.513691,0.85394,-0.000333754,-0.0831104
45973719000,-0.0535305,1.54912,0.394248,-0.0347789,5.04845e-05,-0.0525129,0.511398,0.855262,-0.000211512,-0.0836654
45983719000,-0.05388,1.54911,0.393716,-0.0352525,-0.00145666,-0.0538683,0.509056,0.856602,-9.84309e-05,-0.0842298
45993719000,-0.0542352,1.54909,0.393169,-0.0358153,-0.00317657,-0.0554055,0.506658,0.857967,1.68227e-05,-0.0847917
46003719000,-0.0545974,1.54905,0.392609,-0.0366378,-0.0046509,-0.0567037,0.504209,0.859353,0.000127118,-0.0853588
46013719000,-0.0549677,1.549,0.392037,-0.0374248,-0.00555175,-0.0577561,0.501701,0.860762,0.000233515,-0.0859314
46023719000,-0.0553434,1.54894,0.391454,-0.0377078,-0.00610094,-0.0587088,0.499122,0.862202,0.000333354,-0.0865112
46033719000,-0.0557217,1.54888,0.390866,-0.0379277,-0.00675839,-0.0588261,0.496471,0.863673,0.000427796,-0.0870866
46043719000,-0.0561012,1.54881,0.390278,-0.0379643,-0.00739589,-0.0589306,0.493739,0.865181,0.00051884,-0.0876554
46053719000,-0.0564817,1.54873,0.38969,-0.0381321,-0.00818144,-0.0585601,0.490934,0.866718,0.000608489,-0.0882274
46063719000,-0.0568645,1.54864,0.38911,-0.0384107,-0.00922857,-0.0575113,0.488073,0.868274,0.00069471,-0.0887953
46073719000,-0.0572496,1.54854,0.38854,-0.0385918,-0.0102972,-0.0565205,0.485165,0.869844,0.00078218,-0.0893565
46083719000,-0.057637,1.54844,0.387981,-0.0388886,-0.0110817,-0.0553089,0.482221,0.871422,0.000864716,-0.0899175
46093719000,-0.0580286,1.54832,0.387436,-0.0394236,-0.0116161,-0.0536951,0.47924,0.873007,0.000960237,-0.0904758
46103719000,-0.0584262,1.54821,0.386907,-0.0400762,-0.012157,-0.0519921,0.476225,0.874599,0.00107348,-0.091027
46113719000,-0.0588305,1.54808,0.386397,-0.0407769,-0.013021,-0.0500098,0.473164,0.876201,0.00118953,-0.0915788
46123719000,-0.0592414,1.54795,0.385908,-0.041383,-0.0141048,-0.0478111,0.470068,0.877808,0.00131919,-0.0921294
46133719000,-0.059658,1.5478,0.385442,-0.041928,-0.0155134,-0.0453648,0.466967,0.879405,0.00145739,-0.0926684
46143719000,-0.0600802,1.54763,0.385004,-0.0425014,-0.0178959,-0.0422411,0.46388,0.880978,0.00160332,-0.0932191
46153719000,-0.0564624,1.55504,0.391842,-0.0308186,0.00323338,-0.0179782,0.460829,0.882521,0.00175485,-0.0937539
46163719000,-0.0567718,1.55506,0.391671,-0.0312023,0.0017542,-0.0162684,0.457842,0.884018,0.001915,-0.0942851
46173719000,-0.0548197,1.55941,0.395169,-0.0248869,0.0135491,-0.00215564,0.454895,0.885481,0.00208805,-0.0948073
46183719000,-0.0550731,1.55953,0.395159,-0.0259339,0.0122038,-2.75998e-05,0.452011,0.886903,0.00226804,-0.0953133
46193719000,-0.0553378,1.55965,0.45463,-0.0267602,0.0106097,0.0277301,0.44917,0.888291,0.0024581,-0.095811
46203719000,-0.0556089,1.55975,0.454919,-0.0274634,0.00947033,0.0300486,0.446367,0.889648,0.00266378,-0.0963127
46213719000,-0.0558857,1.55983,0.45523,-0.0279008,0.00834678,0.0321704,0.443619,0.890968,0.00287891,-0.0968025
46223719000,-0.0561663,1.55991,0.455562,-0.0281962,0.00702043,0.0342466,0.440939,0.892245,0.00310045,-0.0972756
46233719000,-0.0564494,1.55998,0.455917,-0.0284242,0.00568573,0.0367518,0.438341,0.893472,0.00332563,-0.0977394
46243719000,-0.0567362,1.56003,0.456296,-0.028924,0.00470761,0.0389854,0.435852,0.894639,0.00355815,-0.0981886
46253719000,-0.0570299,1.56007,0.456692,-0.0297966,0.0037083,0.0402603,0.43347,0.895746,0.00380496,-0.0986311
46263719000,-0.0573343,1.56011,0.457101,-0.0310862,0.00331404,0.0414262,0.43119,0.896795,0.00404564,-0.0990798
46273719000,-0.0576531,1.56013,0.457519,-0.0326519,0.00223148,0.0422522,0.429018,0.897788,0.00429927,-0.0995079
46283719000,-0.057988,1.56015,0.457945,-0.0343272,0.00108713,0.0429728,0.42696,0.89872,0.00456141,-0.0999308
46293719000,-0.0583398,1.56016,0.458379,-0.0360082,0.000222528,0.0438737,0.425027,0.899588,0.00484118,-0.100348
46303719000,-0.0587076,1.56016,0.458818,-0.0375488,-0.000562989,0.0439023,0.423233,0.900386,0.00513796,-0.100759
46313719000,-0.0590901,1.56015,0.45926,-0.0389323,-0.00159879,0.0445166,0.421578,0.901116,0.00544968,-0.101154
46323719000,-0.0594844,1.56013,0.459705,-0.0399264,-0.00214037,0.0444887,0.420083,0.901769,0.0057737,-0.101542
46333719000,-0.0598903,1.5601,0.460152,-0.0412377,-0.00264289,0.0447883,0.418723,0.902356,0.00611344,-0.101922
46343719000,-0.0603086,1.56008,0.460589,-0.0424114,-0.00281306,0.0426546,0.417535,0.902861,0.0064707,-0.1023
46353719000,-0.0500202,1.57283,0.45694,-0.0116524,0.0354104,0.024531,0.41648,0.903303,0.00683296,-0.102672
46363719000,-0.0501392,1.57318,0.45718,-0.0123118,0.0355431,0.023462,0.41557,0.903676,0.00721491,-0.103054
46373719000,-0.0502655,1.57354,0.457421,-0.0129873,0.0360344,0.0247752,0.414769,0.903997,0.00761097,-0.10343
46383719000,-0.050398,1.5739,0.45767,-0.013544,0.0368149,0.0250186,0.414075,0.904269,0.00802641,-0.103802
46393719000,-0.0505365,1.57427,0.457926,-0.0141399,0.036614,0.0261257,0.413439,0.904513,0.00843546,-0.104175
46403719000,-0.0506842,1.57464,0.458181,-0.0153866,0.0371271,0.0248954,0.412838,0.90474,0.00884481,-0.104556
46413719000,-0.0508453,1.57502,0.45841,-0.0168405,0.0381623,0.0210507,0.412281,0.904945,0.00924852,-0.104942
46423719000,-0.0510196,1.5754,0.458607,-0.0180002,0.0391176,0.0183403,0.411742,0.90514,0.00963636,-0.105341
46433719000,-0.0512037,1.5758,0.458781,-0.0188053,0.0409212,0.0163946,0.411222,0.905324,0.00999939,-0.10576
46443719000,-0.0513968,1.57622,0.458942,-0.0197926,0.0417613,0.0158736,0.410696,0.905507,0.0103507,-0.106199
46453719000,-0.0515955,1.57664,0.459097,-0.0199264,0.0434345,0.0151421,0.410173,0.905688,0.0106808,-0.106648
46463719000,-0.0517976,1.57708,0.45925,-0.0204922,0.0446589,0.0153028,0.409643,0.90587,0.0109979,-0.107109
46473719000,-0.026444,1.58174,0.450069,0.0537009,0.0589699,-0.0198573,0.409108,0.906053,0.0112938,-0.107573
46483719000,-0.0259095,1.58234,0.449867,0.0530079,0.0607597,-0.0205242,0.408548,0.906242,0.0115839,-0.108071
46493719000,-0.0109609,1.58502,0.444481,0.0949912,0.0688492,-0.0391797,0.407966,0.906442,0.0118614,-0.108567
46503719000,-0.0100124,1.58571,0.444084,0.0945444,0.070769,-0.0401127,0.407359,0.90665,0.01214,-0.10907
46513719000,-0.00906792,1.58643,0.443677,0.0942886,0.0726498,-0.0412702,0.406714,0.906873,0.0124111,-0.109596
46523719000,-0.00812717,1.58717,0.443263,0.0938488,0.0745178,-0.0416248,0.406031,0.90711,0.012676,-0.110134
46533719000,-0.00719196,1.58792,0.442838,0.0931968,0.076249,-0.04325,0.405311,0.907362,0.0129351,-0.110681
46543719000,-0.00626248,1.58869,0.4424,0.0927105,0.0783982,-0.0443414,0.404546,0.907631,0.0131806,-0.111237
46553719000,-0.0135355,1.59456,0.445004,0.0673611,0.095726,-0.03446,0.40373,0.907921,0.0134249,-0.111814
46563719000,-0.0128632,1.59553,0.444653,0.0669384,0.0976586,-0.0356468,0.402867,0.908229,0.013657,-0.112394
46573719000,-0.012195,1.59651,0.44429,0.0666678,0.0993127,-0.0370816,0.401947,0.908559,0.0138752,-0.112988
46583719000,-0.0115299,1.59752,0.443912,0.0663444,0.101251,-0.0384738,0.400983,0.908906,0.0140828,-0.113601
46593719000,-0.0108684,1.59854,0.44352,0.065951,0.102881,-0.0399587,0.399966,0.909272,0.014287,-0.11423
46603719000,-0.0102095,1.59958,0.443113,0.0658505,0.104953,-0.0414748,0.398896,0.909658,0.0144801,-0.114868
46613719000,-0.00955209,1.60064,0.442691,0.0656465,0.10697,-0.0428199,0.39778,0.910062,0.0146584,-0.115518
46623719000,-0.0088958,1.60172,0.442255,0.0656294,0.109062,-0.0444306,0.396607,0.910486,0.0148232,-0.11618
46633719000,-0.0082403,1.60282,0.441804,0.0654877,0.111253,-0.0457483,0.395381,0.910931,0.0149722,-0.116855
46643719000,-0.00758641,1.60394,0.441335,0.0653093,0.113475,-0.0480021,0.394101,0.911395,0.0151061,-0.117541
46653719000,-0.00693378,1.60509,0.440847,0.0652347,0.115757,-0.0495872,0.392753,0.911884,0.0152262,-0.118245
46663719000,-0.00628146,1.60626,0.440345,0.0652497,0.11806,-0.0508668,0.391348,0.912393,0.0153303,-0.118957
46673719000,-0.00562851,1.60745,0.439829,0.0653572,0.12007,-0.0524361,0.389876,0.912928,0.0154124,-0.119677
46683719000,-0.0110665,1.60648,0.44639,0.046271,0.115187,-0.0293488,0.388327,0.913489,0.0154746,-0.120417
46693719000,-0.0142011,1.60621,0.450422,0.0352045,0.112731,-0.0157713,0.386714,0.914074,0.0155117,-0.121165
46703719000,-0.0138472,1.60734,0.450257,0.0353821,0.114789,-0.0172222,0.385028,0.914686,0.0155249,-0.121911
46713719000,-0.0134923,1.6085,0.450078,0.035518,0.11671,-0.0184312,0.383271,0.915322,0.0155126,-0.122669
46723719000,-0.0131361,1.60968,0.449887,0.0357145,0.11843,-0.0199472,0.381436,0.915985,0.0154797,-0.123444
46733719000,-0.0127794,1.61087,0.449681,0.0356345,0.120142,-0.0210645,0.379531,0.916671,0.0154263,-0.124231
46743719000,-0.0124222,1.61208,0.449465,0.0358046,0.121468,-0.0222364,0.377559,0.917377,0.0153532,-0.125029
46753719000,-0.0120637,1.6133,0.449238,0.035918,0.122972,-0.0231596,0.375525,0.918102,0.0152632,-0.125842
46763719000,-0.0117049,1.61454,0.449002,0.0358674,0.124334,-0.0240166,0.373431,0.918844,0.0151581,-0.126671
46773719000,-0.0113466,1.61579,0.448758,0.0358042,0.125455,-0.0247194,0.371273,0.919604,0.0150463,-0.127506
46783719000,-0.00907938,1.60891,0.451806,0.0423176,0.0992169,-0.0136765,0.369074,0.920373,0.0149126,-0.128355
46793719000,-0.00865517,1.6099,0.451667,0.0423712,0.100133,-0.0141124,0.366813,0.921158,0.0147656,-0.129222
46803719000,-0.0082304,1.61091,0.451523,0.0425338,0.101256,-0.0146743,0.364514,0.921949,0.014607,-0.130099
46813719000,-0.00780411,1.61193,0.451375,0.0427161,0.102496,-0.0150378,0.362174,0.922747,0.0144367,-0.130993
46823719000,-0.00737712,1.61296,0.451223,0.042691,0.103543,-0.015244,0.359797,0.92355,0.0142511,-0.131903
46833719000,-0.00695021,1.614,0.451069,0.0427067,0.104743,-0.0156696,0.357385,0.924356,0.0140511,-0.132834
46843719000,-0.006523,1.61505,0.450912,0.0427547,0.105766,-0.0157831,0.354949,0.925161,0.0138425,-0.133778
46853719000,-0.00609629,1.61611,0.450754,0.0426086,0.106812,-0.0157757,0.352482,0.925968,0.0136206,-0.13474
46863719000,-0.00567063,1.61719,0.450596,0.0425442,0.107833,-0.0156833,0.349991,0.926772,0.0133866,-0.135725
46873719000,-0.00524525,1.61827,0.450441,0.0425526,0.108646,-0.0154169,0.347483,0.927571,0.0131479,-0.136732
46883719000,-0.00482173,1.61936,0.450289,0.0421738,0.109317,-0.0149874,0.344959,0.928365,0.0129078,-0.137752
46893719000,-0.00440239,1.62046,0.450139,0.0417183,0.109914,-0.0149857,0.34242,0.929152,0.0126626,-0.138798
46903719000,0.00174782,1.61083,0.45087,0.060771,0.0745821,-0.0119215,0.339872,0.929931,0.0124139,-0.139864
46913719000,0.00235535,1.61158,0.450757,0.0605157,0.0751219,-0.0105149,0.337322,0.930695,0.0121623,-0.140971
46923719000,0.00649257,1.60565,0.451065,0.0722254,0.0532096,-0.00696289,0.334787,0.931441,0.0119089,-0.142102
46933719000,0.0072134,1.60618,0.451011,0.0717162,0.0530529,-0.00378093,0.332283,0.932161,0.0116595,-0.143273
46943719000,0.00793809,1.6067,0.451002,0.0731469,0.0514085,0.00190935,0.329846,0.932842,0.0114245,-0.14449
46953719000,0.00867583,1.60721,0.451048,0.0743876,0.0505258,0.0073967,0.32749,0.933478,0.0112168,-0.145751
46963719000,0.00942475,1.60771,0.451169,0.0754144,0.0497802,0.0168282,0.325227,0.934064,0.0110573,-0.147068
46973719000,0.0101833,1.60821,0.451377,0.0763266,0.0495167,0.0246858,0.323068,0.934597,0.0109304,-0.148442
46983719000,0.0109477,1.6087,0.451651,0.0765818,0.04861,0.0302145,0.320989,0.935086,0.0108295,-0.14988
46993719000,0.0117113,1.60918,0.451982,0.0761571,0.0479124,0.0358181,0.318981,0.935533,0.0107557,-0.15137
47003719000,0.00540176,1.60229,0.454954,0.0516903,0.0215655,0.0500258,0.31707,0.935932,0.0107007,-0.152917
47013719000,0.00591896,1.6025,0.45548,0.0514592,0.0207843,0.0551661,0.315239,0.93629,0.0106671,-0.154506
47023719000,0.00643443,1.60271,0.456052,0.0515387,0.0206713,0.0591341,0.313501,0.936604,0.0106527,-0.156131
47033719000,0.00694996,1.60291,0.456661,0.051554,0.0206382,0.0627029,0.311829,0.936882,0.0106608,-0.157799
47043719000,0.00746377,1.60312,0.457306,0.0512284,0.0202909,0.0662759,0.310239,0.937122,0.0106919,-0.159498
47053719000,0.00797388,1.60332,0.457981,0.0508278,0.0208179,0.0688488,0.308712,0.937331,0.0107269,-0.161221
47063719000,0.00847936,1.60353,0.458682,0.0503093,0.0213022,0.0713168,0.307238,0.937514,0.0107766,-0.162958
47073719000,0.00897736,1.60375,0.459404,0.0493335,0.0225263,0.0730692,0.30582,0.937672,0.0108302,-0.164708
47083719000,0.00946461,1.60398,0.46014,0.0481591,0.0234851,0.0740401,0.30443,0.937813,0.0108792,-0.166468
47093719000,0.00993823,1.60422,0.460884,0.0466099,0.0245321,0.0747569,0.30305,0.937945,0.0109322,-0.168228
47103719000,-0.00590212,1.61272,0.457029,-0.0120467,0.0545041,0.0590252,0.301684,0.938069,0.0109851,-0.169978
47113719000,-0.0159458,1.6183,0.454808,-0.048914,0.0731908,0.0488657,0.300331,0.938192,0.0110401,-0.171685
47123719000,-0.0164453,1.61903,0.455294,-0.0513988,0.0740695,0.0482302,0.298998,0.938311,0.0110909,-0.173347
47133719000,-0.01697,1.61978,0.45577,-0.0536715,0.0754675,0.0470296,0.297685,0.938428,0.0111506,-0.174962
47143719000,-0.0175191,1.62054,0.456232,-0.056171,0.0764714,0.0453523,0.29638,0.938549,0.0112177,-0.176518
47153719000,-0.0180922,1.62131,0.456676,-0.0584477,0.0773342,0.0435254,0.295077,0.938676,0.0112942,-0.178016
47163719000,-0.0186868,1.62208,0.45711,-0.0604442,0.0779139,0.0432196,0.293775,0.938812,0.0113785,-0.179443
47173719000,-0.0193017,1.62286,0.457536,-0.0624984,0.0784788,0.0419214,0.292469,0.938959,0.0114709,-0.180793
47183719000,-0.0199387,1.62365,0.457947,-0.064861,0.0787199,0.0402562,0.29115,0.93912,0.0115697,-0.182073
47193719000,-0.0206004,1.62445,0.507078,-0.0671675,0.0791451,0.0575027,0.289811,0.939303,0.0116708,-0.183257
47203719000,-0.0212828,1.62524,0.507641,-0.0692907,0.0790771,0.0551073,0.28844,0.939509,0.0117776,-0.184355
47213719000,-0.0219864,1.62603,0.508181,-0.0713888,0.0792851,0.0529625,0.287036,0.939743,0.0118963,-0.185343
47223719000,-0.0227062,1.62682,0.508698,-0.0725581,0.0786716,0.0504352,0.285592,0.940005,0.0120239,-0.186235
47233719000,-0.0234383,1.6276,0.509196,-0.0738398,0.0778624,0.0491919,0.284134,0.940288,0.0121689,-0.187023
47243719000,-0.0241847,1.62838,0.509682,-0.0754222,0.0769786,0.0479887,0.282687,0.940588,0.0123393,-0.187697
47253719000,-0.0249432,1.62915,0.510156,-0.0762488,0.0763441,0.0467165,0.281264,0.9409,0.0125326,-0.188257
47263719000,-0.0257132,1.62991,0.510617,-0.0777369,0.0758708,0.0454834,0.279851,0.941225,0.0127521,-0.188724
47273719000,-0.0264965,1.63067,0.51106,-0.0789109,0.0767298,0.0431036,0.278453,0.941564,0.012986,-0.189081
47283719000,-0.0272904,1.63144,0.51148,-0.0798694,0.0768752,0.0409986,0.277048,0.941923,0.0132359,-0.189343
47293719000,-0.0280956,1.63222,0.511881,-0.08116,0.0784687,0.0392519,0.27564,0.9423,0.0134931,-0.189503
47303719000,-0.0289135,1.633,0.512266,-0.0824204,0.0792765,0.0376994,0.274237,0.942694,0.0137548,-0.189561
47313719000,-0.0297416,1.6338,0.512638,-0.0832022,0.080253,0.0366432,0.272834,0.943106,0.0140036,-0.189517
47323719000,-0.0305794,1.63462,0.513008,-0.0843619,0.0828137,0.0372831,0.271437,0.943535,0.0142596,-0.189367
47333719000,-0.0314195,1.63544,0.513389,-0.0836556,0.0824556,0.0390076,0.269951,0.944001,0.0145057,-0.18915
47343719000,-0.0322599,1.63629,0.513768,-0.0844335,0.0872105,0.0367051,0.268455,0.944477,0.0147235,-0.188886
47353719000,-0.033127,1.63716,0.514129,-0.0890094,0.0864761,0.0355665,0.266876,0.944971,0.0149367,-0.188638
47363719000,-0.0340277,1.63804,0.514434,-0.0911209,0.0894226,0.025471,0.265264,0.945481,0.015119,-0.188342
47373719000,-0.0349613,1.63893,0.514698,-0.0956238,0.0891801,0.0272802,0.263593,0.946016,0.0152819,-0.187986
47383719000,-0.0444056,1.64523,0.515024,-0.123563,0.107191,0.0278283,0.261926,0.946559,0.0154268,-0.187572
47393719000,-0.0456517,1.6463,0.515284,-0.125503,0.107933,0.0241933,0.260237,0.947114,0.0155693,-0.187106
47403719000,-0.0469143,1.64738,0.515527,-0.126939,0.108246,0.0243797,0.258515,0.947687,0.0157036,-0.18658
47413719000,-0.0481934,1.64847,0.515764,-0.128861,0.109448,0.0229782,0.256784,0.948275,0.0158264,-0.185971
47423719000,-0.049497,1.64957,0.515991,-0.131869,0.109653,0.0224887,0.255004,0.948886,0.0159293,-0.185299
47433719000,-0.0508278,1.65067,0.516215,-0.134297,0.110377,0.0221571,0.253207,0.949508,0.0160189,-0.184566
47443719000,-0.0521815,1.65177,0.516435,-0.136475,0.110575,0.0218493,0.251411,0.95014,0.0160994,-0.18376
47453719000,-0.0535577,1.65288,0.516653,-0.138796,0.111025,0.021769,0.249638,0.950777,0.0161714,-0.182871
47463719000,-0.0549604,1.65399,0.516872,-0.141764,0.110666,0.0221019,0.247893,0.951422,0.01624,-0.181884
47473719000,-0.0263047,1.61818,0.522244,-0.0528366,-0.00253794,0.0402026,0.246223,0.952061,0.0162994,-0.180799
47483719000,-0.0268489,1.61815,0.522644,-0.0556186,-0.00258858,0.0397328,0.244587,0.952696,0.0163543,-0.179664
47493719000,-0.0274191,1.61812,0.523041,-0.0582921,-0.00341269,0.0396846,0.243016,0.953326,0.0164047,-0.178446
47503719000,-0.0280144,1.61809,0.523434,-0.0607337,-0.00378542,0.0389938,0.241514,0.95395,0.0164562,-0.177142
47513719000,-0.0286391,1.61805,0.523831,-0.0642259,-0.00365376,0.0404286,0.24006,0.954575,0.0165158,-0.175742
47523719000,-0.0292941,1.61801,0.52425,-0.0668009,-0.00550176,0.0434049,0.2386,0.955209,0.0165861,-0.174274
47533719000,-0.0299734,1.61797,0.524672,-0.0690873,-0.00166174,0.0408399,0.237153,0.955847,0.0166643,-0.172735
47543719000,-0.0307025,1.61794,0.52506,-0.0767741,-0.00330656,0.0368316,0.235637,0.956492,0.016758,-0.171223
47553719000,-0.0314944,1.61792,0.525377,-0.0816425,-0.00115305,0.0265001,0.23409,0.95714,0.0168365,-0.169709
47563719000,-0.0323372,1.61791,0.525642,-0.08697,-0.00224345,0.0265327,0.232478,0.957807,0.0169171,-0.168148
47573719000,-0.0332276,1.61788,0.525908,-0.0911626,-0.00261009,0.0266554,0.230894,0.958472,0.0170055,-0.166525
47583719000,-0.0341592,1.61785,0.526153,-0.0951956,-0.00320211,0.0223411,0.229296,0.959138,0.0171173,-0.164876
47593719000,-0.0116926,1.59567,0.532602,-0.0290855,-0.0699426,0.0401632,0.227677,0.959811,0.0172237,-0.163188
47603719000,-0.0120049,1.59496,0.532995,-0.0327784,-0.0703878,0.0383312,0.226075,0.960481,0.0173426,-0.161447
47613719000,0.00153064,1.5817,0.537253,0.00423613,-0.109382,0.0492966,0.224482,0.961156,0.0174639,-0.159629
47623719000,0.00155859,1.5806,0.537738,0.00192013,-0.10989,0.0476862,0.22291,0.961827,0.0175982,-0.157768
47633719000,0.00155846,1.57949,0.538208,-0.0017484,-0.111076,0.0462153,0.221387,0.96249,0.0177481,-0.155839
47643719000,0.00152745,1.57838,0.538659,-0.00440967,-0.110987,0.0440421,0.219924,0.963144,0.0179093,-0.153838
47653719000,0.00146766,1.57727,0.539096,-0.0075666,-0.11194,0.0434647,0.2185,0.963792,0.018078,-0.151773
47663719000,0.00138335,1.57614,0.539536,-0.00934156,-0.112894,0.0444884,0.217106,0.964431,0.0182449,-0.149684
47673719000,0.00129261,1.57502,0.539994,-0.00886722,-0.111062,0.0471648,0.215699,0.965068,0.0184162,-0.147573
47683719000,0.00118852,1.57391,0.540475,-0.0120085,-0.111024,0.048891,0.214312,0.965692,0.0185907,-0.145479
47693719000,0.00105259,1.57281,0.540953,-0.0152289,-0.110017,0.0467377,0.212946,0.966304,0.0187607,-0.143384
47703719000,0.0112047,1.58361,0.534396,0.0134013,-0.0721432,0.0182162,0.211542,0.966921,0.018924,-0.141265
47713719000,0.0113186,1.58289,0.53457,0.00989806,-0.0713819,0.0166344,0.210157,0.967523,0.0190837,-0.139172
47723719000,0.0114064,1.58217,0.534735,0.00783794,-0.0722918,0.0163683,0.208805,0.968115,0.0192636,-0.137052
47733719000,0.0114708,1.58145,0.534889,0.00507549,-0.0716837,0.0144373,0.207499,0.968692,0.0194538,-0.13491
47743719000,0.0115098,1.58072,0.535035,0.00269429,-0.0735647,0.014765,0.206196,0.969266,0.0196581,-0.132741
47753719000,0.0115223,1.58,0.53517,-0.000229016,-0.0711536,0.0121802,0.204908,0.969832,0.0198546,-0.130556
47763719000,0.0115101,1.57928,0.535291,-0.00228329,-0.0723688,0.0120071,0.203589,0.970392,0.0200586,-0.128411
47773719000,0.0114773,1.57857,0.535411,-0.00433099,-0.0704914,0.0119103,0.202276,0.970943,0.0202676,-0.126266
47783719000,0.011422,1.57786,0.53553,-0.0067816,-0.0709663,0.0119229,0.200939,0.971492,0.0204851,-0.124127
47793719000,0.0113442,1.57716,0.535647,-0.00883714,-0.0698449,0.0115971,0.199576,0.972038,0.0206856,-0.121996
47803719000,-0.00558186,1.59686,0.532892,-0.0643718,-0.00485643,0.00326848,0.198182,0.972581,0.0208924,-0.119886
47813719000,-0.0162261,1.60909,0.531102,-0.0976538,0.0354361,-0.00218723,0.19679,0.973115,0.0210877,-0.117797
47823719000,-0.0172164,1.60944,0.531085,-0.0997946,0.0357722,-0.0012776,0.195379,0.973644,0.0212802,-0.115722
47833719000,-0.0182239,1.6098,0.531076,-0.101504,0.0361043,-0.000514441,0.193918,0.974173,0.0214754,-0.113677
47843719000,-0.0192477,1.61016,0.531077,-0.103228,0.0363498,0.000796973,0.192401,0.974703,0.0216723,-0.111657
47853719000,-0.0202896,1.61052,0.531093,-0.10516,0.0359305,0.00239576,0.190843,0.97523,0.0218648,-0.109666
47863719000,-0.0213532,1.61089,0.53112,-0.107608,0.0367225,0.00304814,0.189233,0.975758,0.022045,-0.107707
47873719000,-0.022438,1.61125,0.531156,-0.109392,0.0367246,0.00417154,0.187553,0.976288,0.0222241,-0.105786
47883719000,-0.0235404,1.61162,0.531199,-0.111146,0.0372861,0.00440362,0.185809,0.97682,0.0224075,-0.103899
47893719000,-0.0246624,1.612,0.531248,-0.113304,0.0374866,0.00543895,0.183985,0.977355,0.0226067,-0.102053
47903719000,-0.0258039,1.61238,0.531306,-0.115044,0.0380483,0.00601337,0.182089,0.977893,0.0228313,-0.100238
47913719000,-0.0231133,1.61731,0.535817,-0.103835,0.0541222,0.0223722,0.180115,0.978433,0.0230851,-0.0984605
47923719000,-0.0241647,1.61785,0.536046,-0.106077,0.0547,0.0233642,0.178054,0.978977,0.0233615,-0.0967224
47933719000,-0.0252364,1.6184,0.536285,-0.108134,0.0553951,0.0244346,0.175909,0.979525,0.0236421,-0.0950192
47943719000,-0.0263279,1.61896,0.536534,-0.110148,0.0558311,0.0253871,0.173677,0.980076,0.0239377,-0.0933535
47953719000,-0.0274379,1.61952,0.536792,-0.11189,0.0566822,0.0262652,0.17137,0.980626,0.0242478,-0.0917389
47963719000,-0.0285678,1.62009,0.537061,-0.114116,0.0569746,0.0273621,0.168973,0.981181,0.0245777,-0.0901554
47973719000,-0.0297178,1.62066,0.537339,-0.115918,0.0571727,0.0283648,0.166494,0.981737,0.0249186,-0.0886094
47983719000,-0.0308852,1.62123,0.537627,-0.117595,0.0570003,0.0291858,0.16394,0.982292,0.0252826,-0.0871062
47993719000,-0.0320679,1.6218,0.53792,-0.118978,0.0564369,0.0295211,0.161311,0.982846,0.025672,-0.0856388
48003719000,-0.0332669,1.62236,0.538217,-0.120861,0.0562587,0.0297727,0.158603,0.983399,0.0260854,-0.084212
48013719000,-0.0247777,1.62225,0.541585,-0.0894183,0.0536171,0.0407179,0.155816,0.983951,0.0265237,-0.0828202
48023719000,-0.0256812,1.62278,0.541997,-0.0909848,0.0530952,0.041613,0.152956,0.984499,0.0269864,-0.0814788
48033719000,-0.0203524,1.62289,0.544313,-0.0710247,0.0509384,0.0496393,0.150035,0.985042,0.0274755,-0.0801721
48043719000,-0.0210715,1.62339,0.544815,-0.0725418,0.0502417,0.0506882,0.147064,0.985577,0.0279918,-0.0789114
48053719000,-0.0218053,1.62389,0.545326,-0.0741368,0.0498625,0.0514866,0.144047,0.986103,0.0285279,-0.0777011
48063719000,-0.0225535,1.62439,0.545848,-0.0755006,0.0491202,0.0529733,0.140984,0.986621,0.0290871,-0.0765282
48073719000,-0.0233138,1.62487,0.546384,-0.0765641,0.0484228,0.0541206,0.137888,0.987129,0.0296624,-0.0753915
48083719000,-0.0240866,1.62536,0.546932,-0.0780251,0.0476401,0.0555518,0.134755,0.987626,0.0302631,-0.0743036
48093719000,-0.0248729,1.62583,0.547493,-0.0792464,0.0466539,0.0567053,0.131599,0.98811,0.030881,-0.0732626
48103719000,-0.0256712,1.62629,0.548065,-0.080438,0.0455419,0.0576612,0.128426,0.98858,0.0315215,-0.0722654
48113719000,-0.0264816,1.62674,0.548647,-0.0816689,0.0447246,0.0587326,0.125236,0.989038,0.0321784,-0.0713011
48123719000,-0.0273041,1.62718,0.54924,-0.0828524,0.0434488,0.0598382,0.122043,0.989481,0.0328426,-0.0703865
48133719000,-0.0281399,1.62762,0.549843,-0.0843304,0.0435115,0.0606702,0.118852,0.989908,0.0335063,-0.06952
48143719000,-0.0289894,1.62805,0.550453,-0.0855876,0.043399,0.0614541,0.115657,0.990322,0.0341637,-0.0686946
48153719000,-0.0298491,1.62848,0.551072,-0.0863678,0.0426671,0.0622623,0.112465,0.99072,0.0348286,-0.0679186
48163719000,-0.030716,1.6289,0.551703,-0.0870363,0.0414402,0.0639847,0.109289,0.991101,0.0355104,-0.0671835
48173719000,-0.0315911,1.62931,0.552354,-0.0879843,0.0398827,0.0662143,0.106137,0.991466,0.0362164,-0.0664719
48183719000,-0.0324742,1.62971,0.553024,-0.0886529,0.0390572,0.0676941,0.103012,0.991814,0.0369414,-0.0657864
48193719000,-0.0333654,1.6301,0.561358,-0.0894686,0.0390241,0.0729174,0.0999051,0.992147,0.0376834,-0.0651356
48203719000,-0.0342635,1.63049,0.562094,-0.0901542,0.0391364,0.0742687,0.0968069,0.992466,0.0384302,-0.0645141
48213719000,-0.035168,1.63088,0.562846,-0.0907566,0.0387283,0.0761399,0.0936954,0.992774,0.0391703,-0.0639333
48223719000,-0.0360781,1.63126,0.563618,-0.0912881,0.0382758,0.0782698,0.0905736,0.993069,0.0399099,-0.0633814
48233719000,-0.0369936,1.63165,0.564411,-0.0918065,0.0381684,0.0802593,0.0874285,0.993354,0.0406418,-0.0628663
48243719000,-0.0379132,1.63203,0.565224,-0.0921334,0.0375723,0.0824462,0.0842832,0.993626,0.0413758,-0.0623913
48253719000,-0.0388353,1.6324,0.566059,-0.092297,0.0372007,0.0844304,0.081133,0.993885,0.0421081,-0.061951
48263719000,-0.03976,1.63277,0.566917,-0.0926349,0.036015,0.0871187,0.0779809,0.994131,0.0428398,-0.061541
48273719000,-0.0406885,1.63312,0.567799,-0.0930759,0.0351793,0.0893698,0.0748374,0.994365,0.0435782,-0.0611503
48283719000,-0.0416207,1.63347,0.568703,-0.0933681,0.0341821,0.0915105,0.07171,0.994585,0.0443235,-0.0607817
48293719000,-0.0425569,1.63381,0.569629,-0.0938749,0.0338444,0.0935103,0.0685921,0.994791,0.0450746,-0.0604428
48303719000,-0.0434975,1.63415,0.570574,-0.0942574,0.0334626,0.095653,0.0654745,0.994986,0.045826,-0.0601341
48313719000,-0.0444411,1.63448,0.57154,-0.0944547,0.0330642,0.0975548,0.0623667,0.995167,0.0465799,-0.0598602
48323719000,-0.0453881,1.63481,0.572525,-0.0949634,0.0331679,0.099279,0.0592589,0.995336,0.0473381,-0.0596213
48333719000,-0.0463405,1.63515,0.573527,-0.0954989,0.0336744,0.101171,0.056148,0.995493,0.048096,-0.0594023
48343719000,-0.0472975,1.63549,0.574547,-0.0959198,0.0342835,0.102931,0.0530166,0.995639,0.0488493,-0.0592119
48353719000,-0.0482592,1.63583,0.575586,-0.0964074,0.0349422,0.104789,0.0498636,0.995775,0.0495931,-0.0590459
48363719000,-0.0492252,1.63618,0.576643,-0.0968008,0.0351819,0.106668,0.0466989,0.9959,0.0503308,-0.0589046
48373719000,-0.0501949,1.63654,0.577719,-0.0971215,0.0352083,0.108602,0.0435277,0.996013,0.0510631,-0.0587898
48383719000,-0.0511667,1.63689,0.578813,-0.0972534,0.0352444,0.110125,0.0403652,0.996115,0.0517885,-0.0586887
48393719000,-0.0521423,1.63724,0.579919,-0.0978555,0.0351602,0.111117,0.0372113,0.996204,0.0525123,-0.0586087
48403719000,-0.0531227,1.63759,0.581037,-0.0982196,0.0351264,0.11243,0.0340778,0.996282,0.0532266,-0.0585478
48413719000,-0.0511955,1.63324,0.557746,-0.0908333,0.0221074,0.0285093,0.0309642,0.996348,0.053937,-0.0585098
48423719000,-0.0521047,1.63346,0.558038,-0.0910739,0.0223697,0.0297287,0.0278652,0.996402,0.0546391,-0.0584837
48433719000,-0.0530178,1.63368,0.55834,-0.0915787,0.0224853,0.0307388,0.0247902,0.996446,0.0553349,-0.0584711
48443719000,-0.0539367,1.6339,0.55865,-0.0922095,0.0230301,0.031195,0.0217102,0.99648,0.0560156,-0.0584677
48453719000,-0.0548609,1.63414,0.558966,-0.0926297,0.0236668,0.0321463,0.0186296,0.996503,0.0566912,-0.0584818
48463719000,-0.0557892,1.63438,0.559295,-0.0930177,0.0241135,0.0336497,0.0155337,0.996517,0.0573536,-0.0585054
48473719000,-0.0567222,1.63462,0.559637,-0.0935769,0.0253952,0.0347204,0.0124158,0.996522,0.0579926,-0.0585396
48483719000,-0.05766,1.63489,0.559991,-0.093981,0.0268303,0.0361215,0.00923917,0.996516,0.0586149,-0.0585991
48493719000,-0.0586017,1.63516,0.560361,-0.0943483,0.0282764,0.037749,0.00601002,0.996501,0.0592163,-0.0586817
48503719000,-0.0595484,1.63545,0.560744,-0.094994,0.0295955,0.0388713,0.00271967,0.996476,0.0597892,-0.0587706
48513719000,-0.069664,1.61616,0.546394,-0.119861,-0.0216534,-0.00698655,-0.000639425,0.99644,0.0603347,-0.0588834
48523719000,-0.0708669,1.61594,0.546327,-0.120867,-0.02067,-0.00624579,-0.00407736,0.996392,0.0608647,-0.0590016
48533719000,-0.0767705,1.60533,0.538011,-0.134253,-0.0474835,-0.0318131,-0.00757716,0.996332,0.0613772,-0.0591443
48543719000,-0.0781164,1.60485,0.537698,-0.135074,-0.0470244,-0.0308014,-0.0111432,0.996258,0.0618789,-0.0593034
48553719000,-0.0794719,1.60438,0.537395,-0.136059,-0.0463337,-0.0298421,-0.0147769,0.996171,0.0623588,-0.0594624
48563719000,-0.080837,1.60392,0.5371,-0.136984,-0.0456629,-0.0292635,-0.0184871,0.99607,0.0628178,-0.0596436
48573719000,-0.0822122,1.60347,0.536811,-0.13806,-0.0452466,-0.0285205,-0.0222692,0.995953,0.0632567,-0.0598425
48583719000,-0.0835981,1.60302,0.536529,-0.139106,-0.0447647,-0.0279046,-0.0261337,0.99582,0.063666,-0.060056
48593719000,-0.0849939,1.60257,0.536253,-0.140032,-0.0447615,-0.0271563,-0.0300859,0.995669,0.0640621,-0.0602885
48603719000,-0.0863965,1.60212,0.535984,-0.140482,-0.0445459,-0.0267774,-0.0341129,0.9955,0.0644407,-0.0605325
48613719000,-0.0727504,1.60347,0.534612,-0.0988597,-0.0402046,-0.0292673,-0.0382202,0.995311,0.064802,-0.0607939
48623719000,-0.0737395,1.60306,0.534323,-0.0991025,-0.0410481,-0.0285875,-0.0423902,0.995103,0.0651448,-0.0610682
48633719000,-0.0747319,1.60264,0.534038,-0.0994368,-0.0416772,-0.0283569,-0.0466277,0.994875,0.0654677,-0.0613515
48643719000,-0.0757272,1.60222,0.533758,-0.0996374,-0.0424991,-0.0277388,-0.050928,0.994626,0.0657727,-0.0616448
48653719000,-0.0767251,1.60179,0.533484,-0.0999285,-0.0436129,-0.027046,-0.0552896,0.994355,0.066061,-0.0619428
48663719000,-0.077726,1.60135,0.533218,-0.100256,-0.0450674,-0.0261841,-0.0597121,0.994062,0.0663344,-0.0622514
48673719000,-0.0787304,1.60089,0.532959,-0.100606,-0.0465487,-0.0255515,-0.0641842,0.993747,0.0665916,-0.0625562
48683719000,-0.0797379,1.60042,0.532708,-0.100862,-0.0480673,-0.0247098,-0.0686945,0.99341,0.0668277,-0.0628686
48693719000,-0.0807483,1.59993,0.532464,-0.101214,-0.0496586,-0.0239198,-0.073252,0.993049,0.0670494,-0.0631774
48703719000,-0.0817616,1.59943,0.53223,-0.101418,-0.051202,-0.0229358,-0.0778353,0.992666,0.0672621,-0.0634953
48713719000,-0.082776,1.59891,0.532006,-0.101452,-0.0531042,-0.0218776,-0.0824349,0.992261,0.0674648,-0.0638116
48723719000,-0.0837918,1.59836,0.531791,-0.101694,-0.055241,-0.0211349,-0.0870617,0.991832,0.0676547,-0.0641262
48733719000,-0.0528567,1.60636,0.530754,-0.00801389,-0.0315131,-0.0232682,-0.0916924,0.991384,0.0678309,-0.0644126
48743719000,-0.0529341,1.60603,0.530525,-0.00764752,-0.0332422,-0.0227417,-0.0963103,0.990915,0.0679916,-0.0647211
48753719000,-0.0340114,1.61107,0.52974,0.0486155,-0.0190917,-0.0249334,-0.100914,0.990429,0.0681443,-0.0649885
48763719000,-0.0335224,1.61086,0.52949,0.0490011,-0.0210112,-0.0250503,-0.10549,0.989924,0.0682826,-0.065269
48773719000,-0.0330297,1.61063,0.529239,0.0494935,-0.0233052,-0.0253507,-0.110021,0.989404,0.0684113,-0.0655314
48783719000,-0.032533,1.61039,0.528978,0.0498238,-0.0249266,-0.026666,-0.11451,0.988871,0.0685293,-0.0657653
48793719000,-0.0320324,1.61013,0.528707,0.0503009,-0.0269675,-0.0275868,-0.118932,0.988327,0.0686412,-0.0659849
48803719000,-0.0315257,1.60985,0.528425,0.0510508,-0.0295936,-0.0288846,-0.123266,0.987776,0.0687368,-0.0661774
48813719000,-0.0310129,1.60955,0.528132,0.0515191,-0.0308993,-0.0297114,-0.127483,0.987224,0.0688179,-0.0663371
48823719000,-0.0304889,1.60923,0.527823,0.0532977,-0.0333436,-0.0321301,-0.131582,0.986672,0.0688934,-0.0664626
48833719000,-0.0312481,1.6002,0.521346,0.0503277,-0.0650969,-0.0538668,-0.135524,0.986128,0.0689597,-0.0665528
48843719000,-0.0307348,1.59952,0.520805,0.0522423,-0.0699161,-0.0543391,-0.139315,0.985592,0.0690183,-0.0665978
48853719000,-0.0302037,1.59879,0.520251,0.0539638,-0.0757991,-0.0565452,-0.142947,0.985067,0.0690689,-0.0666194
48863719000,-0.0296543,1.59801,0.519682,0.0559141,-0.0810708,-0.0573512,-0.146376,0.984562,0.0691035,-0.0666059
48873719000,-0.0290913,1.59719,0.519094,0.0566859,-0.0821147,-0.0602301,-0.149599,0.984081,0.0691214,-0.06653
48883719000,-0.0285209,1.59636,0.518482,0.0573979,-0.0841226,-0.0620924,-0.152637,0.983621,0.069126,-0.0664292
48893719000,-0.0279429,1.5955,0.517852,0.0581963,-0.0874863,-0.0639885,-0.155494,0.983184,0.0691183,-0.0662836
48903719000,-0.0273554,1.59462,0.517193,0.0593064,-0.0896812,-0.0677015,-0.158179,0.982769,0.0690956,-0.0661093
48913719000,-0.0267607,1.59372,0.516507,0.059638,-0.0901627,-0.0694359,-0.160657,0.982385,0.0690562,-0.0658759
48923719000,-0.0261593,1.5928,0.515807,0.0606437,-0.0940743,-0.0706245,-0.162986,0.982023,0.069004,-0.0656124
48933719000,-0.0255499,1.59185,0.515083,0.061229,-0.0952691,-0.0742986,-0.16514,0.981688,0.0689393,-0.0652989
48943719000,-0.0249378,1.5909,0.514326,0.061181,-0.0949227,-0.07694,-0.167125,0.981382,0.0688545,-0.0649504
48953719000,-0.0465631,1.58761,0.512778,-0.0097543,-0.104813,-0.0817875,-0.16898,0.981095,0.0687536,-0.0645908
48963719000,-0.0466613,1.58657,0.511952,-0.00980254,-0.103055,-0.0833784,-0.170676,0.980837,0.0686353,-0.064173
48973719000,-0.0603974,1.58422,0.510808,-0.0537674,-0.107721,-0.0876104,-0.172247,0.980601,0.0684974,-0.0637223
48983719000,-0.0609332,1.58314,0.509935,-0.0533219,-0.106627,-0.0869258,-0.173695,0.980388,0.0683356,-0.0632422
48993719000,-0.0614636,1.58206,0.509058,-0.0527264,-0.11025,-0.0885115,-0.175085,0.980186,0.0681516,-0.0627319
49003719000,-0.0619867,1.58098,0.508162,-0.0518864,-0.105389,-0.0908229,-0.176387,0.980002,0.0679202,-0.0622102
49013719000,-0.0625145,1.57992,0.507248,-0.0536631,-0.105892,-0.0919744,-0.177678,0.97982,0.0676689,-0.0616806
49023719000,-0.063066,1.57892,0.5063,-0.0566464,-0.0945676,-0.0975149,-0.178862,0.979664,0.0673567,-0.0610794
49033719000,-0.0636335,1.57799,0.505321,-0.0568647,-0.0911269,-0.0982515,-0.18016,0.979478,0.0670528,-0.0605787
49043719000,-0.0642168,1.57709,0.504319,-0.0598092,-0.0884531,-0.102235,-0.181366,0.979317,0.066693,-0.0599702
49053719000,-0.064724,1.5886,0.50893,-0.0591591,-0.0432746,-0.0800129,-0.182619,0.979143,0.0663102,-0.0594296
49063719000,-0.0653243,1.58818,0.508107,-0.0607932,-0.041483,-0.084515,-0.183859,0.978977,0.0658836,-0.0588128
49073719000,-0.0659393,1.5878,0.507269,-0.0621773,-0.0339158,-0.0831188,-0.185125,0.978802,0.0654221,-0.0582644
49083719000,-0.0665692,1.58747,0.506421,-0.0638081,-0.0314152,-0.0865154,-0.186427,0.978623,0.0649377,-0.0576643
49093719000,-0.0672129,1.58718,0.505558,-0.0649305,-0.0277999,-0.086009,-0.18779,0.978428,0.0644266,-0.0571162
49103719000,-0.0678536,1.5869,0.504703,-0.0632155,-0.0279531,-0.085028,-0.18921,0.978224,0.063887,-0.0565326
49113719000,-0.0684956,1.58662,0.50386,-0.0651929,-0.0283129,-0.083562,-0.190673,0.978011,0.0633133,-0.0559446
49123719000,-0.0691436,1.58635,0.503032,-0.0644163,-0.0247472,-0.0819917,-0.192192,0.977785,0.0627118,-0.0553704
49133719000,-0.0698014,1.58614,0.502199,-0.0671562,-0.0180402,-0.0847369,-0.193799,0.97754,0.0620786,-0.0547979
49143719000,-0.0704747,1.58598,0.50136,-0.067512,-0.0131024,-0.0830166,-0.195511,0.97727,0.0614254,-0.0542717
49153719000,-0.071161,1.58587,0.500522,-0.0697588,-0.00921277,-0.0846063,-0.197308,0.976982,0.060744,-0.0537121
49163719000,-0.0718634,1.58581,0.499683,-0.0707262,-0.00357305,-0.0832448,-0.199188,0.976673,0.0600347,-0.0532016
49173719000,-0.0707765,1.58723,0.505702,-0.0661575,0.0052889,-0.0604203,-0.201177,0.976339,0.0592987,-0.0526717
49183719000,-0.0714439,1.5873,0.505104,-0.0672715,0.00916213,-0.0592742,-0.203247,0.975982,0.0585381,-0.0521828
49193719000,-0.0708362,1.58779,0.508738,-0.0637807,0.0146021,-0.0450236,-0.205403,0.975604,0.0577622,-0.0516815
49203719000,-0.0714822,1.58795,0.508291,-0.0653729,0.0176507,-0.0443074,-0.207646,0.9752,0.0569669,-0.0512135
49213719000,-0.0721386,1.58814,0.507853,-0.0658935,0.0218673,-0.0433536,-0.209966,0.974774,0.056161,-0.0507621
49223719000,-0.0728053,1.58838,0.507421,-0.0674362,0.0250834,-0.0430542,-0.21236,0.974325,0.0553423,-0.0503107
49233719000,-0.0734847,1.58864,0.507002,-0.0684601,0.0279346,-0.0408381,-0.214829,0.973852,0.0545114,-0.0498815
49243719000,-0.074175,1.58894,0.506594,-0.0695996,0.030842,-0.04068,-0.217367,0.973358,0.0536703,-0.0494517
49253719000,-0.0748763,1.58926,0.506198,-0.0706634,0.0329335,-0.0384587,-0.219969,0.97284,0.0528217,-0.0490446
49263719000,-0.0755893,1.5896,0.505815,-0.0719408,0.0353678,-0.0381552,-0.22263,0.972302,0.0519621,-0.0486346
49273719000,-0.0714185,1.59038,0.509298,-0.0557452,0.0389442,-0.0228861,-0.22534,0.971742,0.0510991,-0.0482514
49283719000,-0.0719827,1.59078,0.509073,-0.0570941,0.040902,-0.0220004,-0.2281,0.971161,0.0502347,-0.04788
49293719000,-0.0725617,1.59122,0.563917,-0.0582814,0.0428026,-0.00347456,-0.230913,0.970557,0.0493688,-0.0475403
49303719000,-0.0731502,1.59166,0.563886,-0.0594232,0.0447445,-0.00270073,-0.233784,0.96993,0.0485069,-0.0472008
49313719000,-0.0737503,1.59212,0.56386,-0.0606055,0.04668,-0.0025329,-0.236711,0.969278,0.0476446,-0.0468741
49323719000,-0.0743609,1.59259,0.563837,-0.0615128,0.0483866,-0.0020837,-0.239687,0.968604,0.0467888,-0.0465603
49333719000,-0.0686385,1.59488,0.565244,-0.0400772,0.0565139,0.00568155,-0.242716,0.967905,0.0459277,-0.0462487
49343719000,-0.0690451,1.59545,0.565302,-0.0412497,0.0584963,0.00594389,-0.24579,0.967184,0.0450681,-0.0459547
49353719000,-0.0694649,1.59604,0.565359,-0.0427127,0.0588551,0.00546254,-0.24892,0.966436,0.0442178,-0.0456698
49363719000,-0.0698984,1.59663,0.56541,-0.0439928,0.0605168,0.00479437,-0.252084,0.965666,0.0433758,-0.0454027
49373719000,-0.0703433,1.59725,0.565462,-0.0449843,0.0626752,0.00549293,-0.255308,0.964867,0.0425362,-0.0451621
49383719000,-0.0708028,1.59788,0.565508,-0.0469096,0.0637004,0.00367726,-0.258575,0.964045,0.0416997,-0.044914
49393719000,-0.0712737,1.59852,0.565547,-0.0472693,0.0639125,0.00422577,-0.261863,0.963203,0.0408641,-0.0446965
49403719000,-0.0717554,1.59915,0.565575,-0.0490707,0.0608684,0.00123047,-0.265149,0.962349,0.040038,-0.0444632
49413719000,-0.0722476,1.59975,0.565573,-0.0493712,0.0590715,-0.00160431,-0.268366,0.9615,0.0392184,-0.0442575
49423719000,-0.0727404,1.60032,0.565527,-0.0491756,0.0547909,-0.00755227,-0.271471,0.960671,0.0384086,-0.0440325
49433719000,-0.0653011,1.60089,0.567213,-0.0207568,0.0508627,-0.00473156,-0.274388,0.959885,0.037607,-0.0437938
49443719000,-0.0605797,1.60161,0.568534,-0.00266996,0.047381,-0.00308345,-0.277098,0.959147,0.0368203,-0.0435607
49453719000,-0.0606113,1.60208,0.56848,-0.0036721,0.0458567,-0.00777497,-0.279585,0.958466,0.0360453,-0.0433116
49463719000,-0.0606498,1.60252,0.568386,-0.00404301,0.0440422,-0.0111107,-0.281894,0.957829,0.0352856,-0.0430578
49473719000,-0.060698,1.60296,0.568256,-0.00559326,0.0438197,-0.0148968,-0.284057,0.957229,0.0345487,-0.0427864
49483719000,-0.0607586,1.6034,0.568091,-0.00651584,0.0438135,-0.0180796,-0.286107,0.956656,0.0338267,-0.0425185
49493719000,-0.0578412,1.60016,0.56907,0.00329022,0.0305576,-0.0162397,-0.288065,0.956105,0.0331254,-0.042236
49503719000,-0.0578143,1.60046,0.568894,0.00208743,0.0301431,-0.0190272,-0.289951,0.95557,0.0324459,-0.0419662
49513719000,-0.0578007,1.60076,0.568688,0.000630371,0.0294299,-0.0221734,-0.291767,0.955052,0.0317882,-0.0416906
49523719000,-0.0578041,1.60107,0.568472,-0.00130035,0.0331821,-0.0208964,-0.293516,0.954548,0.0311389,-0.0414232
49533719000,-0.0578226,1.60139,0.568262,-0.00241099,0.029744,-0.0212379,-0.295362,0.954011,0.0305089,-0.0411606
49543719000,-0.057862,1.60171,0.568027,-0.00545852,0.035255,-0.0257944,-0.297183,0.953476,0.0298763,-0.0408961
49553719000,-0.0579142,1.60209,0.567789,-0.00497311,0.0390598,-0.0217549,-0.299068,0.952914,0.0292751,-0.0407073
49563719000,-0.0579816,1.60249,0.567542,-0.00851419,0.0415548,-0.0275987,-0.300982,0.95234,0.028679,-0.0404554
49573719000,-0.0550163,1.58935,0.56616,0.00518408,-0.0121071,-0.0276882,-0.302913,0.951751,0.0281041,-0.040301
49583719000,-0.0549636,1.58919,0.565873,0.00534396,-0.0198319,-0.0297741,-0.304922,0.951134,0.0275389,-0.0401169
49593719000,-0.0548938,1.58897,0.565588,0.00861297,-0.0229353,-0.0272906,-0.306929,0.950509,0.026996,-0.0399905
49603719000,-0.0548168,1.58869,0.565306,0.0067798,-0.0346248,-0.0290744,-0.308951,0.949874,0.0264789,-0.0398563
49613719000,-0.0547677,1.58837,0.56501,0.00304289,-0.0284628,-0.0301366,-0.310931,0.949246,0.025961,-0.0397515
49623719000,-0.0547379,1.58811,0.564702,0.00292708,-0.0241739,-0.0313323,-0.31298,0.948588,0.0254704,-0.0396873
49633719000,-0.054722,1.58786,0.564386,0.000254772,-0.0246492,-0.0319068,-0.315007,0.947931,0.0249899,-0.0396483
49643719000,-0.0547223,1.58759,0.564064,-0.000312643,-0.0310978,-0.0325939,-0.317047,0.947263,0.0245414,-0.0396535
49653719000,-0.0547228,1.58728,0.563743,0.000227245,-0.0300594,-0.0314462,-0.319071,0.946593,0.0241041,-0.0396844
49663719000,-0.0496275,1.59158,0.56793,0.0182853,-0.0158829,-0.0130922,-0.32113,0.945904,0.0236851,-0.0397389
49673719000,-0.0461419,1.5945,0.570726,0.0312711,-0.00554545,0.000383412,-0.323178,0.945213,0.0232759,-0.0398396
49683719000,-0.0458365,1.59444,0.570725,0.0297345,-0.00669957,-0.0004044,-0.325259,0.944503,0.0228794,-0.0399577
49693719000,-0.0455376,1.59436,0.570729,0.0300115,-0.00858167,0.00120398,-0.32736,0.943779,0.0225081,-0.0401282
49703719000,-0.0452448,1.59427,0.57074,0.0285466,-0.00892116,0.000889452,-0.329485,0.943041,0.0221457,-0.0402941
49713719000,-0.0449606,1.59417,0.570754,0.028304,-0.0103323,0.00190039,-0.331643,0.942282,0.0218025,-0.0405132
49723719000,-0.0446816,1.59407,0.570773,0.0275026,-0.0102866,0.00195809,-0.333841,0.941503,0.0214827,-0.0407474
49733719000,-0.0432956,1.59761,0.575013,0.0311473,0.00389237,0.0202463,-0.336089,0.940699,0.021172,-0.0410099
49743719000,-0.0429841,1.59765,0.575217,0.0310655,0.00412025,0.0205273,-0.338372,0.939874,0.0208761,-0.041292
49753719000,-0.0426771,1.59769,0.57542,0.030317,0.00429986,0.0199298,-0.340712,0.939022,0.0205957,-0.0415869
49763719000,-0.0423738,1.59774,0.57562,0.0303471,0.00488694,0.0201124,-0.343116,0.938138,0.0203404,-0.0418998
49773719000,-0.0420742,1.59779,0.575816,0.0295855,0.0054579,0.0192092,-0.34559,0.93722,0.0201031,-0.0422203
49783719000,-0.0417797,1.59784,0.576005,0.0293168,0.00514831,0.0184756,-0.348139,0.936266,0.019884,-0.0425512
49793719000,-0.0414913,1.5979,0.576185,0.0283888,0.00599686,0.017646,-0.350732,0.935287,0.0196773,-0.0428828
49803719000,-0.0412095,1.59796,0.576356,0.0279673,0.00496507,0.0165303,-0.35339,0.934274,0.0194956,-0.043219
49813719000,-0.040935,1.59801,0.57652,0.0269553,0.00511602,0.0162868,-0.356076,0.933241,0.0193264,-0.0435668
49823719000,-0.040669,1.59805,0.576675,0.0262637,0.00365301,0.0147153,-0.358788,0.932188,0.0191756,-0.0439158
49833719000,-0.0349869,1.59836,0.578641,0.0471455,0.00303427,0.0217566,-0.361506,0.931124,0.0190392,-0.0442724
49843719000,-0.0345186,1.59838,0.57885,0.0464219,0.0018714,0.0200659,-0.36423,0.930047,0.0189117,-0.044637
49853719000,-0.0340565,1.59839,0.579047,0.0459704,0.000578432,0.0193021,-0.366948,0.928962,0.0188006,-0.0450114
49863719000,-0.0335998,1.59839,0.579234,0.0453605,-0.000425928,0.0180286,-0.369664,0.927868,0.0187015,-0.04539
49873719000,-0.0331491,1.59838,0.57941,0.0447993,-0.00172132,0.0172045,-0.372392,0.926759,0.0186136,-0.0457775
49883719000,-0.0327044,1.59836,0.579576,0.0441435,-0.00282985,0.0161191,-0.375121,0.92564,0.0185361,-0.0461756
49893719000,-0.0238277,1.59672,0.58015,0.076792,-0.0102408,0.0167841,-0.377857,0.924508,0.0184716,-0.0465686
49903719000,-0.0230625,1.59661,0.580313,0.0761563,-0.0113765,0.0157071,-0.380609,0.923358,0.0184185,-0.0469913
49913719000,-0.0166324,1.59552,0.580813,0.0976253,-0.015905,0.0164117,-0.383362,0.922197,0.0183768,-0.0474203
49923719000,-0.0156561,1.59536,0.580974,0.0975431,-0.0170532,0.015723,-0.386132,0.921018,0.0183457,-0.0478652
49933719000,-0.0146819,1.59518,0.581129,0.0972768,-0.0180051,0.0152723,-0.388912,0.919824,0.0183263,-0.0483245
49943719000,-0.0137087,1.59499,0.581278,0.0973467,-0.0191725,0.0146067,-0.391714,0.91861,0.0183182,-0.0487917
49953719000,-0.0127336,1.5948,0.58142,0.0976927,-0.0203372,0.0138527,-0.394523,0.917381,0.0183265,-0.0492635
49963719000,-0.0117538,1.59459,0.581556,0.0982675,-0.0212853,0.0132023,-0.397343,0.916138,0.0183537,-0.0497326
49973719000,-0.0107683,1.59437,0.581684,0.0988526,-0.0229173,0.0123902,-0.40017,0.91488,0.0183989,-0.0501969
49983719000,-0.00977662,1.59413,0.581804,0.0994977,-0.0242258,0.0117086,-0.403005,0.913608,0.0184668,-0.0506613
49993719000,-0.00319229,1.59307,0.581731,0.122133,-0.0287935,0.0103876,-0.405847,0.912322,0.0185511,-0.0511159
50003719000,-0.00196953,1.59277,0.581834,0.122333,-0.0303139,0.0100388,-0.408718,0.911011,0.0186494,-0.0515833
50013719000,-0.000744207,1.59246,0.581932,0.122706,-0.0319336,0.00970922,-0.411614,0.909677,0.0187637,-0.0520464
50023719000,0.000485026,1.59213,0.582027,0.123139,-0.0335921,0.00920781,-0.414541,0.908318,0.018891,-0.0525142
50033719000,0.00171831,1.59179,0.582118,0.123525,-0.0353878,0.00899476,-0.417484,0.906938,0.0190413,-0.0529917
50043719000,0.00295617,1.59143,0.582208,0.124059,-0.0369276,0.00899307,-0.420434,0.905543,0.0192074,-0.0534645
50053719000,0.00419773,1.59105,0.582298,0.124266,-0.0385144,0.00893793,-0.423371,0.904142,0.0193934,-0.0539296
50063719000,0.00896491,1.59084,0.582358,0.138669,-0.0392312,0.00900568,-0.426308,0.902729,0.0195938,-0.0543901
50073719000,0.010354,1.59043,0.582448,0.139064,-0.0405674,0.00901307,-0.429235,0.901309,0.0198012,-0.0548499
50083719000,0.011745,1.59002,0.58254,0.139126,-0.0425563,0.00941841,-0.432147,0.899883,0.0200207,-0.0553054
50093719000,0.013138,1.58958,0.582638,0.139467,-0.0445962,0.010132,-0.435038,0.898455,0.0202512,-0.0557686
50103719000,0.0145337,1.58912,0.582746,0.139686,-0.04742,0.0114343,-0.437888,0.897035,0.0204859,-0.0562366
50113719000,0.0159313,1.58863,0.582869,0.139845,-0.05024,0.0132064,-0.440687,0.895628,0.0207322,-0.0567069
50123719000,0.0173298,1.58812,0.583014,0.139851,-0.0528249,0.0156991,-0.443423,0.894241,0.0209784,-0.0571721
50133719000,0.0153506,1.59095,0.58637,0.126398,-0.0416726,0.0315656,-0.446101,0.892872,0.0212285,-0.0576406
50143719000,0.014439,1.59278,0.588616,0.11768,-0.0342549,0.0431156,-0.448723,0.89152,0.0214843,-0.0581216
50153719000,0.0156164,1.59243,0.589068,0.117721,-0.0354451,0.0472722,-0.451321,0.890169,0.0217507,-0.0586172
50163719000,0.0167938,1.59207,0.589562,0.117729,-0.036266,0.0514467,-0.453911,0.888811,0.0220241,-0.0591223
50173719000,0.0179701,1.5917,0.590096,0.11753,-0.0373703,0.0554311,-0.456501,0.887442,0.0223041,-0.0596335
50183719000,0.0191442,1.59132,0.590671,0.117296,-0.0382636,0.0594479,-0.459102,0.886056,0.0225956,-0.0601576
50193719000,0.0203168,1.59094,0.591285,0.117224,-0.0390092,0.063372,-0.461718,0.884652,0.0228919,-0.0606921
50203719000,0.0214902,1.59055,0.591938,0.117476,-0.0396359,0.0672854,-0.46435,0.883228,0.0231989,-0.0612368
50213719000,0.0226658,1.59015,0.59263,0.117643,-0.0402503,0.0711905,-0.467004,0.881781,0.0235155,-0.0617803
50223719000,0.0216208,1.59303,0.595745,0.108926,-0.0275957,0.0847027,-0.469677,0.880312,0.0238477,-0.0623352
50233719000,0.0227109,1.59274,0.59661,0.10901,-0.0283676,0.0882501,-0.472366,0.878823,0.0241956,-0.0628904
50243719000,0.0238024,1.59246,0.59751,0.109281,-0.0286075,0.091915,-0.475081,0.877309,0.0245567,-0.0634427
50253719000,0.0248974,1.59217,0.598448,0.109707,-0.0290931,0.0955072,-0.477829,0.875764,0.0249395,-0.0639942
50263719000,0.0259942,1.59188,0.599421,0.109665,-0.0288741,0.0992837,-0.480608,0.87419,0.0253349,-0.0645479
50273719000,0.0270873,1.5916,0.60045,0.108967,-0.0266571,0.106341,-0.483433,0.872577,0.025749,-0.0651041
50283719000,0.0281809,1.59134,0.601546,0.109764,-0.0260021,0.11287,-0.486391,0.870877,0.0261663,-0.0656657
50293719000,0.0292733,1.59109,0.581376,0.10865,-0.0222391,0.109691,-0.489443,0.869112,0.0265684,-0.0662117
50303719000,0.0303753,1.59087,0.582518,0.111759,-0.021922,0.118826,-0.492625,0.867255,0.0269813,-0.0667988
50313719000,0.0314899,1.59066,0.583723,0.111177,-0.021011,0.122191,-0.495932,0.865313,0.0273679,-0.0673426
50323719000,0.0282487,1.59307,0.582016,0.097159,-0.0134943,0.112318,-0.499356,0.863283,0.0277722,-0.0679288
50333719000,0.0292153,1.59293,0.583157,0.096057,-0.0142271,0.115893,-0.502901,0.861168,0.0281398,-0.0684716
50343719000,0.0301812,1.59279,0.584348,0.0970935,-0.0147725,0.122197,-0.506548,0.858968,0.0285158,-0.0690582
50353719000,0.0311489,1.59263,0.58559,0.0964512,-0.0167957,0.126315,-0.510321,0.856675,0.0288769,-0.0696181
50363719000,0.0321073,1.59247,0.58688,0.0952283,-0.0156008,0.131544,-0.514179,0.854305,0.0292328,-0.0701983
50373719000,0.0330643,1.5923,0.588219,0.0961828,-0.0176235,0.136293,-0.518135,0.851852,0.0295781,-0.0707777
50383719000,0.0301299,1.59648,0.586559,0.0798284,-0.00101129,0.12381,-0.522151,0.849338,0.0299026,-0.0713432
50393719000,0.0284963,1.59924,0.585706,0.0715192,0.00702627,0.117025,-0.526221,0.846762,0.0302254,-0.0719156
50403719000,0.0292108,1.59929,0.586893,0.0712505,0.00498999,0.1205,-0.530333,0.844135,0.0305264,-0.0724677
50413719000,0.0299266,1.59933,0.588116,0.0718831,0.00230927,0.124033,-0.534485,0.841453,0.03082,-0.073024
50423719000,0.030648,1.59934,0.589374,0.0723756,-0.000710588,0.127592,-0.538666,0.838725,0.0310973,-0.0735718
50433719000,0.031369,1.59932,0.590664,0.0718347,-0.00300875,0.130331,-0.542856,0.835962,0.031363,-0.074104
50443719000,0.0320914,1.59927,0.591985,0.0726611,-0.00658356,0.133843,-0.547051,0.833167,0.031614,-0.0746224
50453719000,0.0309134,1.60385,0.591931,0.0643934,0.010016,0.129501,-0.551236,0.83035,0.0318525,-0.0751135
50463719000,0.031559,1.60393,0.593242,0.0646313,0.0065741,0.13265,-0.555405,0.827515,0.0320824,-0.0755994
50473719000,0.0322045,1.60398,0.594583,0.0644541,0.00394852,0.135679,-0.559552,0.824665,0.0322948,-0.0760697
50483719000,0.0328493,1.60401,0.595954,0.0644941,0.000553756,0.138329,-0.563677,0.821801,0.0324948,-0.0765211
50493719000,0.0334958,1.60399,0.59735,0.0648259,-0.00308282,0.1409,-0.567773,0.818928,0.0326842,-0.0769613
50503719000,0.0341425,1.60395,0.598771,0.0645199,-0.00614626,0.143326,-0.571836,0.816048,0.0328582,-0.077385
50513719000,0.0347895,1.60387,0.600217,0.0648918,-0.00985228,0.145953,-0.575867,0.813163,0.0330162,-0.0778037
50523719000,0.0354369,1.60376,0.601691,0.0646134,-0.0121985,0.148783,-0.579867,0.81027,0.0331623,-0.0782117
50533719000,0.0360839,1.60362,0.603189,0.0647925,-0.0157033,0.150919,-0.583847,0.807363,0.0332991,-0.0786073
50543719000,0.033989,1.60987,0.597392,0.0535756,0.00755259,0.119375,-0.587816,0.804435,0.0334229,-0.0789919
50553719000,0.0345254,1.60993,0.598599,0.0536004,0.00505256,0.121909,-0.591778,0.801483,0.0335326,-0.0793735
50563719000,0.0350628,1.60997,0.59983,0.0538477,0.00298005,0.124386,-0.59575,0.798492,0.0336292,-0.07976
50573719000,0.0355937,1.60998,0.601077,0.0523205,-0.00114429,0.124898,-0.599711,0.795479,0.0337208,-0.080145
50583719000,0.0361188,1.60996,0.602343,0.0527153,-0.00213545,0.128362,-0.603683,0.792427,0.0337894,-0.0805257
50593719000,0.0366432,1.60993,0.603635,0.0521771,-0.00409527,0.130117,-0.607662,0.789339,0.033849,-0.0809006
50603719000,0.0371656,1.60988,0.604945,0.0523225,-0.00695364,0.131821,-0.611651,0.786212,0.0339025,-0.0812701
50613719000,0.0376933,1.6098,0.606273,0.0532434,-0.00854279,0.133791,-0.615658,0.783038,0.0339414,-0.0816342
50623719000,0.0382273,1.6097,0.607616,0.0535635,-0.0108598,0.13473,-0.619673,0.779827,0.033958,-0.0819939
50633719000,0.0332228,1.61713,0.604472,0.0325794,0.0170759,0.117087,-0.623706,0.776567,0.0339544,-0.0823511
50643719000,0.0300342,1.62209,0.602778,0.0191848,0.0343731,0.106005,-0.627742,0.773273,0.033926,-0.082689
50653719000,0.0302313,1.62241,0.603845,0.0200763,0.0322946,0.107212,-0.631779,0.769946,0.0338726,-0.083005
50663719000,0.0304345,1.62273,0.604922,0.0205119,0.0310405,0.108274,-0.635817,0.766588,0.0337855,-0.0832951
50673719000,0.0306428,1.62303,0.606011,0.0211512,0.0293378,0.109505,-0.639857,0.763194,0.0336687,-0.0835705
50683719000,0.030857,1.62332,0.607111,0.0217037,0.0281339,0.110454,-0.643896,0.759768,0.0335203,-0.0838261
50693719000,0.0310763,1.62359,0.608221,0.0221583,0.0268288,0.111529,-0.647934,0.756309,0.0333477,-0.0840605
50703719000,0.0288199,1.6291,0.603151,0.0128112,0.0463361,0.0854776,-0.651964,0.752825,0.0331316,-0.0842634
50713719000,0.0289525,1.62956,0.604009,0.0135877,0.0452505,0.0861309,-0.655973,0.749325,0.0328864,-0.0844378
50723719000,0.0290932,1.63,0.604871,0.0145143,0.04373,0.0863333,-0.659964,0.745809,0.0326091,-0.084579
50733719000,0.0292423,1.63043,0.605736,0.0153135,0.0422993,0.086667,-0.663931,0.74228,0.0322933,-0.0846923
50743719000,0.0293989,1.63085,0.606604,0.0160071,0.0409673,0.0868868,-0.66787,0.738745,0.0319375,-0.0847682
50753719000,0.0295617,1.63125,0.607473,0.0165831,0.0397172,0.0868747,-0.671781,0.735201,0.0315493,-0.084818
50763719000,0.0297304,1.63164,0.608343,0.0171642,0.0383357,0.0870749,-0.675663,0.731652,0.0311245,-0.084832
50773719000,0.0299054,1.63202,0.609215,0.0178559,0.0375097,0.0873263,-0.679508,0.728105,0.0306571,-0.0848089
50783719000,0.0300875,1.6324,0.610088,0.0185874,0.0367655,0.087273,-0.683315,0.724561,0.0301556,-0.0847518
50793719000,0.0302776,1.63276,0.610959,0.0194472,0.0354648,0.0869447,-0.68708,0.721025,0.0296068,-0.0846568
50803719000,0.0304761,1.63311,0.611826,0.0202898,0.0344915,0.0864337,-0.690802,0.7175,0.0290166,-0.0845265
50813719000,0.0306826,1.63345,0.612691,0.0210295,0.0339818,0.0866564,-0.694469,0.713996,0.0283865,-0.0843618
50823719000,0.0308955,1.63379,0.613557,0.021566,0.0337678,0.0865678,-0.69808,0.710519,0.0277014,-0.0841436
50833719000,0.0311132,1.63413,0.614421,0.0219966,0.0336026,0.0861734,-0.701624,0.70708,0.0269704,-0.0838762
50843719000,0.0313368,1.63447,0.615282,0.0227403,0.034012,0.0860313,-0.705097,0.703684,0.0261918,-0.0835496
50853719000,0.0315673,1.63481,0.616141,0.0233799,0.0344726,0.0857644,-0.708504,0.70033,0.0253629,-0.0831709
50863719000,0.0311772,1.64134,0.623422,0.0215923,0.0583994,0.11059,-0.711847,0.697015,0.0244869,-0.08273
50873719000,0.031023,1.64543,0.628412,0.0208206,0.0727378,0.125808,-0.715129,0.693738,0.0235678,-0.0822348
50883719000,0.0312355,1.64616,0.629671,0.0215078,0.0738471,0.126091,-0.718362,0.690489,0.0226094,-0.0816748
50893719000,0.0314539,1.6469,0.630933,0.0221146,0.0753541,0.126182,-0.721554,0.687256,0.021615,-0.0810625
50903719000,0.0316783,1.64766,0.632194,0.022766,0.076687,0.126077,-0.724699,0.68405,0.0205817,-0.0803943
50913719000,0.0319101,1.64844,0.633451,0.0236005,0.0778317,0.125375,-0.727809,0.680858,0.0195097,-0.0796629
50923719000,0.0321481,1.64922,0.634704,0.0240057,0.0791871,0.125084,-0.730891,0.677672,0.0183991,-0.0788724
50933719000,0.0323907,1.65002,0.635953,0.0245227,0.0805102,0.12475,-0.733948,0.674488,0.0172566,-0.0780308
50943719000,0.0326378,1.65083,0.637199,0.0249227,0.0815544,0.12453,-0.73698,0.671305,0.0160896,-0.0771454
50953719000,0.0328874,1.65165,0.638444,0.0250002,0.082544,0.124436,-0.739988,0.668121,0.0148931,-0.0762192
50963719000,0.0331382,1.65248,0.639688,0.0251764,0.0828415,0.124257,-0.742966,0.664945,0.013663,-0.075254
50973719000,0.0333888,1.65331,0.640927,0.0249678,0.083008,0.123585,-0.745916,0.661772,0.0124046,-0.0742587
50983719000,0.0336386,1.65414,0.642162,0.025001,0.0832195,0.123448,-0.748838,0.658601,0.0111206,-0.0732377
50993719000,0.0338874,1.65498,0.643394,0.02478,0.0830693,0.122903,-0.751729,0.655435,0.00981524,-0.0721961
51003719000,0.0341351,1.65581,0.644621,0.0247679,0.0829454,0.122627,-0.75459,0.652274,0.00849662,-0.0711347
51013719000,0.0343806,1.65663,0.645846,0.0243528,0.0826236,0.122282,-0.757425,0.649113,0.00716563,-0.0700573
51023719000,0.0346212,1.65746,0.647068,0.0237724,0.082011,0.122161,-0.76022,0.645967,0.00582259,-0.0689772
51033719000,0.0348563,1.65828,0.648286,0.023268,0.0812675,0.121491,-0.762983,0.642828,0.00446703,-0.0678846
51043719000,0.0350931,1.65909,0.649505,0.0241218,0.0820956,0.122271,-0.765687,0.639729,0.00311967,-0.0667847
51053719000,0.0353332,1.6599,0.650715,0.0238943,0.0800721,0.119763,-0.768351,0.636648,0.00176431,-0.0656788
51063719000,0.0355698,1.6607,0.651905,0.0234537,0.0796032,0.118112,-0.770994,0.633561,0.00041106,-0.0645632
51073719000,0.0358039,1.66149,0.653071,0.0233806,0.0783853,0.115068,-0.773606,0.630481,-0.000946201,-0.063448
51083719000,0.0360321,1.66227,0.654202,0.0222722,0.0771967,0.11119,-0.776184,0.627413,-0.00229671,-0.0623413
51093719000,0.0362556,1.66304,0.65532,0.0224502,0.0765287,0.112401,-0.778722,0.624363,-0.00364491,-0.0612418
51103719000,0.0364758,1.66381,0.656447,0.0215994,0.0764615,0.11298,-0.781235,0.621313,-0.00499759,-0.0601341
51113719000,0.0366904,1.66457,0.657582,0.021333,0.0756273,0.114133,-0.783725,0.618263,-0.00634574,-0.0590382
51123719000,0.0369013,1.66532,0.658722,0.0208796,0.0748619,0.113809,-0.786191,0.615212,-0.00768844,-0.0579541
51133719000,0.0371083,1.66606,0.659854,0.020526,0.0731839,0.11266,-0.788636,0.612157,-0.00902105,-0.0568826
51143719000,0.0373112,1.66679,0.660979,0.0200757,0.0719728,0.112328,-0.79106,0.609098,-0.0103461,-0.0558243
51153719000,0.0375111,1.6675,0.662096,0.0199187,0.0701886,0.111066,-0.793465,0.606034,-0.0116542,-0.054786
51163719000,0.0377077,1.6682,0.663205,0.0194124,0.069185,0.11071,-0.79585,0.602964,-0.0129561,-0.0537503
51173719000,0.0175268,1.6676,0.665122,-0.0429352,0.0635761,0.112593,-0.798212,0.599895,-0.0142521,-0.052741
51183719000,0.0170962,1.66822,0.666244,-0.043397,0.0621387,0.111845,-0.800554,0.596822,-0.0155325,-0.0517371
51193719000,0.0166618,1.66883,0.667358,-0.0435581,0.0602089,0.11092,-0.802874,0.593745,-0.0167988,-0.0507614
51203719000,0.0162242,1.66943,0.668461,-0.0439839,0.0587371,0.109715,-0.805174,0.590668,-0.0180492,-0.0498008
51213719000,0.0157842,1.67,0.669554,-0.0440246,0.0568128,0.108773,-0.807449,0.587594,-0.0192842,-0.0488677
51223719000,0.0153422,1.67056,0.670634,-0.0443655,0.0550928,0.107324,-0.809697,0.584526,-0.0205064,-0.0479453
51233719000,0.0148967,1.6711,0.671701,-0.0447186,0.0530027,0.106137,-0.811919,0.581466,-0.0217194,-0.047041
51243719000,0.00233279,1.67555,0.672835,-0.0812685,0.0630075,0.105494,-0.81411,0.57842,-0.0229231,-0.046158
51253719000,0.00151836,1.67616,0.673882,-0.0818099,0.0612755,0.103861,-0.81627,0.575388,-0.0240957,-0.0452899
51263719000,0.00069909,1.67676,0.674911,-0.0821096,0.0596228,0.102033,-0.818401,0.57237,-0.0252476,-0.0444378
51273719000,-0.000123842,1.67735,0.675923,-0.0824918,0.0581411,0.100272,-0.820504,0.569365,-0.0263776,-0.0436054
51283719000,-0.000951413,1.67793,0.676917,-0.0830183,0.0566869,0.0986395,-0.822578,0.566374,-0.027489,-0.0427876
51293719000,-0.00178383,1.67849,0.677895,-0.083454,0.0551638,0.0968514,-0.824621,0.563401,-0.0285873,-0.0419808
51303719000,-0.00262201,1.67903,0.678856,-0.0841683,0.0535971,0.0953552,-0.826637,0.560442,-0.0296701,-0.0411883
51313719000,-0.00346578,1.67956,0.679802,-0.0845697,0.052057,0.0938505,-0.828623,0.5575,-0.0307307,-0.0404172
51323719000,-0.011973,1.68365,0.68624,-0.107966,0.0615391,0.108362,-0.830582,0.554573,-0.0317743,-0.0396622
51333719000,-0.0130552,1.68425,0.687313,-0.108629,0.0596366,0.10618,-0.832509,0.551669,-0.0327902,-0.038919
51343719000,-0.0185607,1.68712,0.6921,-0.122397,0.0658139,0.116925,-0.834403,0.548791,-0.0337925,-0.0381857
51353719000,-0.0197884,1.68777,0.693262,-0.123287,0.0647436,0.115257,-0.836268,0.545932,-0.0347729,-0.0374672
51363719000,-0.0210232,1.68841,0.694409,-0.123712,0.0638746,0.114194,-0.838103,0.543099,-0.0357345,-0.0367516
51373719000,-0.0222627,1.68904,0.695545,-0.124197,0.0625941,0.113127,-0.839904,0.540294,-0.0366762,-0.0360524
51383719000,-0.0235072,1.68966,0.696667,-0.12469,0.0617734,0.111117,-0.84167,0.53752,-0.0375971,-0.035363
51393719000,-0.0247597,1.69028,0.611068,-0.125323,0.0607553,0.0717355,-0.843397,0.534785,-0.038505,-0.0346919
51403719000,-0.0260161,1.69088,0.611777,-0.125952,0.0596526,0.0699265,-0.845092,0.532081,-0.0394005,-0.0340246
51413719000,-0.0461478,1.69705,0.618562,-0.186423,0.0764784,0.098381,-0.84676,0.529395,-0.0403002,-0.0333808
51423719000,-0.0480137,1.69781,0.619534,-0.18687,0.0754286,0.0958942,-0.848396,0.526742,-0.0411678,-0.0327424
51433719000,-0.0498878,1.69855,0.620491,-0.187973,0.0729175,0.0956499,-0.850005,0.524113,-0.0420235,-0.03212
51443719000,-0.0517676,1.69927,0.62141,-0.187986,0.0717971,0.0880927,-0.851614,0.521464,-0.0428439,-0.0315173
51453719000,-0.0536525,1.69998,0.622259,-0.189008,0.0698236,0.0816228,-0.853191,0.518846,-0.04368,-0.0309332
51463719000,-0.0555344,1.70067,0.623051,-0.187362,0.0677461,0.0767707,-0.854753,0.516233,-0.0444891,-0.030353
51473719000,-0.0574131,1.70134,0.623793,-0.188363,0.0656819,0.0717982,-0.856288,0.513645,-0.0453141,-0.0297846
51483719000,-0.0592958,1.70199,0.624488,-0.188159,0.0639539,0.067031,-0.857796,0.511083,-0.0461025,-0.0292366
51493719000,-0.0889564,1.71313,0.62756,-0.279678,0.0977422,0.0788775,-0.859277,0.508544,-0.0469124,-0.0287205
51503719000,-0.0917574,1.7141,0.628333,-0.280607,0.0968337,0.0756817,-0.860738,0.506026,-0.0476635,-0.0282016
51513719000,-0.0945639,1.71507,0.629089,-0.280743,0.0966307,0.0755501,-0.862177,0.503525,-0.04843,-0.0276982
51523719000,-0.0973744,1.71603,0.629833,-0.281349,0.0958295,0.0731527,-0.863597,0.501039,-0.0491923,-0.0272144
51533719000,-0.100193,1.71699,0.630555,-0.282299,0.0954749,0.0713853,-0.864994,0.498573,-0.0499536,-0.0267402
51543719000,-0.10302,1.71794,0.631266,-0.283103,0.0948555,0.0707819,-0.866374,0.49612,-0.0507011,-0.0262896
51553719000,-0.105857,1.71889,0.631969,-0.284343,0.0944974,0.0698841,-0.867739,0.493676,-0.0514305,-0.0258549
51563719000,-0.108704,1.71983,0.632665,-0.284994,0.093864,0.0693225,-0.869084,0.491248,-0.0521495,-0.0254508
51573719000,-0.11156,1.72077,0.633358,-0.286317,0.0937625,0.0692572,-0.870413,0.488832,-0.0528719,-0.0250597
51583719000,-0.114427,1.7217,0.634046,-0.287091,0.0933166,0.0683597,-0.871732,0.486419,-0.0535776,-0.0246868
51593719000,-0.117304,1.72264,0.63473,-0.288294,0.0931995,0.0684302,-0.873036,0.484013,-0.0542825,-0.0243316
51603719000,-0.120192,1.72357,0.63541,-0.289182,0.0930061,0.0675663,-0.874328,0.481615,-0.0549704,-0.0240003
51613719000,-0.123089,1.7245,0.636086,-0.290275,0.09294,0.0674972,-0.875608,0.479221,-0.0556532,-0.0236834
51623719000,-0.125996,1.72543,0.636758,-0.291018,0.0925527,0.0670005,-0.876879,0.476828,-0.0563296,-0.0233758
51633719000,-0.128911,1.72635,0.637426,-0.291928,0.0925333,0.0666561,-0.87814,0.474434,-0.0570097,-0.0230805
51643719000,-0.131834,1.72728,0.638092,-0.292694,0.0920927,0.0665306,-0.879392,0.47204,-0.0576851,-0.0228021
51653719000,-0.134765,1.7282,0.638755,-0.293599,0.0918739,0.0660296,-0.880639,0.469638,-0.0583664,-0.0225335
51663719000,-0.137705,1.72911,0.639413,-0.294416,0.091664,0.0655909,-0.881876,0.467238,-0.059045,-0.0222856
51673719000,-0.140652,1.73003,0.640066,-0.29493,0.091333,0.0648871,-0.883106,0.464835,-0.0597202,-0.0220446
51683719000,-0.143605,1.73094,0.640713,-0.295687,0.0911756,0.0646656,-0.884332,0.462421,-0.0603982,-0.0218173
51693719000,-0.146565,1.73185,0.641358,-0.296282,0.0910068,0.0643343,-0.88555,0.460004,-0.0610743,-0.0215983
51703719000,-0.149532,1.73276,0.642002,-0.297118,0.0907804,0.064492,-0.886769,0.457568,-0.0617529,-0.0213917
51713719000,-0.152507,1.73367,0.642649,-0.297821,0.0906343,0.0647771,-0.887995,0.455103,-0.0624352,-0.0211908
51723719000,-0.155488,1.73458,0.6433,-0.298367,0.0902985,0.0654219,-0.889233,0.452592,-0.0631174,-0.0210038
51733719000,-0.158477,1.73548,0.643957,-0.299311,0.0899513,0.0659717,-0.890485,0.450036,-0.0638049,-0.0208299
51743719000,-0.161473,1.73637,0.644621,-0.299963,0.0893722,0.0669293,-0.89175,0.447431,-0.0644951,-0.0206673
51753719000,-0.164477,1.73727,0.645295,-0.300791,0.0889883,0.0678046,-0.893037,0.444763,-0.0651967,-0.0205057
51763719000,-0.167488,1.73815,0.645978,-0.301426,0.088408,0.0687495,-0.894344,0.442029,-0.0659065,-0.0203633
51773719000,-0.170506,1.73904,0.646671,-0.302157,0.0876919,0.0699221,-0.895676,0.439223,-0.0666235,-0.0202364
51783719000,-0.173529,1.73991,0.647376,-0.30251,0.0869038,0.0710728,-0.897028,0.436348,-0.0673467,-0.02012
51793719000,-0.176558,1.74078,0.648094,-0.303107,0.0863115,0.0725159,-0.898407,0.433392,-0.068089,-0.0200154
51803719000,-0.17959,1.74163,0.648825,-0.303359,0.0854806,0.0737227,-0.899811,0.430353,-0.06884,-0.0199211
51813719000,-0.182624,1.74249,0.649567,-0.303366,0.0848679,0.0746384,-0.901241,0.427231,-0.0696,-0.0198338
51823719000,-0.185659,1.74333,0.650318,-0.303677,0.0840984,0.0755861,-0.902698,0.424022,-0.0703693,-0.0197501
51833719000,-0.188696,1.74417,0.65108,-0.303721,0.0834638,0.076698,-0.904173,0.420741,-0.0711408,-0.0196674
51843719000,-0.191734,1.745,0.651852,-0.303859,0.0828952,0.0777397,-0.905669,0.417382,-0.0719242,-0.0195897
51853719000,-0.194774,1.74583,0.652633,-0.30416,0.0823761,0.0785927,-0.907186,0.41394,-0.0727086,-0.0195148
51863719000,-0.197816,1.74665,0.653423,-0.304148,0.0818081,0.0793247,-0.90872,0.410422,-0.0735038,-0.0194472
51873719000,-0.157401,1.72256,0.671548,-0.19002,0.0157261,0.129865,-0.910268,0.406838,-0.0742971,-0.0193749
51883719000,-0.1593,1.7227,0.672851,-0.190075,0.0152804,0.130669,-0.911827,0.403182,-0.0751182,-0.0193133
51893719000,-0.141182,1.71116,0.681964,-0.137743,-0.0158419,0.153608,-0.913396,0.399465,-0.0759311,-0.019251
51903719000,-0.142558,1.71099,0.683503,-0.137593,-0.0162416,0.154196,-0.914972,0.395683,-0.0767634,-0.0192042
51913719000,-0.143932,1.71082,0.685045,-0.137462,-0.016614,0.154086,-0.916556,0.391839,-0.0775894,-0.0191584
51923719000,-0.145306,1.71065,0.686587,-0.137297,-0.0166672,0.154348,-0.918143,0.38794,-0.0784179,-0.0191147
51933719000,-0.146679,1.71049,0.688131,-0.137344,-0.0169464,0.154469,-0.919733,0.383987,-0.0792506,-0.0190733
51943719000,-0.148052,1.71031,0.689675,-0.137247,-0.017182,0.154443,-0.921328,0.379973,-0.0800827,-0.0190262
51953719000,-0.149425,1.71014,0.691219,-0.137199,-0.0174438,0.154323,-0.922928,0.375895,-0.0809123,-0.0189675
51963719000,-0.150796,1.70997,0.692762,-0.137029,-0.0176188,0.154194,-0.924529,0.371762,-0.0817487,-0.018905
51973719000,-0.152165,1.70979,0.694301,-0.136855,-0.0179745,0.153603,-0.926126,0.367579,-0.0825943,-0.0188308
51983719000,-0.153533,1.70961,0.695834,-0.136568,-0.0183011,0.153123,-0.927723,0.363339,-0.083443,-0.0187486
51993719000,-0.144121,1.69,0.718827,-0.107023,-0.0716802,0.214609,-0.929316,0.359054,-0.0842834,-0.0186546
52003719000,-0.145189,1.68927,0.72097,-0.106983,-0.0719794,0.214052,-0.930916,0.354689,-0.0851339,-0.018557
52013719000,-0.146258,1.68855,0.723109,-0.106764,-0.0725026,0.213718,-0.932516,0.35026,-0.0859788,-0.0184518
52023719000,-0.147324,1.68782,0.725245,-0.106479,-0.0730134,0.213547,-0.934116,0.345764,-0.0868262,-0.0183349
52033719000,-0.148388,1.68708,0.727381,-0.106383,-0.0737181,0.213497,-0.935719,0.341192,-0.0876692,-0.0182075
52043719000,-0.149451,1.68634,0.729517,-0.106082,-0.0745319,0.21373,-0.937325,0.336544,-0.0885097,-0.0180725
52053719000,-0.150509,1.68559,0.731654,-0.105687,-0.0754216,0.213666,-0.938928,0.331829,-0.0893461,-0.0179321
52063719000,-0.151565,1.68484,0.733788,-0.1055,-0.0762232,0.213245,-0.940534,0.327029,-0.0901768,-0.0177846
52073719000,-0.152619,1.68407,0.735919,-0.105196,-0.0772704,0.212833,-0.942137,0.322157,-0.0910033,-0.0176375
52083719000,-0.15367,1.68329,0.738044,-0.105027,-0.078063,0.212238,-0.943734,0.317218,-0.0918336,-0.0174869
52093719000,-0.142195,1.68481,0.727074,-0.0697995,-0.0727721,0.173508,-0.945325,0.312212,-0.0926512,-0.0173277
52103719000,-0.142891,1.68407,0.728805,-0.0695392,-0.0738525,0.172816,-0.946911,0.307129,-0.0934676,-0.0171663
52113719000,-0.136261,1.68472,0.72277,-0.048732,-0.0710431,0.149159,-0.948487,0.301984,-0.0942768,-0.0170043
52123719000,-0.136746,1.684,0.724258,-0.0485277,-0.0723007,0.148471,-0.950053,0.296771,-0.0950914,-0.0168484
52133719000,-0.137229,1.68326,0.725741,-0.0481455,-0.0733938,0.148051,-0.951605,0.291498,-0.0959012,-0.016695
52143719000,-0.137709,1.68253,0.727218,-0.0478679,-0.0742968,0.147294,-0.953146,0.286159,-0.0967082,-0.016547
52153719000,-0.138187,1.68178,0.728684,-0.0476789,-0.0751506,0.146075,-0.954673,0.280754,-0.0975056,-0.0163986
52163719000,-0.138663,1.68102,0.73014,-0.0475718,-0.0760035,0.144946,-0.956183,0.275297,-0.0982927,-0.0162564
52173719000,-0.139138,1.68026,0.73157,-0.0473814,-0.0759103,0.141058,-0.95767,0.269805,-0.0990666,-0.0161139
52183719000,-0.139609,1.67951,0.732962,-0.0468311,-0.0755274,0.137478,-0.959128,0.264291,-0.0998385,-0.0159787
52193719000,-0.135497,1.68207,0.726915,-0.0324149,-0.0649906,0.110371,-0.960559,0.258757,-0.100598,-0.015842
52203719000,-0.135818,1.68142,0.728003,-0.0318969,-0.0647994,0.107317,-0.961956,0.25322,-0.101358,-0.015709
52213719000,-0.136136,1.68076,0.729066,-0.031686,-0.0648727,0.105309,-0.963321,0.247678,-0.102108,-0.0155797
52223719000,-0.136452,1.68012,0.73011,-0.0316319,-0.0647426,0.103523,-0.964652,0.242136,-0.102846,-0.0154499
52233719000,-0.136769,1.67947,0.731136,-0.0317965,-0.0646608,0.101682,-0.965951,0.236595,-0.103575,-0.0153223
52243719000,-0.137098,1.67884,0.732132,-0.0338378,-0.0608242,0.0975034,-0.967222,0.231031,-0.104285,-0.0152017
52253719000,-0.137434,1.67822,0.733117,-0.0334418,-0.0637983,0.0993705,-0.968453,0.2255,-0.104974,-0.0151084
52263719000,-0.137768,1.67757,0.734114,-0.0333603,-0.0656094,0.100049,-0.969649,0.219977,-0.105669,-0.0150111
52273719000,-0.138107,1.67691,0.735113,-0.034299,-0.0670425,0.0997511,-0.970801,0.214511,-0.10634,-0.0149348
52283719000,-0.138451,1.67624,0.736117,-0.0346415,-0.0676272,0.101171,-0.971917,0.209068,-0.106988,-0.0148589
52293719000,-0.1388,1.67556,0.737134,-0.0350223,-0.0688696,0.10214,-0.972996,0.203657,-0.107626,-0.0147922
52303719000,-0.139154,1.67487,0.738154,-0.0358546,-0.0681115,0.101816,-0.974035,0.198291,-0.10825,-0.0147394
52313719000,-0.134341,1.67647,0.734539,-0.0191358,-0.060918,0.0864405,-0.975033,0.192986,-0.108861,-0.0147022
52323719000,-0.131511,1.67719,0.732645,-0.0124305,-0.0528041,0.0761751,-0.975988,0.187746,-0.109466,-0.0146777
52333719000,-0.131639,1.67665,0.733421,-0.0134586,-0.0536686,0.0791473,-0.976904,0.182578,-0.110044,-0.0146606
52343719000,-0.131766,1.67609,0.73426,-0.0119008,-0.0566993,0.088467,-0.977776,0.177481,-0.110637,-0.0146581
52353719000,-0.131896,1.67551,0.735163,-0.0142297,-0.0597584,0.0922148,-0.978604,0.172493,-0.111199,-0.0146742
52363719000,-0.132036,1.67488,0.736131,-0.0137782,-0.0664298,0.101442,-0.979388,0.167613,-0.111753,-0.0147018
52373719000,-0.132177,1.6742,0.737167,-0.0142755,-0.0691024,0.105772,-0.980139,0.162791,-0.112295,-0.0147251
52383719000,-0.132326,1.67351,0.738242,-0.0156042,-0.0687679,0.109245,-0.980852,0.158058,-0.112822,-0.0147658
52393719000,-0.132493,1.67283,0.588605,-0.0162699,-0.0685927,0.0520973,-0.981532,0.153394,-0.113342,-0.0148185
52403719000,-0.132656,1.67214,0.589135,-0.0162556,-0.0688742,0.0539339,-0.982172,0.148839,-0.113857,-0.0148835
52413719000,-0.132823,1.67145,0.589677,-0.0172132,-0.0694193,0.0543342,-0.982779,0.144369,-0.114363,-0.0149624
52423719000,-0.132999,1.67075,0.590233,-0.0178681,-0.0705197,0.0568723,-0.983355,0.139979,-0.11486,-0.0150577
52433719000,-0.130336,1.67299,0.590341,-0.00830661,-0.0629534,0.0573431,-0.983899,0.135675,-0.115345,-0.0151782
52443719000,-0.130418,1.67235,0.590924,-0.00822809,-0.0642883,0.0593386,-0.984413,0.131457,-0.115825,-0.0153142
52453719000,-0.130499,1.6717,0.591524,-0.00807537,-0.0659898,0.0605606,-0.984898,0.127317,-0.11631,-0.015468
52463719000,-0.130581,1.67104,0.592141,-0.00820654,-0.0667735,0.0627968,-0.985353,0.123259,-0.116804,-0.0156248
52473719000,-0.130661,1.67036,0.592777,-0.00792493,-0.0677817,0.0644794,-0.985781,0.119283,-0.117299,-0.015791
52483719000,-0.13074,1.66968,0.593435,-0.00770108,-0.0687282,0.0671743,-0.986181,0.115388,-0.117803,-0.0159691
52493719000,-0.130814,1.66899,0.59412,-0.00709662,-0.0699797,0.069827,-0.986556,0.111561,-0.118327,-0.0161564
52503719000,-0.130881,1.66828,0.594831,-0.00645413,-0.0713126,0.0723901,-0.986907,0.107793,-0.118866,-0.0163471
52513719000,-0.130945,1.66757,0.595566,-0.00632489,-0.0719257,0.074494,-0.987235,0.104083,-0.119414,-0.0165377
52523719000,-0.131008,1.66684,0.596321,-0.00624713,-0.0724674,0.0764674,-0.987542,0.100438,-0.119973,-0.016737
52533719000,-0.129008,1.67063,0.595085,0.000556458,-0.0580123,0.0698503,-0.987826,0.096865,-0.120537,-0.0169381
52543719000,-0.127751,1.6728,0.594428,0.00466264,-0.0481158,0.0655972,-0.98809,0.0933749,-0.121104,-0.0171443
52553719000,-0.127704,1.67231,0.595095,0.0045457,-0.0475576,0.0677613,-0.988329,0.0899898,-0.121682,-0.0173605
52563719000,-0.127659,1.67184,0.59578,0.00438758,-0.046343,0.0694005,-0.988546,0.0867087,-0.122261,-0.0176001
52573719000,-0.127615,1.67138,0.596483,0.00442455,-0.0454457,0.0711886,-0.988744,0.083535,-0.122837,-0.0178447
52583719000,-0.127571,1.67093,0.597204,0.0043854,-0.0445281,0.0729475,-0.988922,0.080456,-0.123418,-0.0180977
52593719000,-0.127528,1.67049,0.597945,0.00420255,-0.0441291,0.0751744,-0.989085,0.0774539,-0.123994,-0.0183504
52603719000,-0.127487,1.67005,0.598707,0.00394143,-0.0434433,0.0772779,-0.989235,0.0745043,-0.124568,-0.018612
52613719000,-0.127451,1.66962,0.599492,0.00328951,-0.0425979,0.0796802,-0.989371,0.0716032,-0.125143,-0.0188747
52623719000,-0.127421,1.6692,0.600299,0.00267282,-0.0422831,0.0817993,-0.989498,0.0687338,-0.125713,-0.0191479
52633719000,-0.126632,1.67116,0.597955,0.00444242,-0.0335591,0.070368,-0.989613,0.0658921,-0.126281,-0.0194239
52643719000,-0.126591,1.67083,0.59867,0.003588,-0.033282,0.0725218,-0.989721,0.0630617,-0.126835,-0.0197047
52653719000,-0.126561,1.6705,0.599405,0.00247087,-0.0326959,0.0745081,-0.989822,0.0602369,-0.127371,-0.0200051
52663719000,-0.126542,1.67017,0.600159,0.00130924,-0.0319906,0.0764436,-0.989919,0.0573949,-0.127877,-0.0203247
52673719000,-0.126534,1.66986,0.600932,0.000204665,-0.0312149,0.0780717,-0.990011,0.0545369,-0.128363,-0.020661
52683719000,-0.126538,1.66955,0.601719,-0.000912565,-0.0302849,0.0792503,-0.990098,0.051663,-0.128823,-0.020999
52693719000,-0.126554,1.66925,0.602517,-0.00236213,-0.0291744,0.0804448,-0.99018,0.0487654,-0.129271,-0.0213387
52703719000,-0.126584,1.66897,0.603326,-0.00356987,-0.0280279,0.081395,-0.990258,0.0458319,-0.129688,-0.0216721
52713719000,-0.126625,1.6687,0.604146,-0.00468973,-0.0264185,0.0824463,-0.990333,0.0428535,-0.130074,-0.0220118
52723719000,-0.126677,1.66844,0.604974,-0.00565332,-0.0244869,0.0831861,-0.990405,0.0398262,-0.13043,-0.022351
52733719000,-0.126739,1.66821,0.605812,-0.0067779,-0.0219368,0.0845043,-0.990473,0.0367553,-0.130757,-0.0226886
52743719000,-0.126813,1.668,0.606663,-0.00789685,-0.0199816,0.0857148,-0.990536,0.0336663,-0.131055,-0.0230235
52753719000,-0.126292,1.66927,0.602219,-0.00706803,-0.0126384,0.06492,-0.990593,0.0305703,-0.131321,-0.0233679
52763719000,-0.126369,1.66915,0.602867,-0.00842845,-0.010906,0.0648146,-0.990645,0.0274632,-0.131553,-0.0237143
52773719000,-0.125919,1.66969,0.600192,-0.00771287,-0.00617644,0.0510339,-0.990694,0.0243553,-0.131735,-0.0240596
52783719000,-0.126006,1.66964,0.600697,-0.00969126,-0.00356892,0.0498593,-0.990736,0.0212712,-0.131885,-0.0244037
52793719000,-0.126109,1.66962,0.601194,-0.0110269,-0.00105125,0.0497228,-0.990773,0.0182363,-0.132,-0.0247451
52803719000,-0.126231,1.66962,0.601694,-0.0133215,0.00116542,0.0502389,-0.990806,0.0152642,-0.132067,-0.0250921
52813719000,-0.126369,1.66964,0.602204,-0.0143059,0.00265029,0.0517135,-0.990834,0.0123562,-0.13209,-0.0254471
52823719000,-0.126514,1.66966,0.602727,-0.0147585,0.00293502,0.0528593,-0.990859,0.00952447,-0.132069,-0.0258138
52833719000,-0.126664,1.6697,0.60326,-0.0152015,0.00406662,0.0537519,-0.990879,0.00676681,-0.13201,-0.0261892
52843719000,-0.126818,1.66975,0.603799,-0.015565,0.00521884,0.0540873,-0.990896,0.00406905,-0.131922,-0.0265629
52853719000,-0.127182,1.66994,0.601133,-0.0169669,0.00678059,0.0418862,-0.990909,0.00144482,-0.131798,-0.0269461
52863719000,-0.127356,1.67001,0.601552,-0.0176671,0.00788102,0.0420906,-0.990919,-0.00111018,-0.131647,-0.0273342
52873719000,-0.127535,1.6701,0.601976,-0.0181927,0.00872912,0.0426949,-0.990926,-0.00359345,-0.131467,-0.0277364
52883719000,-0.127721,1.67019,0.602405,-0.0189393,0.00929842,0.0429467,-0.990931,-0.00600576,-0.131255,-0.0281482
52893719000,-0.127911,1.67028,0.602835,-0.0190967,0.010104,0.0430638,-0.990935,-0.0083422,-0.131006,-0.0285755
52903719000,-0.128102,1.67039,0.603266,-0.0191111,0.0105415,0.0432386,-0.990936,-0.010593,-0.130731,-0.0290175
52913719000,-0.128293,1.6705,0.6037,-0.0191278,0.0111226,0.0434758,-0.990937,-0.0127646,-0.130428,-0.0294734
52923719000,-0.128483,1.67061,0.604136,-0.0188427,0.0112414,0.0437947,-0.990938,-0.0148515,-0.130095,-0.029938
52933719000,-0.128673,1.67073,0.604574,-0.019131,0.0120992,0.0438613,-0.990939,-0.0168475,-0.129737,-0.0304103
52943719000,-0.128865,1.67085,0.605012,-0.0193659,0.0129304,0.043772,-0.99094,-0.018752,-0.129354,-0.0308916
52953719000,-0.12906,1.67099,0.605448,-0.0196448,0.0140661,0.0433017,-0.990942,-0.0205484,-0.128944,-0.0313851
52963719000,-0.129257,1.67113,0.605878,-0.0197863,0.0152598,0.0427875,-0.990947,-0.0222401,-0.128501,-0.0318909
52973719000,-0.130541,1.67284,0.604017,-0.0237366,0.0220111,0.0335137,-0.990954,-0.0238219,-0.128036,-0.0324107
52983719000,-0.131427,1.67392,0.603017,-0.0261505,0.0266478,0.0272811,-0.990964,-0.0252782,-0.127542,-0.032938
52993719000,-0.13169,1.6742,0.603283,-0.0264757,0.0285183,0.026066,-0.990978,-0.0266078,-0.127019,-0.0334769
53003719000,-0.131958,1.67449,0.603536,-0.0269374,0.0306264,0.024442,-0.990998,-0.0277911,-0.126461,-0.0340237
53013719000,-0.13223,1.67481,0.603771,-0.0275477,0.0328353,0.0226528,-0.991026,-0.0288128,-0.125866,-0.0345822
53023719000,-0.132509,1.67515,0.603987,-0.0281704,0.0353689,0.0205532,-0.99106,-0.0296697,-0.12524,-0.0351501
53033719000,-0.132794,1.67552,0.604184,-0.0289057,0.0377249,0.0187209,-0.991101,-0.0303606,-0.124585,-0.0357272
53043719000,-0.133084,1.6759,0.604364,-0.0291174,0.0394673,0.0172909,-0.99115,-0.0308869,-0.123894,-0.0363135
53053719000,-0.133378,1.67631,0.604531,-0.0295942,0.041333,0.0161414,-0.991206,-0.0312675,-0.123174,-0.0369013
53063719000,-0.134474,1.67811,0.604831,-0.0325762,0.0483062,0.0155807,-0.991269,-0.0315181,-0.122423,-0.0374953
53073719000,-0.134801,1.6786,0.604982,-0.0328048,0.0502553,0.0144641,-0.991337,-0.0316546,-0.121646,-0.0380904
53083719000,-0.135131,1.67911,0.605122,-0.0330564,0.0519339,0.0136398,-0.991409,-0.031701,-0.120855,-0.0386858
53093719000,-0.135462,1.67963,0.605255,-0.0332314,0.0530651,0.0130112,-0.991485,-0.0316623,-0.120051,-0.039281
53103719000,-0.135795,1.68017,0.605383,-0.0332842,0.0541123,0.0124672,-0.991564,-0.0315712,-0.119224,-0.0398783
53113719000,-0.136127,1.68071,0.605505,-0.0332462,0.054633,0.0120153,-0.991643,-0.0314375,-0.118396,-0.0404686
53123719000,-0.136459,1.68126,0.605623,-0.0331687,0.0548885,0.0115553,-0.991724,-0.0312854,-0.117554,-0.0410628
53133719000,-0.136791,1.68181,0.605737,-0.0331496,0.0549326,0.0112961,-0.991804,-0.0311129,-0.116711,-0.0416555
53143719000,-0.137122,1.68236,0.605849,-0.0330353,0.0550519,0.0110147,-0.991884,-0.0309452,-0.115865,-0.0422419
53153719000,-0.137451,1.68291,0.605957,-0.0329245,0.0550587,0.0106153,-0.991963,-0.0307796,-0.115011,-0.0428245
53163719000,-0.13766,1.68653,0.607661,-0.0323046,0.0660498,0.016201,-0.992042,-0.0306336,-0.114154,-0.0434034
53173719000,-0.137929,1.6891,0.608833,-0.0320068,0.072776,0.0196473,-0.992119,-0.0304961,-0.113297,-0.0439752
53183719000,-0.138249,1.68983,0.609028,-0.0317667,0.07255,0.0192905,-0.992194,-0.0303864,-0.112441,-0.0445437
53193719000,-0.138566,1.69055,0.609219,-0.0315602,0.072285,0.0188979,-0.992268,-0.0303062,-0.111585,-0.0451063
53203719000,-0.138881,1.69127,0.609406,-0.0314602,0.0719775,0.0185773,-0.992339,-0.0302594,-0.110737,-0.0456564
53213719000,-0.139195,1.69199,0.609591,-0.0312835,0.0715226,0.0183231,-0.992408,-0.0302572,-0.109891,-0.0462026
53223719000,-0.139505,1.6927,0.609773,-0.0308984,0.070931,0.0181063,-0.992474,-0.0302937,-0.109055,-0.0467398
53233719000,-0.139812,1.69341,0.609953,-0.0305147,0.0704966,0.0178263,-0.992538,-0.0303635,-0.108224,-0.0472695
53243719000,-0.140115,1.69412,0.610129,-0.0300358,0.0705939,0.0173841,-0.9926,-0.0304719,-0.107392,-0.0477967
53253719000,-0.140412,1.69482,0.610301,-0.0293361,0.0705565,0.0170437,-0.992658,-0.0306249,-0.106571,-0.0483175
53263719000,-0.140702,1.69553,0.61047,-0.0286879,0.0707386,0.0168326,-0.992715,-0.0308228,-0.105747,-0.048828
53273719000,-0.140985,1.69624,0.610637,-0.0280628,0.0709551,0.0165316,-0.99277,-0.0310677,-0.104931,-0.0493255
53283719000,-0.141262,1.69695,0.6108,-0.0273936,0.0712452,0.0160405,-0.992822,-0.0313555,-0.104117,-0.0498005
53293719000,-0.142335,1.70048,0.612499,-0.0299018,0.0824527,0.0214473,-0.992873,-0.0316893,-0.103314,-0.0502594
53303719000,-0.142631,1.7013,0.61271,-0.0291291,0.0828863,0.02086,-0.99292,-0.032073,-0.102527,-0.0506993
53313719000,-0.14292,1.70213,0.612916,-0.0285489,0.0832536,0.0202174,-0.992964,-0.0325094,-0.101748,-0.0511248
53323719000,-0.143201,1.70296,0.613118,-0.0275584,0.0827172,0.0203073,-0.993004,-0.0330059,-0.100984,-0.0515324
53333719000,-0.143472,1.70379,0.613323,-0.0268032,0.0820575,0.0204956,-0.993042,-0.0335499,-0.100233,-0.0519152
53343719000,-0.143736,1.70461,0.613527,-0.0260562,0.0818373,0.0204717,-0.993077,-0.0341557,-0.0994939,-0.0522708
53353719000,-0.143994,1.70542,0.613733,-0.0254389,0.0815114,0.0205921,-0.993109,-0.0348187,-0.0987665,-0.0526135
53363719000,-0.144244,1.70624,0.613938,-0.0246961,0.0816199,0.0204887,-0.993137,-0.035542,-0.0980518,-0.0529356
53373719000,-0.144489,1.70706,0.614143,-0.0241903,0.0818193,0.0205213,-0.993162,-0.0363207,-0.0973466,-0.0532338
53383719000,-0.144506,1.70971,0.615691,-0.0226143,0.088618,0.0250111,-0.993184,-0.0371553,-0.0966483,-0.0535106
53393719000,-0.144729,1.7106,0.61594,-0.022015,0.0886761,0.0247346,-0.993203,-0.0380345,-0.0959652,-0.0537686
53403719000,-0.144898,1.71262,0.617097,-0.0211678,0.09248,0.0275849,-0.99322,-0.0389586,-0.0952867,-0.0540024
53413719000,-0.145108,1.71354,0.617371,-0.0206654,0.0922877,0.0270846,-0.993234,-0.0399186,-0.0946192,-0.0542202
53423719000,-0.145311,1.71447,0.617639,-0.0199678,0.0920271,0.0264858,-0.993246,-0.0409095,-0.0939549,-0.0544129
53433719000,-0.145508,1.71538,0.617901,-0.0193624,0.0917034,0.0260318,-0.993258,-0.0419192,-0.093288,-0.0545818
53443719000,-0.1457,1.7163,0.618159,-0.0190595,0.091367,0.0256434,-0.993268,-0.0429563,-0.0926198,-0.0547213
53453719000,-0.14589,1.71721,0.618415,-0.0189443,0.0911629,0.025526,-0.99328,-0.0439939,-0.0919417,-0.0548297
53463719000,-0.146079,1.71812,0.618672,-0.0188418,0.0907742,0.025724,-0.993294,-0.0450077,-0.0912549,-0.05489
53473719000,-0.146272,1.71903,0.618935,-0.0197653,0.0905935,0.0269061,-0.993314,-0.0459835,-0.0905539,-0.054892
53483719000,-0.146463,1.71993,0.619207,-0.0184958,0.0891297,0.0274828,-0.993338,-0.0469015,-0.0898416,-0.0548478
53493719000,-0.146306,1.72085,0.507748,-0.0188411,0.0871139,-0.00286878,-0.993368,-0.0477745,-0.0891139,-0.0547432
53503719000,-0.146496,1.72172,0.50772,-0.0189169,0.0873914,-0.00283613,-0.993399,-0.04864,-0.0883824,-0.0546075
53513719000,-0.146687,1.7226,0.507694,-0.0193774,0.0879509,-0.00241764,-0.993433,-0.0494732,-0.0876341,-0.0544349
53523719000,-0.146881,1.72347,0.507676,-0.019267,0.0861277,-0.00119507,-0.99347,-0.050256,-0.0868885,-0.0542322
53533719000,-0.147076,1.72434,0.507665,-0.0197111,0.0868167,-0.00098086,-0.993513,-0.0510038,-0.0861124,-0.0539895
53543719000,-0.147273,1.7252,0.50766,-0.0197156,0.0859136,7.62421e-05,-0.993559,-0.051702,-0.0853371,-0.0537146
53553719000,-0.14747,1.72605,0.507666,-0.0198032,0.0852299,0.00117148,-0.993609,-0.0523521,-0.084545,-0.0534068
53563719000,-0.14767,1.72691,0.507685,-0.0202924,0.0849407,0.00249093,-0.993663,-0.0529481,-0.0837537,-0.05307
53573719000,-0.147873,1.72775,0.507714,-0.0203287,0.0838803,0.00338504,-0.993721,-0.0534875,-0.0829421,-0.0527089
53583719000,-0.148079,1.72859,0.507754,-0.020788,0.0836596,0.00451854,-0.993782,-0.0539909,-0.0821331,-0.0523109
53593719000,-0.148286,1.72942,0.507804,-0.0206739,0.0827436,0.00554752,-0.993847,-0.0544414,-0.0813058,-0.0518934
53603719000,-0.148494,1.73025,0.507866,-0.0209228,0.0823035,0.00683526,-0.993915,-0.0548385,-0.0804831,-0.051455
53613719000,-0.148241,1.73188,0.509898,-0.0185221,0.0843365,0.0167014,-0.993988,-0.055173,-0.0796513,-0.0509946
53623719000,-0.148431,1.73273,0.510071,-0.0192558,0.0849819,0.0178427,-0.994063,-0.0554493,-0.0788223,-0.050507
53633719000,-0.148336,1.7341,0.511442,-0.0179287,0.0865786,0.0240816,-0.994143,-0.0556649,-0.0779803,-0.0499944
53643719000,-0.148516,1.73496,0.511689,-0.0178643,0.086312,0.0253017,-0.994228,-0.0557993,-0.0771437,-0.0494511
53653719000,-0.148695,1.73583,0.511943,-0.017945,0.0869134,0.0256588,-0.994318,-0.0558673,-0.0763007,-0.0488715
53663719000,-0.148876,1.7367,0.512204,-0.0180926,0.0870672,0.0264633,-0.994412,-0.0558554,-0.0754646,-0.0482638
53673719000,-0.149057,1.73757,0.512472,-0.0182564,0.0871036,0.027054,-0.994512,-0.0557705,-0.0746206,-0.0476217
53683719000,-0.14924,1.73844,0.512748,-0.0183383,0.0873292,0.0282907,-0.994616,-0.0556106,-0.0737752,-0.0469494
53693719000,-0.149424,1.73931,0.513035,-0.0185213,0.0872787,0.0289663,-0.994724,-0.0553801,-0.0729255,-0.0462458
53703719000,-0.14961,1.74019,0.513328,-0.0186825,0.0878447,0.0296692,-0.994837,-0.0550855,-0.072071,-0.0455085
53713719000,-0.149221,1.74229,0.513961,-0.016413,0.0922779,0.0314012,-0.994954,-0.0547235,-0.0712127,-0.0447365
53723719000,-0.149386,1.74321,0.514277,-0.0165019,0.0927153,0.0317962,-0.995075,-0.0542963,-0.0703421,-0.0439343
53733719000,-0.149553,1.74414,0.514596,-0.0168396,0.0929552,0.0320089,-0.9952,-0.0538096,-0.0694498,-0.0431034
53743719000,-0.149724,1.74507,0.514917,-0.0172051,0.0930199,0.0322071,-0.995329,-0.0532646,-0.0685442,-0.0422375
53753719000,-0.149896,1.746,0.515239,-0.0173367,0.093405,0.0322435,-0.995462,-0.0526653,-0.0676156,-0.0413438
53763719000,-0.150071,1.74694,0.515562,-0.0175799,0.0933071,0.0324098,-0.995598,-0.0520149,-0.066661,-0.0404309
53773719000,-0.150248,1.74787,0.515885,-0.0178397,0.0936286,0.0320119,-0.995736,-0.0513241,-0.0656887,-0.0394931
53783719000,-0.150428,1.74881,0.516204,-0.0183334,0.0936205,0.0318907,-0.995877,-0.0505885,-0.0646957,-0.0385332
53793719000,-0.150614,1.74974,0.516521,-0.0188507,0.0935031,0.0314115,-0.996019,-0.0498147,-0.0636744,-0.0375526
53803719000,-0.150806,1.75068,0.516832,-0.0195581,0.093502,0.0309547,-0.996162,-0.0490079,-0.0626304,-0.0365575
53813719000,-0.150565,1.7519,0.51676,-0.0184906,0.0941245,0.028793,-0.996306,-0.0481657,-0.0615593,-0.0355518
53823719000,-0.150756,1.75284,0.517045,-0.0193506,0.0939212,0.0282968,-0.996451,-0.0472955,-0.0604704,-0.0345334
53833719000,-0.150578,1.754,0.517116,-0.0188873,0.0943701,0.0267254,-0.996594,-0.0463976,-0.0593642,-0.0335117
53843719000,-0.150772,1.75495,0.517381,-0.0196714,0.0941796,0.0262678,-0.996736,-0.0454952,-0.0582431,-0.0324765
53853719000,-0.150974,1.75589,0.517641,-0.0207284,0.0937098,0.0257109,-0.996877,-0.0445832,-0.0571035,-0.0314354
53863719000,-0.151185,1.75682,0.517894,-0.0214279,0.0932013,0.0248369,-0.997015,-0.0436729,-0.0559469,-0.0303951
53873719000,-0.151402,1.75775,0.518136,-0.0220182,0.0929042,0.0235775,-0.997151,-0.0427721,-0.0547663,-0.0293477
53883719000,-0.151627,1.75868,0.518367,-0.0231164,0.0927325,0.0226868,-0.997284,-0.0418752,-0.0535715,-0.028301
53893719000,-0.151863,1.7596,0.51859,-0.0239622,0.092099,0.0218071,-0.997415,-0.0409887,-0.0523512,-0.0272527
53903719000,-0.152156,1.76154,0.519014,-0.0250957,0.0952393,0.0214199,-0.997542,-0.0401229,-0.051113,-0.0262077
53913719000,-0.152413,1.76249,0.519222,-0.0261373,0.0941638,0.0201628,-0.997666,-0.0392795,-0.0498541,-0.0251721
53923719000,-0.152681,1.76342,0.519419,-0.0272456,0.0931665,0.0193207,-0.997786,-0.0384724,-0.048583,-0.0241387
53933719000,-0.152959,1.76435,0.519607,-0.0284967,0.0921904,0.0182976,-0.997902,-0.0377105,-0.0472862,-0.0231139
53943719000,-0.153249,1.76527,0.519786,-0.0294565,0.0913185,0.0174694,-0.998013,-0.0369948,-0.0459723,-0.0220971
53953719000,-0.153549,1.76618,0.519958,-0.0305914,0.0904368,0.0168715,-0.99812,-0.0363346,-0.0446358,-0.0210865
53963719000,-0.15386,1.76708,0.520122,-0.0315935,0.0896451,0.0160258,-0.998222,-0.035733,-0.0432834,-0.0200804
53973719000,-0.15418,1.76797,0.520278,-0.0325469,0.0886008,0.0152114,-0.998319,-0.03518,-0.0419225,-0.0190821
53983719000,-0.154511,1.76885,0.520427,-0.0335123,0.0876985,0.014554,-0.998412,-0.0346733,-0.0405533,-0.0180917
53993719000,-0.154848,1.76972,0.520568,-0.034107,0.0865725,0.0136648,-0.9985,-0.0342117,-0.0391725,-0.0171119
54003719000,-0.155193,1.77058,0.5207,-0.0347972,0.085649,0.012782,-0.998583,-0.0338098,-0.0377827,-0.0161358
54013719000,-0.155542,1.77143,0.520823,-0.0351797,0.084821,0.0117252,-0.998662,-0.0334799,-0.0363757,-0.0151595
54023719000,-0.155896,1.77228,0.520936,-0.0355703,0.0837465,0.0108519,-0.998736,-0.0332017,-0.0349575,-0.014187
54033719000,-0.155801,1.77433,0.522461,-0.034231,0.0872439,0.0153527,-0.998806,-0.0329837,-0.0335332,-0.0132194
54043719000,-0.156145,1.77519,0.52261,-0.0342481,0.0861559,0.0145514,-0.99887,-0.0328205,-0.0321096,-0.0122602
54053719000,-0.156176,1.77693,0.523724,-0.0332734,0.0881128,0.0175634,-0.99893,-0.0327212,-0.0306796,-0.0113004
54063719000,-0.156511,1.77781,0.523896,-0.0333904,0.0870118,0.0167822,-0.998984,-0.032683,-0.0292495,-0.0103404
54073719000,-0.156846,1.77868,0.524061,-0.0335988,0.0859392,0.0161676,-0.999034,-0.0326949,-0.0278189,-0.00938578
54083719000,-0.157184,1.77953,0.524219,-0.03399,0.0849055,0.015514,-0.999079,-0.0327553,-0.0263857,-0.00843478
54093719000,-0.157526,1.78037,0.524371,-0.0343173,0.083587,0.0147931,-0.999121,-0.0328562,-0.0249434,-0.00748472
54103719000,-0.15787,1.7812,0.524516,-0.0345403,0.0823038,0.0141436,-0.999158,-0.0330001,-0.0235006,-0.00653566
54113719000,-0.158217,1.78202,0.524653,-0.0349275,0.0810321,0.0133273,-0.99919,-0.0331808,-0.0220581,-0.00559322
54123719000,-0.158567,1.78282,0.524782,-0.0350949,0.0796446,0.0125669,-0.999219,-0.0333914,-0.0206114,-0.00465397
54133719000,-0.158944,1.78432,0.5265,-0.0355472,0.0807814,0.0181528,-0.999244,-0.0336325,-0.0191641,-0.00372604
54143719000,-0.159303,1.78512,0.526678,-0.0359115,0.0791739,0.0173679,-0.999264,-0.0339084,-0.0177299,-0.00280275
54153719000,-0.159664,1.78591,0.526848,-0.0361353,0.0774652,0.0166809,-0.99928,-0.0342128,-0.0162954,-0.00188715
54163719000,-0.160026,1.78667,0.527012,-0.0362628,0.0757141,0.0161087,-0.999292,-0.0345538,-0.0148654,-0.000977084
54173719000,-0.160388,1.78742,0.527169,-0.0363415,0.0737528,0.0153372,-0.999299,-0.034928,-0.0134476,-8.07981e-05
54183719000,-0.160752,1.78815,0.527319,-0.0364716,0.0717027,0.0147033,-0.999302,-0.0353445,-0.0120413,0.000807949
54193719000,-0.161118,1.78886,0.527464,-0.0366746,0.0697992,0.014198,-0.999301,-0.0357922,-0.010644,0.00167925
54203719000,-0.161485,1.78954,0.527603,-0.0368691,0.0677749,0.0136215,-0.999296,-0.0362798,-0.00925716,0.00253409
54213719000,-0.161854,1.79021,0.527738,-0.0368212,0.0659325,0.0132892,-0.999286,-0.0368066,-0.00788694,0.00337924
54223719000,-0.162222,1.79086,0.527869,-0.0368419,0.0640511,0.013064,-0.999271,-0.0373716,-0.00652148,0.00421262
54233719000,-0.162699,1.79162,0.530056,-0.0371689,0.062621,0.0204831,-0.999253,-0.0379775,-0.00517307,0.00503108
54243719000,-0.163142,1.79243,0.531546,-0.0372473,0.061262,0.0252489,-0.99923,-0.0386159,-0.00385406,0.00584304
54253719000,-0.163513,1.79303,0.531799,-0.0367353,0.0591839,0.0254309,-0.999203,-0.0392794,-0.0025548,0.00664114
54263719000,-0.163878,1.79361,0.532055,-0.0360815,0.0570145,0.0257204,-0.999172,-0.0399732,-0.00128439,0.00743041
54273719000,-0.164236,1.79417,0.532313,-0.0355248,0.0548977,0.0260022,-0.999138,-0.0407014,-4.02034e-05,0.00821469
54283719000,-0.164589,1.79471,0.532576,-0.0351927,0.0527014,0.0264419,-0.999099,-0.0414594,0.00117155,0.009
54293719000,-0.164938,1.79522,0.532842,-0.0344956,0.0507513,0.0268311,-0.999057,-0.0422288,0.00235255,0.00977905
54303719000,-0.16528,1.79572,0.533112,-0.0339984,0.0488212,0.0271731,-0.999012,-0.043026,0.00350211,0.0105536
54313719000,-0.165617,1.7962,0.533386,-0.0333217,0.0469522,0.0276542,-0.998964,-0.0438301,0.0046158,0.0113268
54323719000,-0.165947,1.79666,0.533665,-0.0327769,0.0454202,0.0280851,-0.998913,-0.044645,0.0056959,0.012095
54333719000,-0.166461,1.79729,0.535222,-0.0330833,0.044372,0.0331651,-0.998861,-0.0454595,0.00674379,0.0128575
54343719000,-0.16679,1.79772,0.535554,-0.0324447,0.042824,0.0334002,-0.998806,-0.0462776,0.00777335,0.013618
54353719000,-0.167111,1.79814,0.535889,-0.0317938,0.0411987,0.0335083,-0.998749,-0.0470867,0.00876617,0.0143751
54363719000,-0.167426,1.79855,0.536226,-0.0311468,0.0396736,0.0338328,-0.99869,-0.0478955,0.00972388,0.0151317
54373719000,-0.167734,1.79894,0.536566,-0.0303904,0.038202,0.0341456,-0.99863,-0.0486999,0.0106592,0.015883
54383719000,-0.168034,1.79931,0.536908,-0.0297253,0.0367486,0.0343344,-0.998568,-0.0495026,0.0115718,0.0166341
54393719000,-0.168328,1.79967,0.537253,-0.0291616,0.0353488,0.0346498,-0.998506,-0.05029,0.0124526,0.0173757
54403719000,-0.168617,1.80002,0.537601,-0.0286766,0.0339407,0.034895,-0.998442,-0.051072,0.0133035,0.0181148
54413719000,-0.168902,1.80035,0.537951,-0.0282221,0.0325655,0.0351259,-0.998377,-0.0518498,0.0141377,0.0188488
54423719000,-0.169182,1.80067,0.538304,-0.0277576,0.0309874,0.0354569,-0.998311,-0.0526249,0.0149539,0.0195719
54433719000,-0.169456,1.80097,0.53866,-0.0271441,0.0295727,0.0358702,-0.998243,-0.0534012,0.0157487,0.0202908
54443719000,-0.169725,1.80126,0.53902,-0.0267141,0.0279571,0.0361491,-0.998174,-0.0541707,0.0165293,0.0210023
54453719000,-0.170282,1.80094,0.539756,-0.0272531,0.0243031,0.0375949,-0.998104,-0.0549386,0.0172914,0.0217025
54463719000,-0.170553,1.80118,0.540133,-0.0267923,0.0225645,0.0378445,-0.998033,-0.0557027,0.0180383,0.0223944
54473719000,-0.171065,1.80122,0.540722,-0.0273914,0.0203946,0.0387382,-0.997962,-0.0564486,0.018772,0.0230737
54483719000,-0.171338,1.80142,0.54111,-0.0270398,0.0190806,0.0388768,-0.99789,-0.0571956,0.0194918,0.0237448
54493719000,-0.171603,1.8016,0.445577,-0.0266993,0.0177359,0.00534914,-0.997818,-0.0579254,0.0201941,0.0244006
54503719000,-0.171869,1.80177,0.445632,-0.0264513,0.0166091,0.00552245,-0.997746,-0.0586452,0.0208839,0.0250404
54513719000,-0.172131,1.80193,0.445687,-0.0260398,0.0154698,0.00564601,-0.997674,-0.0593452,0.0215668,0.0256636
54523719000,-0.17239,1.80208,0.445746,-0.0257223,0.0144103,0.00600532,-0.997602,-0.0600342,0.0222371,0.0262831
54533719000,-0.172645,1.80222,0.445808,-0.025387,0.0133551,0.00636753,-0.997531,-0.0607066,0.0228969,0.0268935
54543719000,-0.172897,1.80235,0.445873,-0.0250038,0.0123065,0.00677366,-0.997458,-0.0613654,0.0235494,0.0275016
54553719000,-0.172919,1.80208,0.447271,-0.0238907,0.010143,0.0142524,-0.997386,-0.0620122,0.0241949,0.0280997
54563719000,-0.173156,1.80218,0.447417,-0.0234673,0.00934025,0.0147994,-0.997314,-0.06265,0.0248252,0.028685
54573719000,-0.173389,1.80227,0.447567,-0.0231224,0.00840909,0.0153266,-0.997243,-0.0632676,0.025451,0.0292686
54583719000,-0.173619,1.80234,0.447723,-0.0228658,0.00751215,0.0158206,-0.997171,-0.0638768,0.0260789,0.0298429
54593719000,-0.173846,1.80242,0.447884,-0.0224137,0.00664406,0.0163052,-0.997098,-0.0644828,0.0267013,0.030409
54603719000,-0.174068,1.80248,0.44805,-0.0221354,0.00572717,0.0168825,-0.997025,-0.0650858,0.0273136,0.030976
54613719000,-0.174288,1.80253,0.448221,-0.0217605,0.00499193,0.0174276,-0.996951,-0.0656805,0.0279261,0.0315359
54623719000,-0.174504,1.80258,0.448399,-0.0214586,0.00437788,0.0181349,-0.996878,-0.0662664,0.0285234,0.0320847
54633719000,-0.174717,1.80262,0.448584,-0.0212709,0.00361901,0.0188023,-0.996806,-0.0668353,0.0291132,0.0326202
54643719000,-0.174929,1.80265,0.448775,-0.0210944,0.00303362,0.0195128,-0.996733,-0.0673922,0.029695,0.0331524
54653719000,-0.174804,1.80223,0.449722,-0.0196608,0.000836875,0.023463,-0.996663,-0.0679172,0.0302719,0.033678
54663719000,-0.175001,1.80223,0.449959,-0.0196994,0.00020449,0.0239724,-0.996592,-0.0684373,0.0308431,0.0341993
54673719000,-0.174998,1.80202,0.450643,-0.0185986,-0.00102885,0.0266055,-0.996522,-0.0689345,0.0314082,0.0347164
54683719000,-0.175184,1.802,0.450912,-0.0185146,-0.00152861,0.0270835,-0.996453,-0.0694173,0.0319714,0.0352323
54693719000,-0.175369,1.80198,0.451185,-0.0185559,-0.00195583,0.0276035,-0.996384,-0.0698768,0.0325325,0.0357472
54703719000,-0.175554,1.80196,0.451463,-0.0184408,-0.00234416,0.0280287,-0.996316,-0.0703139,0.033089,0.0362569
54713719000,-0.175737,1.80194,0.451745,-0.0181356,-0.00254225,0.0283908,-0.996249,-0.0707382,0.0336387,0.0367683
54723719000,-0.175917,1.80191,0.452032,-0.0178886,-0.00277181,0.0289074,-0.996184,-0.0711373,0.0341765,0.0372752
54733719000,-0.176094,1.80188,0.452323,-0.0175442,-0.00304682,0.0293174,-0.996118,-0.0715235,0.034714,0.0377804
54743719000,-0.176269,1.80185,0.452619,-0.0173928,-0.00331871,0.0298739,-0.996054,-0.0718967,0.0352496,0.0382782
54753719000,-0.176442,1.80182,0.452919,-0.0172393,-0.00379191,0.0302012,-0.99599,-0.0722503,0.0357807,0.03877
54763719000,-0.176613,1.80178,0.453223,-0.0170233,-0.00422106,0.0305299,-0.995928,-0.0725842,0.03631,0.0392613
54773719000,-0.176783,1.80173,0.453529,-0.016889,-0.00454414,0.0307496,-0.995866,-0.0729046,0.036834,0.0397473
54783719000,-0.176951,1.80169,0.453839,-0.0166598,-0.00467661,0.0311041,-0.995804,-0.0732138,0.037356,0.0402366
54793719000,-0.176766,1.80138,0.453899,-0.0152335,-0.00585416,0.030531,-0.995743,-0.0735123,0.0378615,0.040722
54803719000,-0.176917,1.80132,0.454207,-0.0149104,-0.00618122,0.0310542,-0.995683,-0.0737978,0.0383591,0.0412025
54813719000,-0.177066,1.80126,0.454521,-0.0148882,-0.00618651,0.0317494,-0.995624,-0.074067,0.0388425,0.041682
54823719000,-0.177214,1.8012,0.454841,-0.0147004,-0.00644815,0.0323088,-0.995567,-0.0743209,0.0393219,0.0421558
54833719000,-0.177359,1.80113,0.455166,-0.0142508,-0.00650872,0.0327536,-0.995511,-0.0745578,0.0397844,0.0426283
54843719000,-0.177501,1.80107,0.455496,-0.0140467,-0.00664686,0.0332555,-0.995455,-0.0747863,0.0402344,0.043099
54853719000,-0.17764,1.801,0.455831,-0.0138064,-0.00685378,0.033638,-0.995399,-0.075008,0.0406864,0.04357
54863719000,-0.177775,1.80093,0.456171,-0.0132171,-0.006962,0.0343475,-0.995345,-0.0752175,0.041126,0.0440364
54873719000,-0.177905,1.80086,0.456518,-0.0128437,-0.00721522,0.0351219,-0.995291,-0.0754239,0.0415547,0.0445035
54883719000,-0.17775,1.8007,0.456104,-0.0115633,-0.00762866,0.0328058,-0.995237,-0.0756201,0.0419748,0.0449718
54893719000,-0.177865,1.80062,0.456434,-0.0111813,-0.00794663,0.0333131,-0.995185,-0.075808,0.0423707,0.0454361
54903719000,-0.177841,1.80052,0.456215,-0.0105077,-0.0083064,0.031632,-0.995132,-0.0760029,0.0427664,0.0459024
54913719000,-0.177945,1.80043,0.456534,-0.0101595,-0.00855321,0.0322356,-0.99508,-0.0761889,0.0431534,0.0463614
54923719000,-0.178046,1.80035,0.456859,-0.0101342,-0.00870958,0.0326924,-0.995028,-0.0763679,0.0435287,0.0468256
54933719000,-0.178146,1.80026,0.457188,-0.00977469,-0.00897993,0.0330889,-0.994977,-0.0765401,0.0438942,0.0472823
54943719000,-0.178243,1.80017,0.457521,-0.00955178,-0.00903231,0.0334914,-0.994927,-0.0767073,0.0442504,0.047736
54953719000,-0.178337,1.80008,0.457857,-0.00924192,-0.00914593,0.0338514,-0.994876,-0.0768663,0.044601,0.0481993
54963719000,-0.178429,1.79999,0.458198,-0.00925494,-0.00927565,0.0342531,-0.994827,-0.0770195,0.0449405,0.048657
54973719000,-0.17852,1.79989,0.458541,-0.00897604,-0.00937463,0.0343393,-0.994778,-0.0771692,0.0452644,0.0491105
54983719000,-0.178609,1.7998,0.458886,-0.00882992,-0.00951437,0.0346189,-0.994731,-0.0773053,0.0455767,0.0495605
54993719000,-0.178453,1.79986,0.458245,-0.00779565,-0.00897824,0.031052,-0.994684,-0.0774378,0.0458855,0.0500119
55003719000,-0.17853,1.79977,0.458557,-0.00755838,-0.00914387,0.0312432,-0.994637,-0.0775709,0.0461924,0.0504647
55013719000,-0.178605,1.79967,0.45887,-0.00756472,-0.00917945,0.0314862,-0.994591,-0.0776863,0.0464913,0.0509106
55023719000,-0.17868,1.79958,0.459186,-0.00725801,-0.00925881,0.0315683,-0.994545,-0.077806,0.0467922,0.0513581
55033719000,-0.178752,1.79949,0.459502,-0.00715163,-0.0094603,0.0317771,-0.994498,-0.0779258,0.0470785,0.0518067
55043719000,-0.178821,1.79939,0.459821,-0.00680114,-0.00958763,0.0320191,-0.994453,-0.0780433,0.047359,0.0522524
55053719000,-0.178889,1.7993,0.460143,-0.00665578,-0.00967325,0.0322973,-0.994407,-0.0781616,0.0476277,0.0527001
55063719000,-0.178955,1.7992,0.460466,-0.00655297,-0.00998503,0.0323976,-0.994362,-0.0782811,0.047892,0.0531376
55073719000,-0.179019,1.7991,0.460793,-0.00631192,-0.00996519,0.0328308,-0.994317,-0.0783968,0.0481353,0.0535773
55083719000,-0.179081,1.799,0.461122,-0.00609967,-0.0101409,0.0331455,-0.994273,-0.0785123,0.0483732,0.0540188
55093719000,-0.17887,1.7992,0.460212,-0.00493375,-0.00916752,0.0288472,-0.994228,-0.0786347,0.0486014,0.0544577
55103719000,-0.178918,1.7991,0.460502,-0.00471968,-0.00928722,0.0290312,-0.994183,-0.0787587,0.0488187,0.0548957
55113719000,-0.178818,1.79921,0.459972,-0.00400257,-0.0088864,0.0261383,-0.994139,-0.0788827,0.0490281,0.0553271
55123719000,-0.178857,1.79912,0.460234,-0.00367612,-0.00906947,0.0262617,-0.994095,-0.079021,0.049231,0.0557501
55133719000,-0.178892,1.79903,0.460498,-0.00342903,-0.00932278,0.0264933,-0.994049,-0.0791722,0.0494353,0.056169
55143719000,-0.178925,1.79894,0.460763,-0.00313962,-0.00934308,0.0265998,-0.994002,-0.0793363,0.0496358,0.0565879
55153719000,-0.178955,1.79884,0.461029,-0.00284753,-0.0096841,0.0266705,-0.993956,-0.0795011,0.0498174,0.0569999
55163719000,-0.178984,1.79874,0.461296,-0.00280931,-0.00985525,0.0267242,-0.993909,-0.0796821,0.0499929,0.0574075
55173719000,-0.179011,1.79864,0.461563,-0.0027175,-0.0100563,0.0266659,-0.993863,-0.07987,0.0501592,0.0578071
55183719000,-0.179038,1.79854,0.46183,-0.00262468,-0.0102122,0.0266698,-0.993815,-0.0800705,0.0503202,0.0582011
55193719000,-0.179063,1.79844,0.462097,-0.00246822,-0.0105056,0.0266368,-0.993768,-0.0802706,0.0504751,0.0585942
55203719000,-0.178904,1.79862,0.46154,-0.00152269,-0.00968091,0.0234087,-0.993721,-0.0804788,0.0506294,0.0589815
55213719000,-0.178919,1.79852,0.461773,-0.00132426,-0.00994973,0.0231925,-0.993674,-0.0806798,0.0507759,0.0593648
55223719000,-0.178931,1.79842,0.462005,-0.00116673,-0.0101838,0.0231116,-0.993627,-0.0808905,0.0509269,0.0597428
55233719000,-0.178942,1.79832,0.462235,-0.000944014,-0.0105458,0.0228871,-0.993579,-0.0811096,0.0510765,0.0601127
55243719000,-0.17895,1.79821,0.462462,-0.000761525,-0.0107478,0.0226319,-0.993532,-0.081323,0.0512185,0.0604769
55253719000,-0.178956,1.7981,0.462687,-0.000506234,-0.0111152,0.0222827,-0.993484,-0.0815463,0.0513687,0.0608343
55263719000,-0.178961,1.79799,0.462908,-0.00045386,-0.0112396,0.0220034,-0.993437,-0.081774,0.0515113,0.0611837
55273719000,-0.178965,1.79788,0.463126,-0.000345471,-0.0113752,0.0215422,-0.993389,-0.0820076,0.0516584,0.0615259
55283719000,-0.178968,1.79776,0.463339,-0.000253988,-0.0115096,0.021153,-0.99334,-0.0822469,0.0518099,0.0618615
55293719000,-0.17897,1.79765,0.463549,-0.000156566,-0.0117078,0.0207009,-0.993292,-0.0824852,0.0519615,0.0621835
55303719000,-0.178796,1.79776,0.463217,0.000666828,-0.011215,0.0182942,-0.993244,-0.0827251,0.052116,0.0625017
55313719000,-0.178789,1.79765,0.463399,0.00076488,-0.0113265,0.0181122,-0.993196,-0.0829663,0.0522741,0.0628098
55323719000,-0.178689,1.79771,0.463273,0.0012264,-0.0109196,0.0164999,-0.99315,-0.0831977,0.0524301,0.0631132
55333719000,-0.178677,1.7976,0.463436,0.0012657,-0.0111607,0.0160555,-0.993103,-0.0834298,0.0525912,0.0634061
55343719000,-0.178663,1.79749,0.463595,0.00145657,-0.0115081,0.015685,-0.993057,-0.0836629,0.0527497,0.0636923
55353719000,-0.178649,1.79737,0.463749,0.00141371,-0.0117686,0.0153125,-0.993011,-0.0838937,0.0529051,0.0639726
55363719000,-0.178635,1.79725,0.4639,0.0013797,-0.0120635,0.0147803,-0.992965,-0.0841275,0.0530625,0.0642425
55373719000,-0.17862,1.79713,0.464045,0.00155148,-0.0124465,0.0143033,-0.992919,-0.0843745,0.0532253,0.0645023
55383719000,-0.178604,1.79701,0.464186,0.00164439,-0.0127135,0.0139066,-0.992872,-0.0846268,0.0533853,0.064757
55393719000,-0.178588,1.79688,0.464322,0.00165787,-0.0131818,0.0133052,-0.992825,-0.0848839,0.0535466,0.0650016
55403719000,-0.178571,1.79674,0.464454,0.00170902,-0.0134669,0.0129367,-0.992778,-0.0851491,0.0537123,0.0652351
55413719000,-0.178552,1.79671,0.464755,0.00195691,-0.0133507,0.0133021,-0.992731,-0.0854196,0.0538798,0.0654605
55423719000,-0.178532,1.79657,0.464886,0.00212818,-0.0135643,0.0130441,-0.992684,-0.0856954,0.0540489,0.0656834
55433719000,-0.178509,1.79644,0.465015,0.00245566,-0.0139229,0.0127813,-0.992635,-0.0859816,0.0542128,0.0659021
55443719000,-0.178483,1.7963,0.465143,0.00279105,-0.0142827,0.0126668,-0.992587,-0.0862743,0.0543753,0.0661134
55453719000,-0.178453,1.79615,0.465268,0.00313579,-0.0147644,0.0123532,-0.992539,-0.0865676,0.054538,0.0663179
55463719000,-0.178421,1.796,0.465391,0.00341539,-0.0152152,0.012323,-0.992491,-0.0868659,0.054695,0.066519
55473719000,-0.178385,1.79585,0.465514,0.00372292,-0.0156807,0.0122241,-0.992442,-0.0871687,0.0548583,0.066718
55483719000,-0.178345,1.79569,0.465636,0.00417614,-0.0160034,0.0121204,-0.992393,-0.0874782,0.055018,0.0669114
55493719000,-0.178289,1.79554,0.38416,0.00462484,-0.0163666,-0.0254853,-0.992343,-0.087798,0.0551754,0.0671027
55503719000,-0.178241,1.79537,0.383906,0.00508626,-0.016783,-0.0253726,-0.992293,-0.0881226,0.0553326,0.0672876
55513719000,-0.178188,1.7952,0.383653,0.00544801,-0.0170907,-0.025237,-0.992242,-0.0884552,0.0554836,0.0674716
55523719000,-0.178131,1.79503,0.383402,0.00598839,-0.0175746,-0.0249612,-0.992191,-0.0887986,0.0556303,0.0676568
55533719000,-0.178465,1.79487,0.385304,0.00497451,-0.0179705,-0.013302,-0.99214,-0.0891414,0.0557721,0.0678359
55543719000,-0.178675,1.79473,0.386503,0.00434267,-0.0183292,-0.00593767,-0.992088,-0.0894904,0.0559069,0.0680178
55553719000,-0.178629,1.79454,0.386446,0.00484288,-0.0190153,-0.00559743,-0.992037,-0.0898416,0.0560408,0.068198
55563719000,-0.178579,1.79435,0.386391,0.00523923,-0.0195766,-0.00525106,-0.991986,-0.0901936,0.0561628,0.0683723
55573719000,-0.178523,1.79415,0.386341,0.0058503,-0.0200304,-0.00489309,-0.991935,-0.0905425,0.0562862,0.0685449
55583719000,-0.178463,1.79395,0.386294,0.00619795,-0.0205718,-0.00445638,-0.991885,-0.0908921,0.0564066,0.0687147
55593719000,-0.178399,1.79374,0.386252,0.00659647,-0.0211063,-0.00385291,-0.991834,-0.0912478,0.0565236,0.0688841
55603719000,-0.17833,1.79353,0.386217,0.00717318,-0.0218905,-0.00327753,-0.991784,-0.0915964,0.0566284,0.0690518
55613719000,-0.178255,1.7933,0.386186,0.00795243,-0.022515,-0.00283978,-0.991734,-0.0919392,0.0567301,0.0692243
55623719000,-0.178173,1.79308,0.386161,0.00842576,-0.0229751,-0.0022937,-0.991687,-0.0922764,0.0568157,0.0693889
55633719000,-0.178446,1.79291,0.387275,0.00778136,-0.023178,0.00376539,-0.991639,-0.092607,0.0569079,0.0695551
55643719000,-0.178365,1.79267,0.387316,0.00844268,-0.0237998,0.00442555,-0.991591,-0.0929337,0.0569983,0.0697219
55653719000,-0.178279,1.79243,0.387363,0.00889609,-0.0242868,0.00499271,-0.991546,-0.0932449,0.0570762,0.0698867
55663719000,-0.178187,1.79218,0.387418,0.00938372,-0.0247252,0.00596322,-0.991502,-0.0935477,0.0571493,0.0700491
55673719000,-0.178092,1.79194,0.387481,0.0097274,-0.0250451,0.00674107,-0.991458,-0.0938476,0.0572171,0.0702095
55683719000,-0.177992,1.79168,0.387553,0.0101558,-0.0255438,0.00764186,-0.991417,-0.0941325,0.0572725,0.0703694
55693719000,-0.177889,1.79143,0.387633,0.0104346,-0.0258857,0.00836471,-0.991376,-0.0944058,0.057324,0.0705293
55703719000,-0.177782,1.79117,0.387722,0.0111105,-0.0261365,0.00929667,-0.991338,-0.0946681,0.0573733,0.0706821
55713719000,-0.177668,1.7909,0.387819,0.0115693,-0.0265624,0.0102664,-0.9913,-0.094916,0.0574205,0.0708356
55723719000,-0.177549,1.79064,0.387927,0.012203,-0.0266202,0.0111467,-0.991264,-0.0951482,0.0574587,0.0709997
55733719000,-0.177425,1.79037,0.388043,0.0126596,-0.0267396,0.0121155,-0.991229,-0.0953706,0.0574916,0.0711605
55743719000,-0.177295,1.7901,0.388169,0.0132996,-0.026789,0.0131433,-0.991197,-0.095567,0.0575215,0.0713169
55753719000,-0.177451,1.78998,0.388473,0.0128558,-0.0263545,0.0149103,-0.991167,-0.0957499,0.05754,0.0714732
55763719000,-0.177529,1.7898,0.388674,0.0130003,-0.0260767,0.0163033,-0.99114,-0.0959101,0.0575478,0.0716327
55773719000,-0.177396,1.78954,0.388843,0.0136102,-0.0259453,0.0174088,-0.991115,-0.0960469,0.0575549,0.071793
55783719000,-0.177258,1.78928,0.38902,0.0139056,-0.0259794,0.0181567,-0.991091,-0.096172,0.0575469,0.0719562
55793719000,-0.177116,1.78902,0.389206,0.0146129,-0.0258556,0.0189968,-0.991071,-0.096272,0.0575289,0.0721194
55803719000,-0.176968,1.78876,0.389401,0.0150233,-0.0256521,0.0199438,-0.991052,-0.0963517,0.057508,0.0722817
55813719000,-0.176815,1.78851,0.389605,0.0154991,-0.0254459,0.0208534,-0.991036,-0.0964158,0.0574691,0.0724441
55823719000,-0.176658,1.78825,0.389818,0.0159023,-0.0254596,0.02168,-0.991023,-0.0964603,0.0574188,0.0726025
55833719000,-0.176497,1.788,0.390039,0.0162528,-0.025309,0.022539,-0.991012,-0.0964885,0.0573619,0.0727646
55843719000,-0.176332,1.78775,0.390268,0.0167249,-0.0250956,0.0234225,-0.991003,-0.096505,0.0573017,0.0729195
55853719000,-0.176334,1.78758,0.389615,0.0164278,-0.0246665,0.0205182,-0.990995,-0.0964988,0.057234,0.0730778
55863719000,-0.176169,1.78733,0.389824,0.0166136,-0.0246322,0.0211059,-0.99099,-0.0964914,0.0571545,0.0732287
55873719000,-0.176001,1.78709,0.390039,0.0168857,-0.0244797,0.0218942,-0.990985,-0.0964672,0.0570716,0.0733809
55883719000,-0.175831,1.78684,0.390261,0.0172489,-0.0244398,0.0226679,-0.990983,-0.0964314,0.0569922,0.0735276
55893719000,-0.175658,1.7866,0.390491,0.017317,-0.0241231,0.0233249,-0.990982,-0.0963814,0.0568997,0.0736671
55903719000,-0.175484,1.78636,0.390727,0.017479,-0.0238718,0.0238211,-0.990983,-0.0963283,0.0567995,0.0738017
55913719000,-0.175308,1.78613,0.390968,0.017718,-0.0234168,0.0243922,-0.990986,-0.0962637,0.0566968,0.073933
55923719000,-0.175129,1.78589,0.391215,0.0180588,-0.0230305,0.0249751,-0.99099,-0.0961907,0.0565856,0.0740605
55933719000,-0.174948,1.78566,0.391468,0.0182629,-0.0226813,0.0256169,-0.990996,-0.0960959,0.0564685,0.0741845
55943719000,-0.174765,1.78544,0.391728,0.0182922,-0.0222197,0.0263106,-0.991004,-0.0959888,0.0563529,0.0743065
55953719000,-0.174582,1.78522,0.391994,0.0182703,-0.0218102,0.0269904,-0.991014,-0.0958677,0.0562307,0.0744202
55963719000,-0.1744,1.785,0.392267,0.018159,-0.0213604,0.027545,-0.991026,-0.0957348,0.0561049,0.0745288
55973719000,-0.173875,1.7852,0.390694,0.0192328,-0.0195433,0.0209767,-0.991039,-0.0955957,0.0559758,0.0746328
55983719000,-0.173467,1.78522,0.389765,0.0200623,-0.0184133,0.0169576,-0.991053,-0.0954487,0.055847,0.0747319
55993719000,-0.173265,1.78504,0.389937,0.0202839,-0.0179947,0.0174717,-0.991068,-0.09529,0.0557143,0.0748297
56003719000,-0.173062,1.78486,0.390114,0.0203467,-0.0176373,0.017868,-0.991085,-0.0951258,0.0555759,0.0749207
56013719000,-0.172858,1.78468,0.390295,0.0202968,-0.0173924,0.0183957,-0.991103,-0.0949551,0.0554361,0.0750062
56023719000,-0.172655,1.78451,0.390483,0.0203774,-0.0169072,0.0190445,-0.99112,-0.094783,0.055298,0.0750909
56033719000,-0.172452,1.78435,0.390676,0.0201915,-0.0165747,0.0196304,-0.991139,-0.0946022,0.0551624,0.0751714
56043719000,-0.172251,1.78418,0.390875,0.0200415,-0.0161641,0.0202004,-0.991158,-0.0944156,0.0550379,0.0752516
56053719000,-0.172052,1.78402,0.391079,0.0197714,-0.0157001,0.0206425,-0.991178,-0.0942187,0.0549092,0.0753245
56063719000,-0.171632,1.78413,0.389787,0.0204478,-0.0142933,0.0155291,-0.991199,-0.0940141,0.0547803,0.0753945
56073719000,-0.171428,1.78399,0.389945,0.0201891,-0.0139124,0.0161178,-0.991221,-0.0938081,0.0546508,0.075462
56083719000,-0.171226,1.78385,0.390108,0.0201915,-0.0133607,0.0165557,-0.991243,-0.0935999,0.0545199,0.0755224
56093719000,-0.171025,1.78372,0.390276,0.0201122,-0.0128118,0.0170169,-0.991267,-0.0933842,0.0543851,0.0755791
56103719000,-0.170823,1.78359,0.390448,0.0202125,-0.0123826,0.0174277,-0.99129,-0.0931655,0.0542501,0.0756351
56113719000,-0.170621,1.78347,0.390625,0.0201413,-0.0119162,0.0178334,-0.991314,-0.0929451,0.0541202,0.075685
56123719000,-0.17042,1.78336,0.390805,0.0202139,-0.0113126,0.0182855,-0.991339,-0.0927216,0.0539843,0.0757324
56133719000,-0.170219,1.78325,0.39099,0.0199465,-0.0108527,0.0187411,-0.991365,-0.0924893,0.0538521,0.0757749
56143719000,-0.170019,1.78314,0.39118,0.0199688,-0.010336,0.0191945,-0.991391,-0.0922584,0.0537119,0.075814
56153719000,-0.16982,1.78304,0.391374,0.0199347,-0.00996703,0.0196763,-0.991418,-0.092021,0.053571,0.0758499
56163719000,-0.169621,1.78294,0.391573,0.0199064,-0.00957906,0.0200323,-0.991444,-0.0917841,0.0534391,0.0758837
56173719000,-0.169422,1.78285,0.391776,0.0197582,-0.00922916,0.0205298,-0.991471,-0.0915545,0.0532982,0.0759151
56183719000,-0.169226,1.78276,0.391983,0.0196085,-0.00882322,0.0209365,-0.991496,-0.0913307,0.0531575,0.0759454
56193719000,-0.168832,1.78293,0.390122,0.019996,-0.00733482,0.013732,-0.991523,-0.0911075,0.0530192,0.0759688
56203719000,-0.168634,1.78286,0.39026,0.0195519,-0.00686159,0.0140003,-0.991548,-0.0908839,0.0528874,0.0759941
56213719000,-0.168269,1.78288,0.389088,0.0201018,-0.00593975,0.00957778,-0.991575,-0.0906493,0.0527516,0.0760168
56223719000,-0.168068,1.78282,0.389185,0.0202133,-0.00537515,0.00993188,-0.991602,-0.090416,0.0526188,0.0760344
56233719000,-0.167866,1.78277,0.389286,0.0201343,-0.00486867,0.010166,-0.99163,-0.0901832,0.052481,0.0760497
56243719000,-0.167664,1.78273,0.389388,0.0202019,-0.00454801,0.0103311,-0.991656,-0.0899569,0.0523484,0.0760679
56253719000,-0.167462,1.78268,0.389493,0.0201584,-0.00402712,0.0105774,-0.991683,-0.0897263,0.052218,0.0760808
56263719000,-0.167261,1.78264,0.3896,0.0201002,-0.00380485,0.0108092,-0.991709,-0.0894966,0.0520917,0.0760971
56273719000,-0.167059,1.78261,0.389709,0.0203021,-0.00345142,0.0110657,-0.991736,-0.0892628,0.0519645,0.0761075
56283719000,-0.166855,1.78257,0.389821,0.0204276,-0.00335209,0.0113995,-0.991762,-0.0890377,0.051834,0.0761143
56293719000,-0.166649,1.78254,0.389936,0.0207869,-0.00341841,0.0115525,-0.99179,-0.0888036,0.0517033,0.0761194
56303719000,-0.166561,1.78272,0.388575,0.0203657,-0.0026173,0.00635035,-0.991816,-0.088569,0.051576,0.0761298
56313719000,-0.166356,1.7827,0.38864,0.0205756,-0.00246191,0.00669473,-0.991843,-0.0883326,0.0514554,0.0761387
56323719000,-0.166149,1.78267,0.388708,0.0208607,-0.00247295,0.00699591,-0.991869,-0.0881052,0.0513337,0.0761493
56333719000,-0.165938,1.78265,0.388781,0.0212269,-0.00242351,0.00746134,-0.991895,-0.0878702,0.0512171,0.0761625
56343719000,-0.165724,1.78262,0.388857,0.0215212,-0.00261842,0.00787095,-0.99192,-0.0876367,0.0510973,0.0761779
56353719000,-0.165507,1.7826,0.388937,0.0219983,-0.00266525,0.00815103,-0.991946,-0.0873996,0.0509731,0.076198
56363719000,-0.165284,1.78257,0.389021,0.0225313,-0.00274433,0.00857583,-0.991973,-0.08715,0.050851,0.0762195
56373719000,-0.165056,1.78254,0.389109,0.0230105,-0.00271707,0.00900276,-0.991999,-0.086901,0.0507337,0.0762435
56383719000,-0.164824,1.78251,0.389201,0.0234493,-0.00285011,0.00931311,-0.992024,-0.086652,0.0506215,0.0762706
56393719000,-0.165021,1.78295,0.387789,0.0223881,-0.00128773,0.00430886,-0.992051,-0.0863927,0.0504946,0.0762969
56403719000,-0.164795,1.78294,0.387834,0.0228031,-0.00125255,0.00473644,-0.992079,-0.0861248,0.0503698,0.0763199
56413719000,-0.164895,1.78322,0.38687,0.0221605,-0.000144471,0.00133429,-0.992107,-0.085853,0.0502477,0.076346
56423719000,-0.16467,1.78322,0.386886,0.0228859,-0.000309671,0.00178865,-0.992134,-0.0855796,0.0501294,0.0763813
56433719000,-0.164438,1.78322,0.386904,0.0234217,-0.00044547,0.00194367,-0.992161,-0.0852986,0.0500087,0.0764159
56443719000,-0.164201,1.78321,0.386925,0.0240072,-0.000721054,0.00225796,-0.99219,-0.0850042,0.049885,0.0764539
56453719000,-0.163958,1.7832,0.38695,0.0246171,-0.000927987,0.00263051,-0.992219,-0.0847041,0.0497553,0.0764973
56463719000,-0.163708,1.78319,0.386977,0.0254048,-0.00110143,0.00288111,-0.992248,-0.0843968,0.0496219,0.0765461
56473719000,-0.163451,1.78318,0.387008,0.0259371,-0.00122756,0.00323243,-0.992276,-0.0840902,0.0494914,0.0765951
56483719000,-0.163189,1.78317,0.387042,0.026358,-0.0014632,0.00347652,-0.992305,-0.0837824,0.0493608,0.0766484
56493719000,-0.163383,1.7835,0.385876,0.0253385,-0.000369605,-0.000647295,-0.992333,-0.0834769,0.0492272,0.0767042
56503719000,-0.163127,1.7835,0.385871,0.0258626,-0.000361294,-0.000460487,-0.992362,-0.0831641,0.0490868,0.0767594
56513719000,-0.162865,1.7835,0.385867,0.0265287,-0.000457495,-0.000313056,-0.992391,-0.082849,0.0489473,0.0768114
56523719000,-0.162596,1.78349,0.385865,0.0272346,-0.000720469,-7.13095e-05,-0.99242,-0.0825375,0.0488092,0.0768662
56533719000,-0.162319,1.78348,0.385865,0.0280604,-0.00105602,-5.27975e-06,-0.992448,-0.0822214,0.0486704,0.0769252
56543719000,-0.162036,1.78347,0.385865,0.0286248,-0.00148484,7.18805e-06,-0.992476,-0.0819056,0.0485353,0.0769882
56553719000,-0.161746,1.78345,0.385866,0.0292996,-0.00180828,0.000148329,-0.992504,-0.0815846,0.0483948,0.0770527
56563719000,-0.161449,1.78343,0.385868,0.0300949,-0.00184133,0.000369641,-0.992533,-0.0812723,0.0482435,0.0771135
56573719000,-0.161145,1.78342,0.385873,0.0307514,-0.00201478,0.000627654,-0.99256,-0.0809658,0.0480982,0.0771735
56583719000,-0.160835,1.78339,0.38588,0.0313808,-0.00207782,0.000690174,-0.992588,-0.0806512,0.0479396,0.0772394
56593719000,-0.16051,1.78338,0.340558,0.0320981,-0.00227844,-0.0203218,-0.992615,-0.0803491,0.0477807,0.0773057
56603719000,-0.160186,1.78335,0.340355,0.0327199,-0.00257256,-0.0202625,-0.992642,-0.0800492,0.0476161,0.0773696
56613719000,-0.159856,1.78333,0.340153,0.0333559,-0.00263419,-0.0200394,-0.992669,-0.0797582,0.0474454,0.0774333
56623719000,-0.160225,1.78366,0.340012,0.0315323,-0.00133536,-0.0196471,-0.992695,-0.0794749,0.0472722,0.077496
56633719000,-0.16037,1.78386,0.33985,0.0306909,-0.000595429,-0.0192819,-0.992721,-0.0791975,0.047094,0.0775614
56643719000,-0.160059,1.78385,0.339657,0.0314739,-0.000511892,-0.019273,-0.992746,-0.0789218,0.0469158,0.0776212
56653719000,-0.159741,1.78385,0.339465,0.032074,-0.000500631,-0.0192219,-0.992772,-0.0786482,0.0467262,0.0776823
56663719000,-0.159417,1.78384,0.339273,0.0326939,-0.000610984,-0.0191134,-0.992798,-0.0783829,0.0465282,0.0777442
56673719000,-0.159086,1.78384,0.339082,0.0335006,-0.000674072,-0.0190983,-0.992823,-0.0781192,0.0463223,0.0778132
56683719000,-0.158748,1.78383,0.338889,0.0341669,-0.000719843,-0.0194869,-0.992847,-0.0778643,0.0461056,0.0778811
56693719000,-0.158403,1.78382,0.338693,0.0347823,-0.000720701,-0.019757,-0.992872,-0.0776087,0.0458833,0.0779507
56703719000,-0.158052,1.78382,0.338494,0.0355129,-0.000821161,-0.0200614,-0.992896,-0.0773662,0.045663,0.078013
56713719000,-0.157694,1.78381,0.338292,0.0360784,-0.000870466,-0.0202973,-0.992921,-0.0771246,0.0454348,0.0780787
56723719000,-0.157628,1.78378,0.338138,0.0355704,-0.000834031,-0.0202295,-0.992944,-0.0768899,0.0452005,0.0781454
56733719000,-0.157267,1.78378,0.337935,0.0364578,-0.000783288,-0.0204453,-0.992968,-0.0766626,0.0449626,0.0782085
56743719000,-0.1569,1.78377,0.337729,0.0369869,-0.000570136,-0.020671,-0.992991,-0.0764452,0.0447207,0.0782682
56753719000,-0.156527,1.78376,0.337521,0.0376519,-0.000546041,-0.0210825,-0.993013,-0.0762399,0.0444674,0.0783291
56763719000,-0.156148,1.78376,0.337308,0.0382217,-0.000487248,-0.0214885,-0.993035,-0.0760418,0.0442107,0.0783903
56773719000,-0.155763,1.78375,0.337091,0.0386716,-0.000379157,-0.021866,-0.993056,-0.0758609,0.0439447,0.0784456
56783719000,-0.155374,1.78375,0.33687,0.0390773,-0.000420467,-0.0223895,-0.993077,-0.0756838,0.0436803,0.0784972
56793719000,-0.154982,1.78375,0.336643,0.0394955,-0.000397399,-0.0230357,-0.993097,-0.0755243,0.0434092,0.0785466
56803719000,-0.154584,1.78374,0.336409,0.0399377,-0.000350076,-0.0236962,-0.993117,-0.0753755,0.0431324,0.0785968
56813719000,-0.154183,1.78374,0.336169,0.0404301,-1.29137e-05,-0.0243036,-0.993136,-0.0752386,0.0428484,0.0786412
56823719000,-0.153776,1.78374,0.335923,0.0408351,6.95519e-05,-0.0249118,-0.993155,-0.0751092,0.0425613,0.0786809
56833719000,-0.153367,1.78374,0.335671,0.0410858,0.000182807,-0.0254845,-0.993173,-0.0749926,0.0422778,0.0787139
56843719000,-0.153423,1.78361,0.335925,0.0398404,-0.000297889,-0.0241736,-0.993192,-0.0748778,0.0419916,0.0787402
56853719000,-0.153023,1.78361,0.335679,0.0401809,-0.00030134,-0.0249031,-0.993211,-0.074772,0.0416977,0.0787601
56863719000,-0.152957,1.78352,0.335829,0.0392708,-0.000548343,-0.0240956,-0.99323,-0.0746691,0.0414002,0.0787759
56873719000,-0.152563,1.78352,0.335584,0.0395885,-0.000544063,-0.0248189,-0.993248,-0.0745813,0.0411028,0.0787828
56883719000,-0.152165,1.78351,0.335333,0.0398769,-0.000783168,-0.0254821,-0.993265,-0.0745161,0.040804,0.0787847
56893719000,-0.151765,1.7835,0.335074,0.0401736,-0.000875661,-0.0263291,-0.993282,-0.0744586,0.0405127,0.0787743
56903719000,-0.151362,1.78349,0.334806,0.0405209,-0.0011018,-0.027147,-0.993298,-0.0744134,0.0402216,0.0787689
56913719000,-0.150955,1.78348,0.334531,0.0408004,-0.00129107,-0.0279735,-0.993313,-0.0743895,0.0399274,0.0787539
56923719000,-0.150546,1.78347,0.334248,0.041079,-0.00129007,-0.0286806,-0.993327,-0.0743753,0.0396288,0.0787328
56933719000,-0.150133,1.78346,0.333956,0.0414076,-0.00147761,-0.0295237,-0.993342,-0.0743715,0.0393307,0.0787025
56943719000,-0.149794,1.78331,0.334712,0.0414344,-0.00212811,-0.0259917,-0.993355,-0.0743873,0.0390389,0.0786654
56953719000,-0.149378,1.78329,0.334449,0.0416924,-0.00228833,-0.0265868,-0.993368,-0.0744162,0.0387411,0.0786213
56963719000,-0.14896,1.78327,0.33418,0.0419523,-0.0024642,-0.027263,-0.993381,-0.0744459,0.0384491,0.0785719
56973719000,-0.148539,1.78324,0.333903,0.0422252,-0.00278073,-0.0279729,-0.993393,-0.0744898,0.0381614,0.078523
56983719000,-0.148115,1.78321,0.33362,0.0425293,-0.00279251,-0.028734,-0.993405,-0.0745346,0.0378726,0.0784699
56993719000,-0.147688,1.78318,0.333328,0.0428628,-0.00305046,-0.0296945,-0.993416,-0.0745827,0.0375822,0.078415
57003719000,-0.147259,1.78315,0.333027,0.0430584,-0.00335008,-0.0304223,-0.993428,-0.0746387,0.0372982,0.0783522
57013719000,-0.146827,1.78312,0.332719,0.0432416,-0.00358282,-0.0312309,-0.993439,-0.0746953,0.0370115,0.0782929
57023719000,-0.146394,1.78308,0.332403,0.0434853,-0.00406531,-0.0320403,-0.99345,-0.0747577,0.0367294,0.0782304
57033719000,-0.145959,1.78304,0.332077,0.0435103,-0.00423857,-0.0329675,-0.993459,-0.0748282,0.036451,0.0781692
57043719000,-0.145524,1.78299,0.331745,0.0435524,-0.00472648,-0.0335665,-0.993469,-0.074904,0.0361724,0.0781009
57053719000,-0.145087,1.78294,0.331406,0.0438755,-0.00524651,-0.0342098,-0.993479,-0.0749852,0.0359044,0.0780239
57063719000,-0.145246,1.78245,0.333188,0.0416746,-0.00697598,-0.0268571,-0.993489,-0.0750683,0.0356336,0.07794
57073719000,-0.144828,1.78238,0.332915,0.0417477,-0.00734157,-0.0277692,-0.993498,-0.075165,0.0353629,0.0778582
57083719000,-0.14478,1.78207,0.334052,0.0403753,-0.00878255,-0.0232802,-0.993506,-0.0752705,0.0350976,0.0777698
57093719000,-0.144376,1.78198,0.333817,0.0404095,-0.00913507,-0.0238394,-0.993515,-0.0753822,0.0348343,0.0776715
57103719000,-0.143972,1.78189,0.333575,0.0402829,-0.0097974,-0.0244608,-0.993522,-0.0755017,0.0345756,0.0775746
57113719000,-0.143569,1.78179,0.333327,0.0403577,-0.0102354,-0.0251278,-0.993531,-0.075618,0.0343014,0.077473
57123719000,-0.143166,1.78168,0.333073,0.0402898,-0.0108051,-0.025796,-0.993539,-0.0757459,0.0340272,0.0773619
57133719000,-0.142764,1.78157,0.332811,0.0401025,-0.0114902,-0.0265036,-0.993547,-0.0758765,0.0337517,0.0772475
57143719000,-0.142363,1.78145,0.332543,0.0400277,-0.0121016,-0.0271582,-0.993556,-0.0760099,0.0334685,0.0771323
57153719000,-0.141962,1.78133,0.332268,0.0401022,-0.0126318,-0.0277316,-0.993564,-0.0761478,0.0331874,0.077016
57163719000,-0.141691,1.78131,0.333906,0.0395687,-0.0126772,-0.0210405,-0.993571,-0.0762935,0.0329062,0.0768932
57173719000,-0.141294,1.78118,0.333693,0.0396901,-0.0132451,-0.0215956,-0.993579,-0.0764369,0.0326215,0.076768
57183719000,-0.140897,1.78104,0.333474,0.0396024,-0.0137976,-0.0221927,-0.993587,-0.0765865,0.0323337,0.0766401
57193719000,-0.140502,1.7809,0.333251,0.0395529,-0.0143747,-0.0225287,-0.993595,-0.076746,0.0320351,0.0765086
57203719000,-0.140108,1.78076,0.333023,0.0391732,-0.0149359,-0.022913,-0.993601,-0.0769126,0.031731,0.0763809
57213719000,-0.139717,1.7806,0.332792,0.0389965,-0.0155757,-0.023331,-0.993608,-0.0770839,0.0314199,0.0762438
57223719000,-0.139329,1.78044,0.332557,0.0386867,-0.0163034,-0.0237023,-0.993616,-0.0772578,0.0311019,0.0761053
57233719000,-0.138942,1.78028,0.332319,0.0386374,-0.0169836,-0.0239202,-0.993623,-0.0774372,0.0307808,0.0759614
57243719000,-0.138558,1.7801,0.332078,0.0383306,-0.0176158,-0.0241604,-0.993629,-0.077626,0.0304571,0.0758204
57253719000,-0.138175,1.77993,0.331836,0.0382199,-0.0182463,-0.0243928,-0.993634,-0.0778251,0.0301277,0.0756744
57263719000,-0.137793,1.77974,0.331591,0.0381821,-0.0188485,-0.0246276,-0.99364,-0.0780305,0.0297857,0.0755236
57273719000,-0.137411,1.77955,0.331343,0.0381834,-0.0193747,-0.024846,-0.993645,-0.078248,0.029438,0.0753723
57283719000,-0.137029,1.77935,0.331094,0.0381415,-0.0198501,-0.0249454,-0.993649,-0.0784746,0.02908,0.075223
57293719000,-0.136649,1.77915,0.330844,0.0380127,-0.0202798,-0.0250462,-0.993652,-0.0787105,0.0287156,0.0750726
57303719000,-0.13627,1.77895,0.330593,0.0377735,-0.0207725,-0.0252464,-0.993655,-0.0789553,0.0283468,0.0749184
57313719000,-0.135892,1.77874,0.330341,0.0377539,-0.0213522,-0.0251349,-0.993657,-0.0792083,0.0279594,0.0747605
57323719000,-0.135515,1.77852,0.330089,0.0376426,-0.0217476,-0.0251968,-0.99366,-0.0794685,0.0275632,0.0745958
57333719000,-0.135139,1.7783,0.329837,0.037597,-0.0220561,-0.0253041,-0.993662,-0.0797393,0.0271557,0.0744354
57343719000,-0.134765,1.77808,0.329584,0.0373512,-0.0223604,-0.0252894,-0.993663,-0.0800217,0.0267345,0.0742736
57353719000,-0.134315,1.77889,0.331824,0.0375534,-0.0190757,-0.016885,-0.993663,-0.0803102,0.0263037,0.0741113
57363719000,-0.133939,1.7787,0.331655,0.0374233,-0.0192757,-0.0168458,-0.993662,-0.0806069,0.0258765,0.0739498
57373719000,-0.133565,1.77851,0.331487,0.0374698,-0.0192781,-0.0167732,-0.993661,-0.0809083,0.0254362,0.0737874
57383719000,-0.13319,1.77832,0.33132,0.0374462,-0.0193626,-0.0166688,-0.99366,-0.0812083,0.0249877,0.0736243
57393719000,-0.132816,1.77812,0.331154,0.0373144,-0.0193135,-0.0165246,-0.993659,-0.0815151,0.0245288,0.0734596
57403719000,-0.132443,1.77793,0.330989,0.0372549,-0.0192107,-0.0164742,-0.993657,-0.0818206,0.0240638,0.073291
57413719000,-0.132071,1.77774,0.330824,0.0372354,-0.0190139,-0.0164329,-0.993656,-0.0821216,0.0235978,0.07312
57423719000,-0.131699,1.77755,0.330661,0.0372109,-0.0187396,-0.0162762,-0.993656,-0.0824135,0.0231219,0.0729509
57433719000,-0.131327,1.77736,0.330499,0.0372708,-0.0185698,-0.0161137,-0.993655,-0.0827039,0.0226498,0.0727849
57443719000,-0.130954,1.77718,0.330338,0.037306,-0.0181791,-0.0160056,-0.993655,-0.0829805,0.0221727,0.0726135
57453719000,-0.130581,1.777,0.330179,0.0373081,-0.0177849,-0.0159115,-0.993655,-0.0832547,0.021692,0.0724439
57463719000,-0.130207,1.77682,0.330021,0.0374989,-0.0173669,-0.0156429,-0.993656,-0.0835134,0.021209,0.0722669
57473719000,-0.129833,1.77665,0.329865,0.0373215,-0.0168178,-0.0154385,-0.993659,-0.0837599,0.0207207,0.072085
57483719000,-0.129459,1.77649,0.329713,0.0375232,-0.0165285,-0.0151192,-0.993663,-0.0839914,0.0202237,0.0719044
57493719000,-0.129084,1.77632,0.329564,0.0374404,-0.016199,-0.01462,-0.993669,-0.0842021,0.0197174,0.0717224
57503719000,-0.12871,1.77616,0.32942,0.037423,-0.0160066,-0.0141828,-0.993675,-0.0843969,0.0192083,0.0715385
57513719000,-0.128335,1.776,0.329281,0.0374126,-0.0156827,-0.0136537,-0.993684,-0.0845655,0.0186945,0.071354
57523719000,-0.127961,1.77585,0.329147,0.0374153,-0.0152359,-0.0131972,-0.993695,-0.0847083,0.0181819,0.0711662
57533719000,-0.127586,1.7757,0.329018,0.0375824,-0.0145883,-0.0125882,-0.993707,-0.0848378,0.0176728,0.070975
57543719000,-0.127211,1.77556,0.328894,0.0374591,-0.0142871,-0.0120576,-0.99372,-0.084946,0.0171585,0.0707848
57553719000,-0.127289,1.77334,0.331073,0.0359699,-0.0202183,-0.00448684,-0.993734,-0.0850364,0.0166465,0.0705979
57563719000,-0.126928,1.77314,0.331032,0.0359733,-0.0200292,-0.00363958,-0.993749,-0.0851192,0.0161322,0.0704095
57573719000,-0.126784,1.77183,0.332048,0.0353934,-0.0230222,0.000203578,-0.993764,-0.0851897,0.0156172,0.0702222
57583719000,-0.126428,1.7716,0.332053,0.0355327,-0.0224508,0.000936764,-0.993781,-0.0852486,0.0150977,0.0700319
57593719000,-0.126069,1.77138,0.313591,0.0356741,-0.0218501,-0.00693463,-0.993798,-0.0852987,0.0145762,0.0698378
57603719000,-0.125712,1.77116,0.313526,0.035646,-0.0214141,-0.00612582,-0.993814,-0.0853533,0.0140598,0.0696461
57613719000,-0.125356,1.77095,0.31347,0.035654,-0.0211084,-0.00508145,-0.99383,-0.0854027,0.0135423,0.0694553
57623719000,-0.124999,1.77074,0.313425,0.0357314,-0.0206117,-0.00396163,-0.993847,-0.0854424,0.013021,0.0692657
57633719000,-0.124642,1.77054,0.31339,0.035754,-0.0201684,-0.00297207,-0.993865,-0.0854744,0.0124997,0.069074
57643719000,-0.124283,1.77034,0.313366,0.0358938,-0.019625,-0.00190553,-0.993882,-0.0854988,0.0119637,0.0688811
57653719000,-0.124286,1.76974,0.313826,0.0349886,-0.0206374,0.0012923,-0.9939,-0.0855159,0.0114188,0.0686966
57663719000,-0.123935,1.76954,0.313846,0.0350941,-0.0202691,0.00257365,-0.993917,-0.0855317,0.0108771,0.0685157
57673719000,-0.123584,1.76934,0.313871,0.0350238,-0.019907,0.00254995,-0.993935,-0.0855393,0.0103437,0.0683257
57683719000,-0.123222,1.76914,0.313892,0.0373069,-0.0206334,0.00152645,-0.993952,-0.0855415,0.00982285,0.0681554
57693719000,-0.122843,1.76897,0.3139,0.0385127,-0.0133473,3.61175e-05,-0.993968,-0.0855508,0.00929826,0.0679859
57703719000,-0.12246,1.76883,0.313909,0.0381726,-0.0140516,0.00178964,-0.993986,-0.0855377,0.00876757,0.0678171
57713719000,-0.122072,1.76869,0.313935,0.0394172,-0.0136799,0.00337784,-0.994001,-0.0855429,0.00824676,0.067651
57723719000,-0.121678,1.76856,0.313973,0.0393529,-0.0124717,0.00439849,-0.994015,-0.0855525,0.00772224,0.0674901
57733719000,-0.121279,1.76843,0.314021,0.0404864,-0.0134281,0.00517159,-0.99403,-0.0855515,0.00720571,0.0673273
57743719000,-0.120868,1.76831,0.314076,0.0417682,-0.0109072,0.00574452,-0.994044,-0.0855569,0.00668723,0.0671723
57753719000,-0.120448,1.7682,0.314137,0.0422694,-0.0105959,0.00653806,-0.994059,-0.0855459,0.00616573,0.0670115
57763719000,-0.120022,1.7681,0.314208,0.0429386,-0.00987548,0.00762515,-0.994073,-0.0855423,0.00565229,0.0668498
57773719000,-0.121103,1.76759,0.31386,0.0391231,-0.00986221,0.00648808,-0.994086,-0.08554,0.00513466,0.0667023
57783719000,-0.120708,1.7675,0.313931,0.039802,-0.00983921,0.0077323,-0.9941,-0.085528,0.00462532,0.0665472
57793719000,-0.121319,1.76706,0.313642,0.0373894,-0.00943795,0.00676423,-0.994114,-0.0855153,0.00411825,0.0663964
57803719000,-0.120941,1.76697,0.313714,0.0382331,-0.00922298,0.00767328,-0.994128,-0.0854875,0.00361347,0.0662504
57813719000,-0.120555,1.76688,0.313795,0.0389476,-0.00888475,0.0084902,-0.994142,-0.0854448,0.00311144,0.0661092
57823719000,-0.120162,1.76679,0.313884,0.0395431,-0.00848652,0.009344,-0.994158,-0.0853863,0.00261162,0.0659764
57833719000,-0.119764,1.76671,0.313982,0.0401669,-0.00845842,0.0101714,-0.994175,-0.0853012,0.00211624,0.0658476
57843719000,-0.119358,1.76663,0.314088,0.0410273,-0.00778452,0.0110663,-0.994192,-0.0852016,0.00161427,0.0657302
57853719000,-0.118945,1.76655,0.314202,0.0415918,-0.00772254,0.0118094,-0.994211,-0.085079,0.00111143,0.0656178
57863719000,-0.118524,1.76647,0.314325,0.0425125,-0.0075504,0.0127008,-0.99423,-0.0849407,0.00060225,0.0655067
57873719000,-0.118096,1.7664,0.314455,0.0432212,-0.00730171,0.0134062,-0.994251,-0.0847831,9.86842e-05,0.0654014
57883719000,-0.118471,1.76641,0.313151,0.0413101,-0.00708535,0.00873062,-0.994272,-0.0846106,-0.000402434,0.065301
57893719000,-0.118054,1.76635,0.313241,0.0419687,-0.00674569,0.00934405,-0.994294,-0.0844247,-0.000902541,0.0652046
57903719000,-0.11763,1.76628,0.313338,0.0427104,-0.00678405,0.0100302,-0.994316,-0.0842231,-0.00140419,0.065114
57913719000,-0.117199,1.76621,0.313441,0.0434703,-0.0068098,0.0104877,-0.994339,-0.0840118,-0.00190236,0.0650308
57923719000,-0.11676,1.76614,0.313549,0.0442761,-0.00678177,0.0110632,-0.994363,-0.083782,-0.00240261,0.0649461
57933719000,-0.116314,1.76607,0.313662,0.0450865,-0.00685336,0.0115285,-0.994387,-0.0835374,-0.00290774,0.0648643
57943719000,-0.115858,1.766,0.31378,0.045998,-0.00700819,0.0120822,-0.994413,-0.0832769,-0.00341192,0.0647847
57953719000,-0.115394,1.76593,0.313901,0.0469118,-0.00729625,0.0122223,-0.994439,-0.0829999,-0.00391234,0.0647076
57963719000,-0.11492,1.76586,0.314025,0.0478522,-0.00748686,0.0125201,-0.994465,-0.0827119,-0.00440936,0.0646379
57973719000,-0.11531,1.76643,0.31211,0.0458408,-0.00565424,0.00466627,-0.994492,-0.0824108,-0.00490606,0.0645702
57983719000,-0.114847,1.76637,0.312157,0.0465907,-0.00572838,0.00468049,-0.99452,-0.0820949,-0.00539525,0.0645086
57993719000,-0.115034,1.76674,0.310906,0.0450813,-0.00462428,-0.000488567,-0.994548,-0.0817665,-0.00588398,0.0644476
58003719000,-0.114579,1.76669,0.310899,0.0456933,-0.00477298,-0.000836635,-0.994578,-0.0814142,-0.0063718,0.0643919
58013719000,-0.114118,1.76664,0.310888,0.046532,-0.00502905,-0.00132688,-0.994608,-0.0810485,-0.00685165,0.0643358
58023719000,-0.113648,1.76659,0.310872,0.0473952,-0.00550906,-0.0019226,-0.994638,-0.0806786,-0.00733936,0.0642758
58033719000,-0.113171,1.76653,0.310848,0.0481777,-0.00609041,-0.00279439,-0.99467,-0.0802977,-0.00782087,0.0642135
58043719000,-0.112686,1.76647,0.310816,0.0488378,-0.00632064,-0.00372913,-0.994702,-0.0799007,-0.00829142,0.0641537
58053719000,-0.112194,1.7664,0.310771,0.0495629,-0.00693856,-0.00512611,-0.994734,-0.0794976,-0.00875612,0.064095
58063719000,-0.111695,1.76633,0.310713,0.050198,-0.00756645,-0.00658517,-0.994766,-0.0790855,-0.00921378,0.0640381
58073719000,-0.111189,1.76625,0.310639,0.050999,-0.00845871,-0.00827415,-0.994798,-0.078675,-0.00966885,0.0639769
58083719000,-0.110677,1.76616,0.310548,0.0514679,-0.00948782,-0.00983542,-0.994831,-0.07826,-0.0101227,0.0639097
58093719000,-0.110159,1.76606,0.31044,0.0520612,-0.010297,-0.0118544,-0.994864,-0.0778389,-0.0105761,0.0638377
58103719000,-0.110286,1.76687,0.309547,0.0504366,-0.00811843,-0.0167734,-0.994897,-0.0774147,-0.0110305,0.0637632
58113719000,-0.109778,1.76679,0.309368,0.0511076,-0.00882935,-0.019076,-0.994929,-0.0769994,-0.0114846,0.0636845
58123719000,-0.109264,1.76669,0.309166,0.0516307,-0.0103449,-0.0212369,-0.994961,-0.0765826,-0.0119392,0.0636054
58133719000,-0.108744,1.76658,0.308942,0.0522578,-0.0118086,-0.0237193,-0.994992,-0.0761683,-0.0123838,0.0635216
58143719000,-0.10822,1.76645,0.308691,0.0526715,-0.0135934,-0.0263243,-0.995025,-0.0757447,-0.012827,0.0634286
58153719000,-0.10769,1.76631,0.308414,0.0533838,-0.0149315,-0.0291287,-0.995057,-0.0753252,-0.0132701,0.0633358
58163719000,-0.107153,1.76615,0.308109,0.0539238,-0.0165821,-0.03195,-0.995088,-0.0749077,-0.0137206,0.0632421
58173719000,-0.10661,1.76598,0.307775,0.0546928,-0.0182392,-0.0347925,-0.99512,-0.0744904,-0.0141724,0.0631384
58183719000,-0.10606,1.76579,0.307412,0.0552978,-0.0198852,-0.0379297,-0.99515,-0.0740827,-0.0146239,0.0630349
58193719000,-0.105504,1.76558,0.307017,0.0558975,-0.0215184,-0.0409255,-0.995179,-0.0736874,-0.0150789,0.0629332
58203719000,-0.105254,1.76678,0.308541,0.0555108,-0.0184082,-0.0369181,-0.995208,-0.0733003,-0.0155388,0.0628234
58213719000,-0.104695,1.76659,0.308157,0.0561643,-0.0201388,-0.0399618,-0.995234,-0.0729348,-0.016008,0.0627132
58223719000,-0.104409,1.76749,0.309321,0.0558676,-0.0182072,-0.037268,-0.995259,-0.0725877,-0.016486,0.0625972
58233719000,-0.103847,1.7673,0.308932,0.0564529,-0.0198687,-0.0404,-0.995282,-0.0722609,-0.0169742,0.06248
58243719000,-0.103279,1.76709,0.308513,0.0569754,-0.0215915,-0.0435051,-0.995303,-0.0719581,-0.0174752,0.0623586
58253719000,-0.102707,1.76686,0.308062,0.0575203,-0.0235623,-0.0466339,-0.995321,-0.0716844,-0.0179883,0.0622368
58263719000,-0.102129,1.76662,0.307581,0.0580615,-0.0255282,-0.0496022,-0.995336,-0.0714417,-0.0185114,0.0621182
58273719000,-0.101546,1.76635,0.30707,0.0585712,-0.0273156,-0.0526264,-0.995349,-0.071236,-0.0190455,0.0619942
58283719000,-0.100958,1.76607,0.306529,0.0591166,-0.029314,-0.0556052,-0.995359,-0.0710624,-0.0195834,0.0618676
58293719000,-0.100365,1.76577,0.305957,0.059385,-0.0310352,-0.0586477,-0.995365,-0.0709341,-0.0201367,0.0617368
58303719000,-0.0997695,1.76545,0.305356,0.0597569,-0.0330745,-0.0615868,-0.995368,-0.0708401,-0.0207018,0.0616084
58313719000,-0.0992358,1.76542,0.30945,0.0598053,-0.0340444,-0.0470994,-0.995368,-0.0707869,-0.0212761,0.0614764
58323719000,-0.0986366,1.76507,0.308964,0.0599076,-0.0359046,-0.050197,-0.995364,-0.0707871,-0.0218573,0.0613399
58333719000,-0.0980352,1.7647,0.308447,0.0603322,-0.0379115,-0.0530966,-0.995356,-0.0708275,-0.0224461,0.0612023
58343719000,-0.0974315,1.76431,0.307901,0.0603994,-0.0398026,-0.0561218,-0.995346,-0.0709107,-0.0230339,0.0610588
58353719000,-0.0968269,1.7639,0.307326,0.0605431,-0.0416813,-0.058884,-0.995332,-0.0710312,-0.0236364,0.0609117
58363719000,-0.0962216,1.76348,0.306724,0.0605182,-0.0435557,-0.0616155,-0.995316,-0.0711827,-0.0242401,0.0607651
58373719000,-0.0956171,1.76303,0.306094,0.0604053,-0.0452687,-0.0642845,-0.995296,-0.0713723,-0.0248623,0.0606164
58383719000,-0.0950133,1.76257,0.305438,0.0603791,-0.0467927,-0.0669382,-0.995273,-0.0715967,-0.0254865,0.0604647
58393719000,-0.09441,1.7621,0.304755,0.0602971,-0.0483179,-0.0697306,-0.995248,-0.07185,-0.0261199,0.0603116
58403719000,-0.0938079,1.7616,0.304044,0.0601383,-0.0500878,-0.0724681,-0.995221,-0.0721243,-0.0267515,0.0601512
58413719000,-0.0928459,1.7601,0.310933,0.0611218,-0.0549478,-0.0477747,-0.995192,-0.0724216,-0.027383,0.0599895
58423719000,-0.0922342,1.75954,0.310443,0.0610643,-0.0565866,-0.0502995,-0.995161,-0.0727247,-0.0280197,0.0598366
58433719000,-0.0913638,1.75852,0.315049,0.0619611,-0.0597466,-0.0345052,-0.995129,-0.0730395,-0.028665,0.0596855
58443719000,-0.0907452,1.75792,0.314691,0.0616166,-0.0611528,-0.0372316,-0.995095,-0.0733603,-0.0293046,0.0595373
58453719000,-0.0901303,1.7573,0.314306,0.0613236,-0.0628758,-0.0396528,-0.995061,-0.0736875,-0.0299459,0.0593883
58463719000,-0.0895187,1.75666,0.313897,0.0609805,-0.0642948,-0.0422574,-0.995026,-0.0740195,-0.0305931,0.0592384
58473719000,-0.0889107,1.75601,0.313461,0.0606224,-0.06578,-0.0448339,-0.994989,-0.0743564,-0.0312341,0.0590934
58483719000,-0.0883065,1.75534,0.313,0.0602482,-0.0672802,-0.0475002,-0.994952,-0.0746927,-0.0318711,0.0589544
58493719000,-0.0877062,1.75467,0.312513,0.059818,-0.0683396,-0.0498182,-0.994915,-0.0750275,-0.0325066,0.0588139
58503719000,-0.0871101,1.75397,0.312003,0.059417,-0.0698256,-0.0521416,-0.994876,-0.0753639,-0.0331422,0.0586816
58513719000,-0.0865182,1.75327,0.31147,0.0589826,-0.0711616,-0.0544464,-0.994838,-0.0756861,-0.0337736,0.0585509
58523719000,-0.0859317,1.75255,0.310914,0.058341,-0.072627,-0.0567823,-0.994799,-0.0760055,-0.0344134,0.0584226
58533719000,-0.0853519,1.75182,0.310336,0.0576269,-0.0740151,-0.0588294,-0.994759,-0.0763315,-0.0350507,0.0582984
58543719000,-0.0839017,1.75029,0.317625,0.0601215,-0.0781505,-0.0323047,-0.99472,-0.076653,-0.0356715,0.0581776
58553719000,-0.0833034,1.7495,0.317291,0.0594078,-0.0796297,-0.0344547,-0.99468,-0.0769663,-0.036288,0.0580541
58563719000,-0.0827122,1.7487,0.316936,0.0587984,-0.0809605,-0.0365306,-0.994642,-0.0772731,-0.036894,0.0579305
58573719000,-0.0821286,1.74788,0.31656,0.0579161,-0.0823868,-0.0386187,-0.994602,-0.0775716,-0.0374954,0.0578163
58583719000,-0.081553,1.74705,0.316164,0.0572094,-0.0835074,-0.0407105,-0.994564,-0.0778614,-0.0380907,0.0576973
58593719000,-0.0809856,1.74621,0.315746,0.0562695,-0.0847068,-0.0427756,-0.994525,-0.078154,-0.0386759,0.0575816
58603719000,-0.0804272,1.74536,0.315308,0.0554409,-0.085748,-0.0448952,-0.994487,-0.0784418,-0.0392496,0.0574623
58613719000,-0.0798768,1.7445,0.314849,0.0546454,-0.0867331,-0.046948,-0.99445,-0.078723,-0.0398109,0.0573404
58623719000,-0.0793343,1.74363,0.314368,0.0538667,-0.0875524,-0.0491446,-0.994413,-0.0789966,-0.0403568,0.0572178
58633719000,-0.0787995,1.74275,0.313867,0.0531148,-0.0883991,-0.0511335,-0.994377,-0.0792601,-0.0408935,0.0571016
58643719000,-0.077561,1.7401,0.322554,0.0548342,-0.095273,-0.0206689,-0.994342,-0.079507,-0.0414147,0.0569826
58653719000,-0.0765284,1.73812,0.328045,0.0558882,-0.0996069,-0.00237204,-0.994308,-0.0797432,-0.0419298,0.0568643
58663719000,-0.0759722,1.73712,0.328011,0.0552108,-0.100118,-0.0043716,-0.994276,-0.0799709,-0.0424343,0.0567439
58673719000,-0.0754224,1.73612,0.327956,0.0547104,-0.100398,-0.00653591,-0.994244,-0.0801804,-0.0429337,0.0566284
58683719000,-0.0748783,1.73511,0.327881,0.0541064,-0.101109,-0.00848262,-0.994214,-0.0803729,-0.0434257,0.05651
58693719000,-0.0743371,1.7341,0.302727,0.0534793,-0.101257,-0.0194805,-0.994186,-0.0805346,-0.0439159,0.056393
58703719000,-0.0738045,1.73309,0.302521,0.0530611,-0.101397,-0.0216752,-0.99416,-0.0806682,-0.0443959,0.0562747
58713719000,-0.0732768,1.73207,0.302293,0.0524831,-0.101511,-0.0239845,-0.994137,-0.0807686,-0.0448716,0.056159
58723719000,-0.0727548,1.73106,0.302041,0.0519272,-0.101863,-0.0263519,-0.994116,-0.0808417,-0.0453494,0.056044
58733719000,-0.0722388,1.73004,0.301766,0.051291,-0.10214,-0.028691,-0.994097,-0.0808919,-0.0458203,0.0559227
58743719000,-0.0715629,1.72765,0.306598,0.0512031,-0.107133,-0.00307543,-0.994082,-0.0809135,-0.0462708,0.0558009
58753719000,-0.071054,1.72658,0.306556,0.0504855,-0.107161,-0.00541851,-0.994068,-0.0809183,-0.0467147,0.0556752
58763719000,-0.0705526,1.72551,0.30649,0.0497717,-0.107373,-0.00772569,-0.994057,-0.0808852,-0.0471568,0.0555442
58773719000,-0.0700578,1.72444,0.3064,0.0491898,-0.107531,-0.0102224,-0.994048,-0.0808316,-0.0475893,0.0554066
58783719000,-0.0695694,1.72336,0.306287,0.0484857,-0.107611,-0.0124933,-0.994042,-0.0807542,-0.0480147,0.0552656
58793719000,-0.0690878,1.72228,0.306151,0.0478408,-0.107873,-0.0146579,-0.994039,-0.0806458,-0.0484354,0.0551111
58803719000,-0.0686121,1.7212,0.305993,0.0473109,-0.107951,-0.0168607,-0.994038,-0.0805164,-0.0488463,0.0549463
58813719000,-0.0681411,1.72012,0.305814,0.0468946,-0.108217,-0.0190892,-0.99404,-0.0803622,-0.049249,0.0547808
58823719000,-0.0676746,1.71904,0.305613,0.0464257,-0.108232,-0.0211111,-0.994044,-0.0801882,-0.0496463,0.0546054
58833719000,-0.0672119,1.71796,0.305391,0.0461309,-0.10848,-0.0232016,-0.994049,-0.0800003,-0.0500393,0.0544217
58843719000,-0.0667526,1.71687,0.30515,0.0457397,-0.108629,-0.0250149,-0.994057,-0.0797907,-0.0504216,0.0542324
58853719000,-0.0651953,1.71366,0.312881,0.0495286,-0.116203,0.0097101,-0.994066,-0.0795683,-0.0507976,0.054043
58863719000,-0.064701,1.7125,0.312969,0.0492556,-0.116239,0.00781438,-0.994077,-0.0793362,-0.0511535,0.0538441
58873719000,-0.063473,1.71001,0.318373,0.0518306,-0.121021,0.0299633,-0.994089,-0.0790907,-0.0515024,0.0536493
58883719000,-0.0629553,1.7088,0.318664,0.0516347,-0.121403,0.0282705,-0.994102,-0.0788377,-0.0518449,0.053452
58893719000,-0.0624394,1.70758,0.318939,0.0515302,-0.121887,0.0267099,-0.994115,-0.078585,-0.0521851,0.0532592
58903719000,-0.0619251,1.70636,0.319199,0.0513272,-0.122486,0.0251327,-0.994129,-0.0783247,-0.0525164,0.0530569
58913719000,-0.0614117,1.70513,0.319443,0.0513586,-0.123069,0.0238104,-0.994143,-0.07806,-0.0528334,0.0528604
58923719000,-0.0608983,1.7039,0.319676,0.0513246,-0.123846,0.022661,-0.994158,-0.0778065,-0.0531337,0.0526667
58933719000,-0.0603857,1.70266,0.319897,0.051204,-0.124471,0.0215574,-0.994171,-0.0775586,-0.0534299,0.0524825
58943719000,-0.0598729,1.70141,0.320108,0.0513651,-0.125128,0.0206276,-0.994185,-0.0773101,-0.0537131,0.0522984
58953719000,-0.0593584,1.70016,0.320308,0.0515442,-0.125528,0.0195193,-0.994197,-0.0770752,-0.0539851,0.0521208
58963719000,-0.0588436,1.6989,0.320498,0.0514057,-0.125941,0.0184201,-0.994209,-0.0768545,-0.054248,0.0519588
58973719000,-0.0580706,1.69641,0.327868,0.052483,-0.130818,0.0480686,-0.994219,-0.0766473,-0.0544931,0.0518075
58983719000,-0.057544,1.6951,0.328344,0.0527981,-0.13138,0.0472372,-0.99423,-0.0764416,-0.0547244,0.0516566
58993719000,-0.0570159,1.69378,0.328812,0.0527988,-0.132133,0.0463975,-0.994241,-0.0762415,-0.0549396,0.0515133
59003719000,-0.0564878,1.69246,0.329274,0.0528338,-0.132598,0.0458917,-0.994252,-0.0760469,-0.0551355,0.0513769
59013719000,-0.0559589,1.69113,0.32973,0.0529309,-0.133081,0.0453837,-0.994264,-0.0758556,-0.0553012,0.0512472
59023719000,-0.0554295,1.6898,0.330183,0.0529503,-0.133485,0.0451416,-0.994277,-0.0756721,-0.0554346,0.05113
59033719000,-0.0548993,1.68846,0.330634,0.0531098,-0.133739,0.045111,-0.994292,-0.0754813,-0.0555312,0.0510161
59043719000,-0.0543666,1.68712,0.331086,0.0534259,-0.134,0.0451813,-0.994307,-0.0752959,-0.0555958,0.050917
59053719000,-0.0538323,1.68578,0.331539,0.0534288,-0.134366,0.0454723,-0.994325,-0.0751105,-0.0556183,0.0508305
59063719000,-0.053297,1.68443,0.331996,0.0536315,-0.134846,0.0458713,-0.994343,-0.0749305,-0.0556031,0.050751
59073719000,-0.0523977,1.68185,0.339923,0.0552469,-0.139534,0.0758635,-0.994363,-0.0747535,-0.0555452,0.0506863
59083719000,-0.0518433,1.68046,0.340684,0.0556632,-0.139884,0.0763843,-0.994384,-0.0745828,-0.0554429,0.0506279
59093719000,-0.0511012,1.67833,0.346134,0.0567197,-0.142945,0.0955596,-0.994408,-0.0744119,-0.0552959,0.0505824
59103719000,-0.0505322,1.6769,0.347093,0.0571092,-0.143351,0.0962839,-0.994432,-0.074244,-0.0551025,0.0505571
59113719000,-0.0499587,1.67546,0.34806,0.0576209,-0.143921,0.097137,-0.994459,-0.0740695,-0.054861,0.050548
59123719000,-0.0493802,1.67402,0.349035,0.0580749,-0.144584,0.0978478,-0.994488,-0.0738943,-0.0545735,0.05055
59133719000,-0.0487952,1.67257,0.350019,0.0589263,-0.145144,0.0988882,-0.99452,-0.0737019,-0.0542389,0.0505615
59143719000,-0.0482023,1.67112,0.351013,0.0596345,-0.145779,0.100006,-0.994554,-0.0735027,-0.0538553,0.0505893
59153719000,-0.0476034,1.66965,0.35202,0.060135,-0.146552,0.101412,-0.99459,-0.0733002,-0.0534234,0.0506349
59163719000,-0.0469989,1.66818,0.353042,0.0607571,-0.147454,0.102857,-0.994629,-0.0730922,-0.0529345,0.0506907
59173719000,-0.0463886,1.66671,0.354079,0.0612882,-0.148223,0.104606,-0.994669,-0.0728739,-0.0524058,0.0507672
59183719000,-0.0457723,1.66522,0.355134,0.0619598,-0.149212,0.106369,-0.99471,-0.0726586,-0.0518256,0.0508697
59193719000,-0.0451327,1.66331,0.359794,0.0627908,-0.151748,0.12197,-0.994752,-0.0724344,-0.0511944,0.0509889
59203719000,-0.0445014,1.66179,0.361024,0.0635905,-0.152724,0.123901,-0.994796,-0.0722091,-0.0505226,0.0511347
59213719000,-0.0438632,1.66026,0.362273,0.0641122,-0.153783,0.125974,-0.99484,-0.0719907,-0.0497969,0.0513026
59223719000,-0.0432181,1.65871,0.363544,0.0649144,-0.15514,0.128153,-0.994882,-0.0717881,-0.0490222,0.0514991
59233719000,-0.0425658,1.65716,0.364836,0.0655206,-0.156587,0.130294,-0.994925,-0.0716034,-0.0481894,0.0517239
59243719000,-0.0419067,1.65558,0.36615,0.0662824,-0.158021,0.132423,-0.994966,-0.0714382,-0.0473029,0.0519753
59253719000,-0.0412414,1.654,0.367487,0.066766,-0.159254,0.135062,-0.995006,-0.0712977,-0.0463688,0.0522528
59263719000,-0.0405712,1.6524,0.36885,0.0672431,-0.160408,0.137493,-0.995043,-0.0711837,-0.0453847,0.052557
59273719000,-0.0398974,1.65079,0.370239,0.0674927,-0.16199,0.140302,-0.995078,-0.0711041,-0.0443413,0.0528883
59283719000,-0.0392208,1.64916,0.371655,0.0677919,-0.163552,0.142939,-0.995111,-0.0710557,-0.0432419,0.0532421
59293719000,-0.0402734,1.64709,0.373839,0.0616649,-0.166695,0.148429,-0.995142,-0.0710303,-0.0420997,0.0536114
59303719000,-0.0396579,1.64541,0.375338,0.0616971,-0.168184,0.151355,-0.995171,-0.0710317,-0.0409089,0.053994
59313719000,-0.0401922,1.64364,0.377018,0.0575515,-0.170056,0.154947,-0.995198,-0.0710584,-0.0396689,0.0543906
59323719000,-0.0396187,1.64194,0.378584,0.0574274,-0.17169,0.158229,-0.995222,-0.0711035,-0.038386,0.0548053
59333719000,-0.0390459,1.64021,0.380183,0.0572119,-0.17327,0.161602,-0.995245,-0.071164,-0.037059,0.0552248
59343719000,-0.038476,1.63847,0.381817,0.0567904,-0.174493,0.16504,-0.995266,-0.0712385,-0.0356954,0.0556515
59353719000,-0.0379101,1.63672,0.383484,0.0563756,-0.175606,0.168436,-0.995284,-0.0713182,-0.0342961,0.0560943
59363719000,-0.0373503,1.63496,0.385185,0.055539,-0.176747,0.171767,-0.995301,-0.0714004,-0.032869,0.0565446
59373719000,-0.0367966,1.63319,0.38692,0.0551626,-0.177681,0.175239,-0.995317,-0.0714787,-0.0314016,0.0570032
59383719000,-0.036248,1.63141,0.388689,0.0545202,-0.178457,0.178612,-0.995331,-0.0715515,-0.0299081,0.0574711
59393719000,-0.0357058,1.62962,0.390493,0.0538882,-0.179375,0.182069,-0.995344,-0.0715976,-0.0283855,0.0579501
59403719000,-0.0362584,1.62817,0.388973,0.049078,-0.178719,0.172954,-0.995357,-0.071626,-0.026839,0.0584358
59413719000,-0.0357735,1.62638,0.390719,0.0481957,-0.179217,0.176163,-0.99537,-0.0716169,-0.0252595,0.0589233
59423719000,-0.0352957,1.62458,0.392496,0.0474661,-0.179501,0.179207,-0.995383,-0.0715644,-0.02365,0.0594213
59433719000,-0.0348251,1.62279,0.394302,0.0466745,-0.179607,0.182145,-0.995398,-0.071471,-0.0220196,0.0599218
59443719000,-0.0343623,1.62099,0.396138,0.0458628,-0.179944,0.184997,-0.995413,-0.0713252,-0.0203663,0.0604306
59453719000,-0.0339078,1.61919,0.398002,0.0449941,-0.180293,0.187811,-0.995429,-0.0711215,-0.0186907,0.0609408
59463719000,-0.0334619,1.61739,0.399895,0.0441481,-0.180319,0.190672,-0.995446,-0.0708556,-0.0169878,0.0614658
59473719000,-0.0330251,1.61558,0.401814,0.0431727,-0.180351,0.19328,-0.995465,-0.070527,-0.0152686,0.0619932
59483719000,-0.0325968,1.61378,0.40376,0.0424316,-0.180401,0.195869,-0.995483,-0.0701427,-0.0135358,0.0625273
59493719000,-0.0321765,1.61198,0.405731,0.0415911,-0.180367,0.198276,-0.995502,-0.0697045,-0.0117791,0.0630674
59503719000,-0.0317652,1.61017,0.407724,0.0406148,-0.180301,0.200458,-0.995522,-0.0692087,-0.0100151,0.0636143
59513719000,-0.0313628,1.60837,0.40974,0.0398192,-0.179942,0.202676,-0.995541,-0.0686572,-0.00823244,0.0641598
59523719000,-0.0323273,1.60719,0.403987,0.034119,-0.177244,0.176681,-0.995561,-0.068042,-0.00643593,0.0647121
59533719000,-0.0319919,1.60542,0.405764,0.0333637,-0.176541,0.178708,-0.995579,-0.06738,-0.00462806,0.0652781
59543719000,-0.0324717,1.60398,0.40254,0.0295156,-0.174464,0.162454,-0.995598,-0.0666534,-0.00280228,0.0658378
59553719000,-0.0321832,1.60224,0.404172,0.028574,-0.17343,0.163975,-0.995616,-0.0658642,-0.00097246,0.0664046
59563719000,-0.0319029,1.60051,0.405818,0.0276168,-0.172182,0.165204,-0.995634,-0.0650074,0.000862731,0.0669777
59573719000,-0.031631,1.59879,0.407477,0.0267814,-0.171127,0.166588,-0.995651,-0.0640849,0.00271578,0.0675621
59583719000,-0.0313672,1.59709,0.409149,0.025961,-0.169749,0.167827,-0.995668,-0.0630847,0.00457041,0.0681561
59593719000,-0.0311116,1.5954,0.410834,0.0251136,-0.168481,0.169057,-0.995684,-0.0619998,0.00643142,0.0687623
59603719000,-0.0308643,1.59372,0.412528,0.0243115,-0.167346,0.169875,-0.9957,-0.0608185,0.00828041,0.0693788
59613719000,-0.0306255,1.59205,0.414231,0.0234056,-0.166267,0.1706,-0.995716,-0.0595513,0.0101167,0.0700089
59623719000,-0.0320124,1.59154,0.410346,0.0169177,-0.160598,0.150738,-0.99573,-0.0581978,0.0119524,0.070653
59633719000,-0.0318493,1.58994,0.411856,0.0160548,-0.159279,0.151346,-0.995742,-0.0567705,0.013791,0.071306
59643719000,-0.0316927,1.58836,0.413372,0.0153679,-0.157986,0.151846,-0.995752,-0.0552762,0.0156258,0.0719671
59653719000,-0.0315439,1.58678,0.414893,0.0144041,-0.156824,0.152316,-0.995758,-0.0537158,0.0174426,0.0726388
59663719000,-0.0314046,1.58522,0.416419,0.0134236,-0.155406,0.152832,-0.995761,-0.0520954,0.0192541,0.0733154
59673719000,-0.0312756,1.58367,0.41795,0.0123387,-0.154263,0.153402,-0.995761,-0.0504161,0.0210553,0.0739924
59683719000,-0.0311576,1.58214,0.419487,0.0112179,-0.153131,0.153982,-0.995757,-0.0486965,0.0228491,0.0746686
59693719000,-0.0310281,1.58062,0.273009,0.0100953,-0.15217,0.0899883,-0.995747,-0.0469451,0.0246275,0.0753474
59703719000,-0.0309325,1.57911,0.273911,0.00898436,-0.15125,0.0903168,-0.995733,-0.0451704,0.0263819,0.0760197
59713719000,-0.0308481,1.5776,0.274815,0.00785765,-0.150506,0.0905511,-0.995714,-0.0433753,0.0281093,0.0766904
59723719000,-0.0307738,1.5761,0.275722,0.00694837,-0.149804,0.0908578,-0.99569,-0.0415783,0.0298057,0.0773573
59733719000,-0.0307091,1.5746,0.276632,0.0059615,-0.149049,0.0911708,-0.99566,-0.0397848,0.0314855,0.0780166
59743719000,-0.0325792,1.5749,0.277203,-0.00192374,-0.142294,0.0896741,-0.995626,-0.038001,0.0331362,0.0786614
59753719000,-0.0337248,1.57455,0.277893,-0.00680708,-0.138213,0.0889369,-0.995586,-0.036235,0.0347547,0.0792913
59763719000,-0.0337997,1.57317,0.278784,-0.0077838,-0.138147,0.0892398,-0.995542,-0.0344895,0.0363436,0.0799106
59773719000,-0.0338834,1.57179,0.279678,-0.00883898,-0.13833,0.0896384,-0.995494,-0.0327823,0.0378784,0.0805091
59783719000,-0.0339761,1.57041,0.280578,-0.00968494,-0.138718,0.0902682,-0.995442,-0.0311168,0.0393747,0.0810944
59793719000,-0.0340762,1.56902,0.281484,-0.0103455,-0.139318,0.0910108,-0.995386,-0.0294922,0.0408343,0.0816636
59803719000,-0.0341832,1.56762,0.282398,-0.0110881,-0.13998,0.0918138,-0.995327,-0.0279188,0.0422488,0.0822119
59813719000,-0.0342975,1.56622,0.283321,-0.0117968,-0.141063,0.0927857,-0.995266,-0.0263946,0.0436164,0.0827468
59823719000,-0.034418,1.5648,0.284255,-0.0123402,-0.142549,0.0940643,-0.995202,-0.0249344,0.0449352,0.0832631
59833719000,-0.0345444,1.56336,0.285203,-0.0129709,-0.143966,0.0954222,-0.995136,-0.0235192,0.0462085,0.0837643
59843719000,-0.0361637,1.56358,0.285709,-0.0189208,-0.139617,0.0949333,-0.995069,-0.0221614,0.0474269,0.0842502
59853719000,-0.0363565,1.56218,0.286667,-0.0194308,-0.141593,0.0966467,-0.995002,-0.0208577,0.0485832,0.084715
59863719000,-0.0365538,1.56075,0.287642,-0.0199748,-0.143299,0.0984527,-0.994934,-0.0196093,0.0496845,0.0851635
59873719000,-0.036756,1.55931,0.288636,-0.0204611,-0.145582,0.100419,-0.994867,-0.0184259,0.0507213,0.0855993
59883719000,-0.0369621,1.55784,0.289652,-0.0207611,-0.147712,0.102636,-0.994801,-0.0173035,0.0516981,0.0860196
59893719000,-0.0371706,1.55635,0.290688,-0.0209542,-0.150298,0.104579,-0.994735,-0.0162363,0.0526197,0.0864281
59903719000,-0.0373819,1.55483,0.291745,-0.0213226,-0.15312,0.106911,-0.99467,-0.0152113,0.0534883,0.0868262
59913719000,-0.0375969,1.55329,0.292827,-0.0217016,-0.156063,0.109373,-0.994607,-0.0142301,0.0543047,0.0872123
59923719000,-0.0378152,1.55171,0.293932,-0.0219763,-0.159414,0.111784,-0.994545,-0.0132922,0.0550594,0.0875898
59933719000,-0.0380356,1.5501,0.295063,-0.0221234,-0.162582,0.1144,-0.994485,-0.0123958,0.0557554,0.0879602
59943719000,-0.0382581,1.54846,0.29622,-0.0223894,-0.16595,0.117011,-0.994428,-0.0115411,0.0563913,0.088321
59953719000,-0.038482,1.54678,0.297403,-0.0224016,-0.169517,0.119471,-0.994373,-0.0107253,0.0569686,0.0886692
59963719000,-0.0399661,1.54765,0.296416,-0.0268032,-0.163956,0.112927,-0.99432,-0.00995254,0.0574964,0.0890059
59973719000,-0.0410071,1.54776,0.296105,-0.0296139,-0.161752,0.109673,-0.994271,-0.00922287,0.0579695,0.0893238
59983719000,-0.0413028,1.54612,0.297216,-0.029438,-0.165986,0.112479,-0.994226,-0.00853691,0.0583915,0.0896249
59993719000,-0.041598,1.54444,0.298355,-0.0295759,-0.170255,0.115329,-0.994183,-0.00790306,0.0587542,0.0899148
60003719000,-0.041893,1.54272,0.299522,-0.0294186,-0.174805,0.118087,-0.994144,-0.00732706,0.059076,0.0901881
60013719000,-0.0421873,1.54095,0.300717,-0.0294366,-0.179445,0.120957,-0.994108,-0.00679689,0.059348,0.0904446
60023719000,-0.0424821,1.53913,0.301941,-0.0295349,-0.183963,0.123848,-0.994076,-0.00633045,0.0595705,0.0906826
60033719000,-0.0427773,1.53727,0.303194,-0.0295134,-0.188515,0.126755,-0.994049,-0.00593225,0.0597377,0.0908994
60043719000,-0.0430723,1.53536,0.304476,-0.0294827,-0.192753,0.129611,-0.994025,-0.00558321,0.0598585,0.0911002
60053719000,-0.0433673,1.53341,0.305788,-0.0295151,-0.19717,0.132742,-0.994006,-0.00529687,0.0599346,0.0912797
60063719000,-0.0428758,1.53366,0.303794,-0.0266406,-0.193365,0.12237,-0.993991,-0.00506976,0.0599638,0.0914389
60073719000,-0.0431415,1.53171,0.305034,-0.0264934,-0.197516,0.125632,-0.99398,-0.00489072,0.0599539,0.0915761
60083719000,-0.0434066,1.52971,0.306308,-0.0265456,-0.201903,0.129058,-0.993972,-0.00475556,0.0599075,0.091691
60093719000,-0.0436712,1.52767,0.307615,-0.0263702,-0.206025,0.132401,-0.993969,-0.00467095,0.0598189,0.0917904
60103719000,-0.0439348,1.52559,0.308957,-0.0263402,-0.210156,0.135903,-0.99397,-0.00462058,0.0596871,0.091873
60113719000,-0.0441972,1.52347,0.310333,-0.0261414,-0.214288,0.139466,-0.993973,-0.00460927,0.0595138,0.0919445
60123719000,-0.0444578,1.52131,0.311746,-0.025978,-0.218138,0.143046,-0.993981,-0.00463084,0.0593053,0.0920003
60133719000,-0.0447158,1.5191,0.313195,-0.0256197,-0.222017,0.146677,-0.993991,-0.00468004,0.059064,0.0920418
60143719000,-0.0449707,1.51686,0.314679,-0.0253447,-0.225865,0.150219,-0.994004,-0.00475634,0.0587859,0.0920769
60153719000,-0.0452215,1.51459,0.316199,-0.0248016,-0.229477,0.153737,-0.994019,-0.00485646,0.0584849,0.0921039
60163719000,-0.045468,1.51228,0.317754,-0.0244874,-0.233179,0.157388,-0.994035,-0.00497451,0.0581554,0.0921283
60173719000,-0.045711,1.50993,0.319347,-0.0241094,-0.236162,0.161148,-0.994054,-0.00510232,0.0577944,0.0921434
60183719000,-0.0448389,1.50859,0.31273,-0.0188405,-0.235211,0.133392,-0.994075,-0.00524272,0.0574106,0.0921513
60193719000,-0.0444375,1.50701,0.30891,-0.0154345,-0.234049,0.116049,-0.994096,-0.00538265,0.0570082,0.0921626
60203719000,-0.0445876,1.50466,0.310085,-0.0146952,-0.236819,0.118917,-0.994119,-0.00551716,0.0565858,0.0921684
60213719000,-0.0447336,1.50227,0.311293,-0.0145325,-0.239493,0.122711,-0.994143,-0.00564166,0.0561505,0.0921707
60223719000,-0.0448787,1.49986,0.312543,-0.0144955,-0.243071,0.127385,-0.994167,-0.00576319,0.0556931,0.0921746
60233719000,-0.0450217,1.49742,0.313836,-0.0141109,-0.245568,0.13116,-0.994193,-0.00586969,0.0552196,0.0921777
60243719000,-0.0451595,1.49495,0.315165,-0.0134246,-0.24747,0.134732,-0.994219,-0.00596407,0.0547246,0.0921821
60253719000,-0.0452897,1.49247,0.316531,-0.0126098,-0.249541,0.138305,-0.994246,-0.00603775,0.054212,0.0921889
60263719000,-0.0454127,1.48996,0.317933,-0.0119718,-0.251519,0.1422,-0.994274,-0.00608626,0.0536932,0.0921955
60273719000,-0.0455296,1.48744,0.319375,-0.0114048,-0.253894,0.146196,-0.994301,-0.00611482,0.0531743,0.0921975
60283719000,-0.0456412,1.48489,0.320856,-0.0109006,-0.255985,0.150039,-0.994328,-0.00612088,0.0526503,0.0922086
60293719000,-0.044456,1.48106,0.313627,-0.00549074,-0.262637,0.12086,-0.994354,-0.00611872,0.0521281,0.0922242
60303719000,-0.0445073,1.47842,0.314854,-0.00487153,-0.264623,0.124524,-0.994379,-0.00609345,0.0516141,0.0922445
60313719000,-0.0445523,1.47576,0.316117,-0.0041632,-0.266548,0.128203,-0.994403,-0.00604615,0.0511108,0.0922669
60323719000,-0.044591,1.47309,0.317418,-0.00357987,-0.268503,0.131862,-0.994427,-0.00596617,0.0506033,0.0922926
60333719000,-0.0446241,1.47039,0.318753,-0.00303148,-0.270307,0.135225,-0.99445,-0.00585865,0.0501046,0.0923223
60343719000,-0.0446512,1.46768,0.320122,-0.00236705,-0.272123,0.138583,-0.994472,-0.00572184,0.0496222,0.0923577
60353719000,-0.0446729,1.46495,0.321524,-0.00196633,-0.273996,0.141821,-0.994492,-0.0055512,0.0491579,0.0923985
60363719000,-0.0446908,1.4622,0.322957,-0.0015975,-0.275734,0.144869,-0.994511,-0.00535055,0.0487132,0.0924436
60373719000,-0.0447044,1.45944,0.32442,-0.00111734,-0.277302,0.147629,-0.994529,-0.00511341,0.0482808,0.0924946
60383719000,-0.0436811,1.45768,0.31409,0.0031143,-0.275221,0.106905,-0.994546,-0.00484588,0.0478543,0.0925479
60393719000,-0.0436467,1.45492,0.315171,0.003667,-0.276604,0.10932,-0.99456,-0.00453993,0.0474555,0.0926122
60403719000,-0.0430253,1.45296,0.30845,0.00619627,-0.275192,0.0826329,-0.994574,-0.00418694,0.0470678,0.092682
60413719000,-0.0429599,1.4502,0.309286,0.00680541,-0.276488,0.0846484,-0.994585,-0.0037958,0.0467067,0.0927572
60423719000,-0.0428883,1.44743,0.310142,0.00748644,-0.277787,0.0864891,-0.994595,-0.0033688,0.0463666,0.0928408
60433719000,-0.0428107,1.44465,0.311015,0.00803457,-0.279021,0.0881284,-0.994602,-0.00290702,0.0460533,0.0929339
60443719000,-0.0427278,1.44185,0.311904,0.00855725,-0.280271,0.089583,-0.994608,-0.00240309,0.0457645,0.0930348
60453719000,-0.0426412,1.43905,0.312805,0.00877195,-0.281284,0.0906803,-0.994611,-0.00187222,0.0455014,0.0931446
60463719000,-0.0425518,1.43623,0.313717,0.00909742,-0.282149,0.0917422,-0.994611,-0.00130318,0.0452664,0.0932596
60473719000,-0.0424582,1.4334,0.314638,0.00964762,-0.282967,0.0924296,-0.99461,-0.000697924,0.0450611,0.0933838
60483719000,-0.0423598,1.43057,0.315564,0.0100333,-0.283659,0.092797,-0.994606,-5.98945e-05,0.0448817,0.0935097
60493719000,-0.0416179,1.42588,0.306939,0.0127152,-0.291266,0.0575144,-0.9946,0.000623565,0.0447323,0.0936446
60503719000,-0.0414891,1.42297,0.307515,0.0130126,-0.291718,0.0576839,-0.99459,0.00134293,0.0446135,0.0938022
60513719000,-0.0413578,1.42005,0.308092,0.0132396,-0.292182,0.0576228,-0.994577,0.00210563,0.0445213,0.0939714
60523719000,-0.0412257,1.41713,0.308667,0.0131857,-0.292735,0.0574875,-0.994561,0.00291041,0.0444551,0.0941429
60533719000,-0.0410942,1.41419,0.309241,0.0131202,-0.293461,0.0571795,-0.994543,0.00376378,0.0444137,0.0943271
60543719000,-0.0409635,1.41126,0.30981,0.0130222,-0.293996,0.0567426,-0.994521,0.00466004,0.0444039,0.0945212
60553719000,-0.040834,1.40831,0.310375,0.0128647,-0.294743,0.056145,-0.994497,0.00559187,0.0444231,0.0947207
60563719000,-0.0407057,1.40536,0.310932,0.0127952,-0.295648,0.055338,-0.994469,0.00655641,0.0444671,0.0949286
60573719000,-0.0405778,1.4024,0.311482,0.0127925,-0.296597,0.0547078,-0.994439,0.00755583,0.0445364,0.0951374
60583719000,-0.0404507,1.39943,0.312025,0.0126277,-0.297514,0.0537273,-0.994406,0.00857834,0.0446193,0.0953524
60593719000,-0.040325,1.39645,0.312557,0.0125188,-0.29875,0.0527297,-0.994371,0.00963043,0.0447255,0.0955695
60603719000,-0.0402013,1.39345,0.313079,0.0122211,-0.299704,0.0516415,-0.994333,0.010699,0.0448558,0.0957858
60613719000,-0.0417154,1.39016,0.305713,0.00603794,-0.301968,0.02188,-0.994293,0.0117759,0.045004,0.0960068
60623719000,-0.0416553,1.38714,0.305925,0.00600525,-0.303108,0.0207177,-0.994251,0.0128599,0.0451761,0.0962244
60633719000,-0.0426058,1.38405,0.301485,0.00233504,-0.303912,0.00299827,-0.994207,0.0139317,0.045359,0.0964464
60643719000,-0.0425816,1.38101,0.30151,0.00252661,-0.304461,0.00210113,-0.99416,0.0149907,0.0455659,0.0966726
60653719000,-0.0425572,1.37797,0.301528,0.00237696,-0.305004,0.00149291,-0.994111,0.0160272,0.0457888,0.0969034
60663719000,-0.0425331,1.37491,0.30154,0.0024308,-0.305297,0.000912597,-0.994061,0.0170244,0.0460199,0.0971362
60673719000,-0.042508,1.37186,0.301548,0.00259343,-0.305322,0.000572948,-0.994009,0.0179772,0.0462735,0.0973696
60683719000,-0.0424818,1.36881,0.301553,0.00263583,-0.305182,0.00045644,-0.993956,0.0188806,0.046538,0.0976135
60693719000,-0.042455,1.36576,0.301557,0.00272822,-0.305002,0.000484897,-0.993903,0.0197266,0.0468102,0.0978584
60703719000,-0.042429,1.36271,0.301562,0.00245573,-0.304711,0.000403208,-0.993849,0.020511,0.0470806,0.0981124
60713719000,-0.0423506,1.35706,0.299302,0.00242684,-0.313839,-0.00786181,-0.993796,0.0212362,0.0473633,0.0983665
60723719000,-0.0423276,1.35392,0.299223,0.00223475,-0.313135,-0.00799719,-0.993742,0.021896,0.0476546,0.0986246
60733719000,-0.0423053,1.3508,0.299142,0.00223573,-0.312415,-0.00824252,-0.993688,0.0225001,0.0479477,0.0988896
60743719000,-0.0422832,1.34768,0.299056,0.0021916,-0.311298,-0.00884572,-0.993635,0.0230518,0.048232,0.0991599
60753719000,-0.04226,1.34457,0.298966,0.00243984,-0.310393,-0.00911498,-0.993581,0.0235687,0.0485181,0.0994371
60763719000,-0.0422378,1.34147,0.298872,0.00199568,-0.308911,-0.0097292,-0.993527,0.0240564,0.0487958,0.0997183
60773719000,-0.0422225,1.33838,0.298777,0.00104532,-0.308617,-0.00934891,-0.993474,0.0245201,0.0490686,0.100006
60783719000,-0.0422143,1.3353,0.298681,0.000602236,-0.308406,-0.00971486,-0.993419,0.0249735,0.0493405,0.100298
60793719000,-0.042193,1.33223,0.204714,0.000653069,-0.306557,-0.0528238,-0.993364,0.0254196,0.0496141,0.100601
60803719000,-0.0421836,1.32918,0.204172,0.00121313,-0.304334,-0.0555084,-0.993307,0.0258726,0.0498761,0.100913
60813719000,-0.0421704,1.32615,0.203602,0.00142352,-0.301488,-0.0585058,-0.99325,0.0263364,0.0501272,0.101236
60823719000,-0.0421552,1.32315,0.203001,0.00160272,-0.298126,-0.0616202,-0.99319,0.0268255,0.0503801,0.101564
60833719000,-0.0420765,1.31608,0.204217,0.00186018,-0.310648,-0.053866,-0.993129,0.0273537,0.0506361,0.101899
60843719000,-0.0420573,1.31298,0.203665,0.00203316,-0.308155,-0.0564869,-0.993064,0.0279019,0.0508988,0.102246
60853719000,-0.0420401,1.30709,0.20452,0.00232589,-0.315877,-0.0515724,-0.992998,0.0284795,0.0511605,0.102602
60863719000,-0.0420139,1.30394,0.20399,0.00296987,-0.312872,-0.0544582,-0.992928,0.029096,0.0514287,0.102967
60873719000,-0.0419818,1.30083,0.203431,0.00346952,-0.310118,-0.0572868,-0.992856,0.029751,0.0516967,0.103345
60883719000,-0.0419436,1.29774,0.202842,0.00417177,-0.306997,-0.0604249,-0.99278,0.0304449,0.0519583,0.10374
60893719000,-0.0418987,1.29469,0.202223,0.00478897,-0.304151,-0.0634054,-0.9927,0.0311716,0.0522171,0.104152
60903719000,-0.0418482,1.29166,0.201574,0.00532041,-0.301692,-0.0663752,-0.992617,0.0319391,0.0524819,0.104581
60913719000,-0.0417928,1.28865,0.200897,0.00575314,-0.299182,-0.0691753,-0.992529,0.0327381,0.0527514,0.105035
60923719000,-0.0417317,1.28567,0.200192,0.00646556,-0.296577,-0.0717755,-0.992437,0.0335795,0.0530155,0.105505
60933719000,-0.0420932,1.28021,0.20313,0.00533109,-0.303403,-0.0570112,-0.99234,0.0344631,0.0532882,0.105989
60943719000,-0.0420367,1.27718,0.202545,0.0060073,-0.301055,-0.0598575,-0.99224,0.0353804,0.0535591,0.10649
60953719000,-0.0419714,1.27419,0.201932,0.00707659,-0.298729,-0.0627367,-0.992134,0.03633,0.0538417,0.107012
60963719000,-0.041897,1.27121,0.201291,0.00780002,-0.296217,-0.0655782,-0.992023,0.0373141,0.054126,0.107559
60973719000,-0.0418128,1.26826,0.200619,0.00903564,-0.294024,-0.068769,-0.991906,0.0383326,0.0544232,0.108129
60983719000,-0.0417161,1.26533,0.199917,0.010297,-0.291923,-0.0715492,-0.991784,0.0393657,0.0547323,0.108717
60993719000,-0.0416073,1.26242,0.199188,0.0114515,-0.289801,-0.0743715,-0.991656,0.0404149,0.055053,0.109334
61003719000,-0.0414872,1.25953,0.19843,0.0125678,-0.28864,-0.0771306,-0.991524,0.0414831,0.055386,0.109965
61013719000,-0.0413558,1.25665,0.197646,0.013701,-0.2876,-0.0797392,-0.991387,0.0425578,0.0557343,0.110609
61023719000,-0.0412141,1.25377,0.196837,0.0146388,-0.286959,-0.0821238,-0.991246,0.0436264,0.0560995,0.111268
61033719000,-0.0410631,1.25091,0.196005,0.0155462,-0.286636,-0.0841979,-0.991102,0.0446923,0.0564825,0.111937
61043719000,-0.0409007,1.24804,0.195153,0.0169192,-0.286498,-0.0860972,-0.990954,0.0457483,0.0568815,0.112611
61053719000,-0.0432181,1.24524,0.202408,0.00887755,-0.286173,-0.0540948,-0.990804,0.046788,0.0572913,0.113294
61063719000,-0.0446987,1.24241,0.20694,0.00413955,-0.286253,-0.0343296,-0.990652,0.0478008,0.0577189,0.113981
61073719000,-0.0446523,1.23955,0.206589,0.00524835,-0.286337,-0.0358471,-0.9905,0.0487718,0.0581702,0.114665
61083719000,-0.0445962,1.23669,0.206225,0.00601891,-0.286851,-0.0371086,-0.990346,0.0497055,0.058633,0.115355
61093719000,-0.0445314,1.23382,0.205849,0.00694251,-0.287192,-0.038118,-0.990191,0.0505975,0.0591145,0.116045
61103719000,-0.0444568,1.23094,0.205463,0.00797727,-0.28762,-0.0389229,-0.990036,0.0514404,0.0596093,0.116742
61113719000,-0.0443723,1.22806,0.205071,0.0088986,-0.288163,-0.0395119,-0.989881,0.0522307,0.0601248,0.117442
61123719000,-0.044278,1.22518,0.204673,0.00995623,-0.288607,-0.040041,-0.989725,0.052963,0.0606505,0.118154
61133719000,-0.0441734,1.22229,0.20427,0.0109572,-0.289168,-0.0405627,-0.98957,0.0536282,0.0611854,0.118873
61143719000,-0.0440584,1.2194,0.203863,0.0120154,-0.289453,-0.0409021,-0.989416,0.0542246,0.0617323,0.119601
61153719000,-0.0459616,1.21787,0.210227,0.00564998,-0.285028,-0.0135599,-0.989264,0.0547528,0.0622894,0.120332
61163719000,-0.0459008,1.21502,0.210091,0.00662001,-0.285824,-0.0137166,-0.989112,0.0552143,0.0628499,0.121074
61173719000,-0.0458292,1.21216,0.209952,0.00772896,-0.286446,-0.0140057,-0.98896,0.0556014,0.06342,0.121835
61183719000,-0.0457464,1.20929,0.209812,0.00883443,-0.287212,-0.0139229,-0.988811,0.0559191,0.0639971,0.122598
61193719000,-0.045654,1.20642,0.209673,0.009651,-0.287885,-0.0140495,-0.988662,0.0561631,0.0645897,0.123377
61203719000,-0.0455529,1.20353,0.209531,0.0105465,-0.288376,-0.014327,-0.988514,0.0563291,0.0651836,0.124173
61213719000,-0.0454439,1.20065,0.209386,0.0112339,-0.289213,-0.014634,-0.988366,0.0564266,0.065788,0.124981
61223719000,-0.0453275,1.19775,0.209239,0.0120287,-0.289772,-0.0148502,-0.98822,0.0564602,0.066396,0.125799
61233719000,-0.0452038,1.19485,0.209089,0.0126933,-0.290592,-0.0149588,-0.988075,0.0564262,0.0669997,0.126626
61243719000,-0.045074,1.19194,0.208939,0.0132509,-0.291467,-0.0150516,-0.987931,0.0563349,0.0676083,0.127469
61253719000,-0.0449389,1.18902,0.208788,0.0137555,-0.292123,-0.0151643,-0.987786,0.0561938,0.0682195,0.128321
61263719000,-0.0453209,1.18769,0.216615,0.012395,-0.28714,0.0154808,-0.987643,0.0560077,0.0688279,0.12918
61273719000,-0.0455751,1.18582,0.221634,0.0114155,-0.284332,0.034118,-0.987498,0.055791,0.0694327,0.130051
61283719000,-0.0454614,1.18297,0.221975,0.0115163,-0.284989,0.0340841,-0.987353,0.0555329,0.0700439,0.130931
61293719000,-0.0453464,1.18012,0.222317,0.0115417,-0.285888,0.0341877,-0.987208,0.0552409,0.0706435,0.131825
61303719000,-0.0452308,1.17726,0.222659,0.0115925,-0.28661,0.0343392,-0.987061,0.0549245,0.0712378,0.132734
61313719000,-0.0451152,1.17439,0.223004,0.0115124,-0.287378,0.0345442,-0.986914,0.0545855,0.0718267,0.133653
61323719000,-0.0450003,1.17151,0.223351,0.011461,-0.288127,0.0349158,-0.986765,0.0542298,0.0723997,0.134581
61333719000,-0.0448866,1.16863,0.223701,0.011262,-0.288707,0.0350472,-0.986616,0.0538605,0.0729629,0.135518
61343719000,-0.0447748,1.16574,0.224052,0.0110777,-0.289048,0.0351384,-0.986465,0.053473,0.0735175,0.136463
61353719000,-0.0446652,1.16284,0.224404,0.010835,-0.289402,0.0353544,-0.986314,0.053071,0.0740517,0.13742
61363719000,-0.0445573,1.15995,0.224759,0.0107164,-0.289598,0.0357193,-0.986163,0.0526517,0.0745742,0.138383
61373719000,-0.0444513,1.15705,0.225119,0.0104658,-0.289933,0.0361244,-0.986009,0.0522198,0.0750869,0.13936
61383719000,-0.0448106,1.15565,0.230351,0.00865867,-0.284741,0.0549133,-0.985855,0.0517622,0.075588,0.140343
61393719000,-0.0447257,1.1528,0.230902,0.00843929,-0.284896,0.0552484,-0.985702,0.0512818,0.0760694,0.141336
61403719000,-0.0446421,1.14995,0.231455,0.00832114,-0.285134,0.0554447,-0.985548,0.0507846,0.0765327,0.142336
61413719000,-0.0445606,1.1471,0.232011,0.00799508,-0.285338,0.0557042,-0.985393,0.0502604,0.0769863,0.143342
61423719000,-0.044482,1.14424,0.232569,0.00770075,-0.285609,0.0559952,-0.98524,0.0497092,0.0774279,0.144348
61433719000,-0.0444065,1.14138,0.233131,0.0073908,-0.28585,0.0563964,-0.985086,0.0491383,0.0778583,0.145356
61443719000,-0.0443339,1.13852,0.233696,0.00712515,-0.286226,0.0565531,-0.984933,0.0485489,0.0782704,0.146367
61453719000,-0.0442645,1.13566,0.234261,0.00672993,-0.286645,0.0564612,-0.984781,0.0479446,0.0786697,0.147374
61463719000,-0.0441996,1.13279,0.234825,0.00623631,-0.286748,0.0563574,-0.984629,0.0473367,0.0790561,0.148378
61473719000,-0.0441398,1.12992,0.235388,0.0057151,-0.287238,0.0561142,-0.984477,0.0467175,0.0794294,0.149376
61483719000,-0.0425135,1.12659,0.239632,0.0109264,-0.289346,0.0693917,-0.984325,0.0460984,0.0797892,0.150374
61493719000,-0.0424062,1.12369,0.240325,0.0106456,-0.289404,0.069081,-0.984173,0.0454737,0.0801411,0.151371
61503719000,-0.0413573,1.12052,0.243316,0.0137979,-0.290571,0.0772393,-0.98402,0.0448501,0.0804813,0.152368
61513719000,-0.041221,1.11761,0.244086,0.0135734,-0.290564,0.0769264,-0.983866,0.0442208,0.0808141,0.153367
61523719000,-0.0410869,1.1147,0.244855,0.01327,-0.290628,0.0767599,-0.983709,0.0435953,0.0811491,0.154372
61533719000,-0.0409548,1.1118,0.245621,0.0131621,-0.290518,0.0764321,-0.983551,0.0429775,0.0814743,0.155376
61543719000,-0.0408237,1.10889,0.246384,0.0130628,-0.290165,0.0762028,-0.983391,0.0423777,0.0817837,0.156387
61553719000,-0.040694,1.10599,0.247144,0.0128639,-0.28978,0.075879,-0.983229,0.0417852,0.0820784,0.157412
61563719000,-0.0405649,1.1031,0.247902,0.0129347,-0.28927,0.0756901,-0.983064,0.041196,0.0823739,0.15844
61573719000,-0.0404354,1.10021,0.248657,0.0129609,-0.28842,0.0752218,-0.982895,0.0406178,0.0826577,0.159482
61583719000,-0.0407566,1.09735,0.251129,0.0110479,-0.287336,0.0813317,-0.982722,0.0400487,0.0829311,0.160551
61593719000,-0.0406461,1.09448,0.25194,0.0111343,-0.28649,0.0810155,-0.982544,0.0394981,0.0831983,0.161635
61603719000,-0.0405343,1.09162,0.252748,0.0112339,-0.285582,0.0804391,-0.982361,0.0389746,0.0834549,0.162738
61613719000,-0.0404211,1.08877,0.25355,0.0114108,-0.284687,0.0799286,-0.982172,0.0384762,0.0837086,0.163859
61623719000,-0.0403066,1.08593,0.254345,0.0114999,-0.283606,0.0792284,-0.981979,0.0379959,0.083943,0.165008
61633719000,-0.04019,1.0831,0.255134,0.0117958,-0.282395,0.0785379,-0.981779,0.0375301,0.0841676,0.166185
61643719000,-0.0400705,1.08028,0.255916,0.0121083,-0.281239,0.0778597,-0.981573,0.0370778,0.0843855,0.167388
61653719000,-0.0399473,1.07747,0.25669,0.0125212,-0.27981,0.07691,-0.98136,0.0366467,0.0845963,0.16862
61663719000,-0.0398211,1.07468,0.257455,0.0127046,-0.278538,0.0760986,-0.981141,0.0362346,0.0847949,0.16988
61673719000,-0.039692,1.0719,0.258212,0.0131022,-0.27698,0.0753209,-0.980916,0.0358422,0.0849893,0.171159
61683719000,-0.0395587,1.06914,0.258961,0.013557,-0.275445,0.0743834,-0.980685,0.0354614,0.0851783,0.172465
61693719000,-0.0394205,1.0664,0.2597,0.0140694,-0.273951,0.0734044,-0.980446,0.0351068,0.0853633,0.173799
61703719000,-0.0396289,1.06113,0.262769,0.0134313,-0.281316,0.0807558,-0.980201,0.0347816,0.0855377,0.175157
61713719000,-0.039492,1.05832,0.263571,0.0140324,-0.279925,0.0796961,-0.979948,0.0344782,0.0857087,0.176542
61723719000,-0.0397526,1.05375,0.26592,0.0130007,-0.284694,0.0843565,-0.979689,0.0342018,0.0858673,0.177952
61733719000,-0.0396197,1.05091,0.266758,0.013638,-0.282971,0.0832293,-0.979421,0.0339432,0.0860291,0.179393
61743719000,-0.039481,1.04809,0.267586,0.0141328,-0.281211,0.0822832,-0.979146,0.0337004,0.0861782,0.18086
61753719000,-0.0393356,1.04529,0.268404,0.0149515,-0.279438,0.0814028,-0.978862,0.0334938,0.0863253,0.182359
61763719000,-0.0391828,1.0425,0.269213,0.0155985,-0.277786,0.0804322,-0.97857,0.0333156,0.0864645,0.183887
61773719000,-0.0390232,1.03973,0.270014,0.0163102,-0.27636,0.0796113,-0.978267,0.0331657,0.0866032,0.185454
61783719000,-0.0388569,1.03698,0.270804,0.0169569,-0.274792,0.0785404,-0.977955,0.0330376,0.0867261,0.187057
61793719000,-0.0386709,1.03424,0.18753,0.0178093,-0.273496,0.0420779,-0.977632,0.0329469,0.0868518,0.188697
61803719000,-0.0399903,1.03064,0.190393,0.013124,-0.275345,0.0553047,-0.977299,0.0328759,0.0869676,0.190374
61813719000,-0.0398548,1.02789,0.190942,0.0140151,-0.274143,0.0546347,-0.976957,0.0328332,0.087068,0.192086
61823719000,-0.0397101,1.02515,0.191486,0.0149389,-0.272911,0.0541352,-0.976602,0.0328097,0.0871667,0.193838
61833719000,-0.039555,1.02243,0.192027,0.0160756,-0.271871,0.0539547,-0.976237,0.0328086,0.0872585,0.195629
61843719000,-0.0393888,1.01972,0.192565,0.0171762,-0.271043,0.0538,-0.975862,0.0328135,0.0873403,0.197455
61853719000,-0.0392119,1.01701,0.193103,0.0181899,-0.26989,0.0537278,-0.975475,0.0328231,0.0874231,0.199318
61863719000,-0.039026,1.01432,0.193641,0.0189813,-0.269103,0.0538836,-0.975078,0.0328294,0.0874964,0.201222
61873719000,-0.0388311,1.01163,0.194182,0.0199926,-0.26797,0.0542443,-0.974668,0.0328193,0.0875752,0.203166
61883719000,-0.0386249,1.00896,0.194727,0.0212396,-0.266993,0.0548206,-0.974248,0.032774,0.0876535,0.205143
61893719000,-0.0384069,1.00629,0.195278,0.0223653,-0.265856,0.0554289,-0.973818,0.0326957,0.0877281,0.207156
61903719000,-0.0381778,1.00364,0.195835,0.0234437,-0.264429,0.0559989,-0.973375,0.032583,0.0878075,0.209209
61913719000,-0.0379364,1.001,0.196397,0.0248229,-0.262894,0.0563687,-0.972922,0.0324516,0.0878824,0.211297
61923719000,-0.0377263,0.997476,0.199995,0.0258371,-0.264385,0.0708647,-0.972457,0.0322894,0.0879553,0.213422
61933719000,-0.0374618,0.994841,0.200705,0.0271295,-0.262601,0.0710662,-0.97198,0.0321029,0.0880328,0.215579
61943719000,-0.0375143,0.991424,0.203318,0.0271864,-0.263485,0.0800788,-0.971492,0.0319049,0.0881073,0.217769
61953719000,-0.0372379,0.988799,0.204119,0.0281624,-0.26144,0.0801499,-0.970992,0.0316887,0.0881761,0.219987
61963719000,-0.0369507,0.986194,0.204921,0.0292965,-0.259528,0.0802738,-0.970481,0.0314721,0.0882466,0.222237
61973719000,-0.0366531,0.983609,0.205723,0.0302159,-0.25746,0.0802496,-0.969957,0.0312492,0.0883175,0.224514
61983719000,-0.0363473,0.981045,0.206526,0.030934,-0.255378,0.0802453,-0.969422,0.0310327,0.0883883,0.226817
61993719000,-0.0360347,0.978501,0.207329,0.0315796,-0.253417,0.0802884,-0.968877,0.0308307,0.0884558,0.229133
62003719000,-0.0357157,0.975976,0.208132,0.0322247,-0.25161,0.0804151,-0.968323,0.0306406,0.0885197,0.231464
62013719000,-0.0353921,0.973468,0.208936,0.0324906,-0.249981,0.0803869,-0.967761,0.0304656,0.0885736,0.233807
62023719000,-0.0350654,0.970976,0.209739,0.0328345,-0.248425,0.0802044,-0.96719,0.0303089,0.0886298,0.236158
62033719000,-0.0391283,0.973064,0.21259,0.0169694,-0.23021,0.0890489,-0.966613,0.0301711,0.0886777,0.238507
62043719000,-0.0389586,0.970769,0.21348,0.0170119,-0.228793,0.0888914,-0.966028,0.0300627,0.0887322,0.240857
62053719000,-0.0387889,0.968487,0.214369,0.0169581,-0.227561,0.0889095,-0.965442,0.0299781,0.0887747,0.243192
62063719000,-0.0386202,0.966219,0.215258,0.0167796,-0.226069,0.0888705,-0.964851,0.0299163,0.0888129,0.245519
62073719000,-0.0384541,0.963965,0.216146,0.0164408,-0.224741,0.0887479,-0.964258,0.0298657,0.0888379,0.247836
62083719000,-0.0382909,0.961723,0.217033,0.0161881,-0.223502,0.0887115,-0.963662,0.029841,0.0888551,0.250141
62093719000,-0.0381306,0.959494,0.217919,0.0158635,-0.222377,0.0885443,-0.963065,0.029835,0.0888631,0.252427
62103719000,-0.0379742,0.957276,0.218804,0.0154233,-0.221139,0.0883901,-0.962467,0.0298515,0.0888633,0.254694
62113719000,-0.0378229,0.955071,0.219688,0.0148305,-0.220025,0.0884843,-0.96187,0.0298954,0.0888474,0.256941
62123719000,-0.0376756,0.952876,0.220574,0.0146245,-0.21886,0.0886112,-0.961273,0.0299568,0.0888263,0.259164
62133719000,-0.0357985,0.957668,0.224351,0.0205031,-0.192499,0.0999431,-0.960679,0.0300432,0.0888002,0.261359
62143719000,-0.0355948,0.95575,0.225351,0.0202521,-0.191186,0.100068,-0.960084,0.0301562,0.0887614,0.263535
62153719000,-0.0343315,0.958057,0.228202,0.0240417,-0.174693,0.107472,-0.959491,0.0302907,0.0887009,0.265689
62163719000,-0.0340918,0.956317,0.229277,0.0239234,-0.173315,0.1075,-0.9589,0.0304555,0.0886311,0.267822
62173719000,-0.0338527,0.954591,0.230353,0.0238805,-0.172005,0.107667,-0.95831,0.0306401,0.0885576,0.269928
62183719000,-0.0336146,0.952877,0.23143,0.0237434,-0.170817,0.107817,-0.957719,0.030841,0.0884791,0.272019
62193719000,-0.0333777,0.951174,0.23251,0.0236418,-0.169766,0.108169,-0.957131,0.0310722,0.0883837,0.274087
62203719000,-0.0331411,0.949482,0.233593,0.0236689,-0.168651,0.108337,-0.956545,0.0313197,0.0882823,0.27613
62213719000,-0.0329047,0.947799,0.234678,0.023616,-0.167824,0.108631,-0.955959,0.0315826,0.0881702,0.278155
62223719000,-0.0326698,0.946125,0.235766,0.0233765,-0.166989,0.109032,-0.955377,0.0318772,0.0880442,0.280155
62233719000,-0.0324364,0.944459,0.236859,0.0232996,-0.166259,0.109553,-0.954799,0.0321936,0.087898,0.28213
62243719000,-0.0320318,0.948919,0.239836,0.0239762,-0.143143,0.117416,-0.954223,0.0325276,0.0877374,0.284081
62253719000,-0.0317926,0.94749,0.241013,0.0238346,-0.142507,0.118075,-0.953653,0.0328887,0.0875621,0.286002
62263719000,-0.0315544,0.946067,0.242197,0.0237858,-0.14213,0.118758,-0.953087,0.0332591,0.0873637,0.2879
62273719000,-0.0313169,0.944648,0.243388,0.0237039,-0.141783,0.119409,-0.952528,0.0336418,0.0871393,0.289767
62283719000,-0.03108,0.943232,0.244586,0.0236838,-0.141411,0.120142,-0.951976,0.034039,0.0868851,0.291607
62293719000,-0.0308431,0.941817,0.245793,0.0237058,-0.141478,0.121235,-0.951428,0.0344553,0.0866167,0.29342
62303719000,-0.0306067,0.940403,0.24701,0.0235775,-0.141391,0.122164,-0.950887,0.034891,0.0863166,0.295206
62313719000,-0.0303724,0.938988,0.248236,0.0232917,-0.141608,0.123175,-0.950352,0.0353431,0.0859833,0.296966
62323719000,-0.0301391,0.937572,0.249474,0.0233906,-0.141616,0.124393,-0.949823,0.0358189,0.0856154,0.298703
62333719000,-0.0289856,0.93146,0.249844,0.0264881,-0.159129,0.122342,-0.949299,0.036321,0.0852069,0.300421
62343719000,-0.0287212,0.929867,0.251075,0.0262951,-0.159659,0.123842,-0.948779,0.0368478,0.0847521,0.302122
62353719000,-0.0279217,0.925305,0.251608,0.0279308,-0.171218,0.122801,-0.948264,0.0374136,0.0842489,0.303805
62363719000,-0.0276423,0.92359,0.252845,0.0278308,-0.171661,0.124621,-0.947754,0.0380008,0.0836927,0.305473
62373719000,-0.0273644,0.921871,0.254102,0.027714,-0.172313,0.126737,-0.94725,0.0386016,0.0830871,0.307122
62383719000,-0.027087,0.920144,0.25538,0.0277494,-0.17304,0.12879,-0.946748,0.0392282,0.0824329,0.308761
62393719000,-0.0268104,0.918409,0.256678,0.0275831,-0.173874,0.130787,-0.946252,0.0398686,0.0817214,0.310385
62403719000,-0.026535,0.916666,0.257997,0.027508,-0.174844,0.132963,-0.945761,0.0405198,0.0809563,0.311995
62413719000,-0.0262595,0.914912,0.259338,0.0276209,-0.17588,0.135251,-0.945273,0.0411795,0.0801414,0.313594
62423719000,-0.0259825,0.913148,0.260701,0.0277986,-0.176835,0.137462,-0.944788,0.0418501,0.0792741,0.315181
62433719000,-0.0257037,0.911375,0.262087,0.0279921,-0.177891,0.13974,-0.944306,0.0425234,0.0783653,0.31676
62443719000,-0.0254232,0.90959,0.263496,0.0281389,-0.178982,0.142082,-0.943829,0.0431934,0.0774063,0.318322
62453719000,-0.0251407,0.907795,0.264929,0.0283865,-0.180071,0.144531,-0.943353,0.043861,0.0763956,0.319882
62463719000,-0.0234012,0.904404,0.263781,0.0338637,-0.187022,0.137184,-0.942879,0.0445186,0.0753449,0.321435
62473719000,-0.0230594,0.902529,0.265165,0.0342531,-0.187935,0.139596,-0.942409,0.0451716,0.0742504,0.322973
62483719000,-0.0227144,0.900645,0.266574,0.0346714,-0.188907,0.142292,-0.941939,0.0458053,0.0731092,0.324513
62493719000,-0.0223648,0.898752,0.26801,0.035232,-0.189732,0.144942,-0.941471,0.0464341,0.0719204,0.326043
62503719000,-0.0220109,0.896852,0.269474,0.0355776,-0.190316,0.147775,-0.941001,0.0470484,0.0706968,0.327575
62513719000,-0.0216522,0.894945,0.270966,0.036185,-0.19104,0.150562,-0.940532,0.0476572,0.0694335,0.329102
62523719000,-0.0212887,0.893031,0.272484,0.03654,-0.191791,0.153184,-0.940062,0.0482474,0.0681291,0.330625
62533719000,-0.0209213,0.89111,0.27403,0.0369793,-0.192396,0.155904,-0.939595,0.0488219,0.0667778,0.332143
62543719000,-0.0205493,0.889182,0.275603,0.0374678,-0.193117,0.158709,-0.939125,0.0493782,0.0653854,0.333662
62553719000,-0.0176653,0.884783,0.272125,0.0470137,-0.202849,0.142915,-0.938656,0.0499196,0.0639533,0.335176
62563719000,-0.0171917,0.882751,0.273568,0.047395,-0.203577,0.145742,-0.938186,0.0504486,0.0624806,0.336686
62573719000,-0.0152389,0.879209,0.271453,0.0532146,-0.209696,0.135219,-0.937716,0.0509639,0.0609785,0.338192
62583719000,-0.0147035,0.87711,0.272818,0.0535568,-0.210123,0.137904,-0.937242,0.0514693,0.0594342,0.339699
62593719000,-0.014166,0.875006,0.274212,0.0538318,-0.21062,0.140715,-0.93677,0.051952,0.0578462,0.341198
62603719000,-0.0136276,0.872898,0.275632,0.0538454,-0.211063,0.143381,-0.936297,0.0524216,0.0562303,0.342693
62613719000,-0.0130897,0.870786,0.277079,0.0537529,-0.211408,0.145975,-0.935822,0.052878,0.0545842,0.344182
62623719000,-0.0125524,0.868669,0.278551,0.0537405,-0.211911,0.148503,-0.935345,0.0533197,0.0528911,0.345672
62633719000,-0.012017,0.866549,0.280049,0.0533847,-0.212015,0.151002,-0.93487,0.0537572,0.0511706,0.347146
62643719000,-0.0114831,0.864429,0.281568,0.0534398,-0.212171,0.152928,-0.934392,0.0541901,0.0494231,0.348615
62653719000,-0.0109514,0.862308,0.283107,0.0529334,-0.211887,0.154839,-0.933914,0.0546238,0.0476418,0.350072
62663719000,-0.0104229,0.860188,0.284664,0.0528184,-0.212151,0.156454,-0.933438,0.0550472,0.045845,0.351514
62673719000,-0.0099048,0.85807,0.286239,0.0508551,-0.211547,0.158702,-0.932962,0.0554728,0.044027,0.352939
62683719000,-0.00939617,0.855953,0.287833,0.0509191,-0.21179,0.16002,-0.932486,0.0558963,0.0421994,0.354351
62693719000,0.00219648,0.846177,0.281222,0.0898601,-0.238853,0.131977,-0.932009,0.0563353,0.0403628,0.355747
62703719000,0.00309441,0.843787,0.282547,0.0893367,-0.239061,0.133015,-0.931532,0.0567805,0.0385072,0.35713
62713719000,0.00397906,0.841398,0.283886,0.0874684,-0.238705,0.134971,-0.931054,0.0572312,0.0366373,0.358497
62723719000,0.00484566,0.839012,0.285243,0.0858343,-0.238457,0.136349,-0.930581,0.0576866,0.0347741,0.359836
62733719000,0.0056963,0.83663,0.286613,0.0843159,-0.23804,0.137652,-0.930112,0.0581427,0.0329237,0.361148
62743719000,0.00653374,0.834253,0.287993,0.0832101,-0.237279,0.138411,-0.929647,0.0585811,0.0310992,0.362432
62753719000,0.00735625,0.831884,0.289384,0.081338,-0.236626,0.139711,-0.929187,0.059008,0.0292986,0.36369
62763719000,0.0081622,0.82952,0.290785,0.0798971,-0.23604,0.140451,-0.928735,0.0594161,0.0275151,0.364917
62773719000,0.00895288,0.827164,0.292193,0.0782875,-0.235258,0.141209,-0.92829,0.0598085,0.0257585,0.366111
62783719000,0.0102233,0.821799,0.285242,0.0783986,-0.245062,0.111798,-0.92785,0.0601968,0.0240291,0.367278
62793719000,0.0110134,0.819359,0.193141,0.0768258,-0.244139,0.074113,-0.927419,0.0605715,0.0223253,0.368412
62803719000,0.012194,0.814886,0.191987,0.0765431,-0.25042,0.0638089,-0.926994,0.0609369,0.0206454,0.369516
62813719000,0.0129534,0.812387,0.192624,0.0749974,-0.249287,0.0636857,-0.926575,0.0613049,0.018995,0.370593
62823719000,0.0136963,0.8099,0.19326,0.0734718,-0.248091,0.0633518,-0.926161,0.0616693,0.0173703,0.371646
62833719000,0.0144241,0.807425,0.193891,0.0720538,-0.246856,0.062918,-0.925751,0.0620393,0.0157739,0.372675
62843719000,0.0151368,0.804964,0.194517,0.0705221,-0.245409,0.0622552,-0.925345,0.0624203,0.0142092,0.373683
62853719000,0.0158342,0.802517,0.195135,0.0689804,-0.244131,0.0614308,-0.924942,0.0628141,0.0126822,0.374667
62863719000,0.0165175,0.800082,0.195745,0.0677248,-0.242724,0.0605023,-0.924544,0.0632225,0.0111872,0.375628
62873719000,0.0171871,0.797661,0.196345,0.0662371,-0.241494,0.0594503,-0.924148,0.0636516,0.00972833,0.376568
62883719000,0.0178419,0.795253,0.196933,0.0647613,-0.240128,0.0583081,-0.923754,0.0640964,0.00830948,0.377494
62893719000,0.0184817,0.792859,0.19751,0.0632249,-0.238736,0.0569457,-0.923361,0.0645544,0.00693607,0.378402
62903719000,0.0187769,0.79006,0.195856,0.0605376,-0.238835,0.044764,-0.922973,0.0650213,0.00560775,0.379291
62913719000,0.0193757,0.787678,0.196296,0.0589581,-0.237457,0.0432843,-0.922588,0.0654964,0.00433774,0.380161
62923719000,0.0199585,0.78531,0.196721,0.057514,-0.236091,0.0418286,-0.922208,0.0659773,0.00311751,0.381011
62933719000,0.0205263,0.782958,0.197133,0.0560426,-0.234345,0.0403797,-0.921833,0.0664631,0.00195361,0.381841
62943719000,0.0210793,0.780623,0.197529,0.0545634,-0.232726,0.0388312,-0.921463,0.0669483,0.000853562,0.382652
62953719000,0.0216181,0.778303,0.197909,0.0532254,-0.231201,0.0372363,-0.921096,0.067436,-0.000196013,0.383451
62963719000,0.0221439,0.776,0.198274,0.0519576,-0.229441,0.0356861,-0.920733,0.0679179,-0.00118208,0.384236
62973719000,0.0226565,0.773713,0.198622,0.0505953,-0.227905,0.0341032,-0.920373,0.0683974,-0.00210705,0.385008
62983719000,0.0231556,0.771442,0.198955,0.0492622,-0.226316,0.0324333,-0.920019,0.0688767,-0.00297475,0.385761
62993719000,0.0236423,0.769186,0.199271,0.0480963,-0.224819,0.0308065,-0.919668,0.0693464,-0.00377763,0.386507
63003719000,0.0241168,0.766945,0.199571,0.0468206,-0.223419,0.0290297,-0.919321,0.0698094,-0.00451612,0.38724
63013719000,0.0245796,0.764718,0.199853,0.0457738,-0.221957,0.0274169,-0.918978,0.0702697,-0.00519081,0.387962
63023719000,0.0241809,0.760439,0.199577,0.0416971,-0.227761,0.0235336,-0.918636,0.0707215,-0.00581365,0.38868
63033719000,0.0241292,0.756845,0.199564,0.0390149,-0.231023,0.0209064,-0.918296,0.0711617,-0.00637653,0.389393
63043719000,0.0245161,0.754542,0.199766,0.0381926,-0.229663,0.0195066,-0.917959,0.0715908,-0.00687682,0.390102
63053719000,0.0248944,0.752253,0.199954,0.0374288,-0.228171,0.0181462,-0.917622,0.0720192,-0.00732512,0.390805
63063719000,0.0252648,0.749977,0.200129,0.0366259,-0.226968,0.0168539,-0.917287,0.072429,-0.00770661,0.391508
63073719000,0.0256267,0.747713,0.200292,0.0357777,-0.225911,0.0157392,-0.916952,0.0728263,-0.00802858,0.392213
63083719000,0.0259808,0.74546,0.200444,0.0350435,-0.224632,0.0147299,-0.91662,0.0731971,-0.00829393,0.392913
63093719000,0.0263276,0.743221,0.200588,0.0343216,-0.223221,0.0139925,-0.91629,0.0735488,-0.00849627,0.393613
63103719000,0.0266674,0.740994,0.200724,0.0336493,-0.222057,0.0132703,-0.915961,0.0738774,-0.008641,0.394314
63113719000,0.0240372,0.739568,0.20245,0.0223704,-0.217735,0.0191838,-0.915633,0.0741812,-0.00873281,0.395015
63123719000,0.0242589,0.737397,0.202639,0.021957,-0.216442,0.0186617,-0.915307,0.0744412,-0.00875396,0.39572
63133719000,0.0244763,0.735239,0.202824,0.021528,-0.215201,0.0183646,-0.914984,0.0746679,-0.0087241,0.396426
63143719000,0.0246897,0.733094,0.203006,0.0211519,-0.213878,0.0180078,-0.914664,0.0748644,-0.00864484,0.397128
63153719000,0.0249001,0.730962,0.203185,0.0209208,-0.212497,0.017757,-0.914344,0.07502,-0.00850115,0.397838
63163719000,0.0251081,0.728843,0.203361,0.0206779,-0.211268,0.0175036,-0.914028,0.0751332,-0.0082956,0.398545
63173719000,0.0253134,0.726736,0.203534,0.0203736,-0.210061,0.017204,-0.913716,0.0752135,-0.00803431,0.39925
63183719000,0.0255169,0.724641,0.203705,0.0203138,-0.208979,0.0168804,-0.913405,0.0752597,-0.00771604,0.399959
63193719000,0.0257194,0.722556,0.203872,0.0201906,-0.207965,0.016479,-0.913097,0.0752751,-0.00734559,0.400667
63203719000,0.0259208,0.720481,0.204035,0.0200622,-0.207071,0.0161637,-0.91279,0.07526,-0.00692765,0.401377
63213719000,0.0261212,0.718414,0.204194,0.02002,-0.206299,0.015719,-0.912482,0.075225,-0.00645989,0.40209
63223719000,0.0263203,0.716356,0.204349,0.0197668,-0.205348,0.0151295,-0.912175,0.0751745,-0.00594368,0.402803
63233719000,0.0231191,0.714546,0.207393,0.0074813,-0.203572,0.0255776,-0.911869,0.0751049,-0.00539024,0.403516
63243719000,0.0231928,0.712514,0.207646,0.0074165,-0.202807,0.0250204,-0.911565,0.0750203,-0.00479121,0.404225
63253719000,0.0211288,0.710542,0.20978,-0.000706053,-0.20183,0.0315266,-0.911266,0.0749314,-0.00414913,0.404924
63263719000,0.0211195,0.708527,0.210091,-0.000990889,-0.201121,0.0306609,-0.910967,0.0748551,-0.00345625,0.405616
63273719000,0.0211082,0.70652,0.210393,-0.00120662,-0.200421,0.0298843,-0.91067,0.0747688,-0.00272531,0.406303
63283719000,0.0210947,0.704518,0.210689,-0.00149094,-0.199797,0.0292472,-0.910379,0.0746847,-0.00195662,0.406975
63293719000,0.0210788,0.702524,0.210977,-0.00170462,-0.199161,0.0284274,-0.910093,0.0746054,-0.00115492,0.407631
63303719000,0.021059,0.700533,0.211259,-0.00226804,-0.19891,0.0278748,-0.909812,0.0745357,-0.000307082,0.408272
63313719000,0.0210351,0.698545,0.211534,-0.0025293,-0.198639,0.02709,-0.909538,0.0744692,0.000569734,0.408895
63323719000,0.0210067,0.696561,0.211802,-0.00318519,-0.198156,0.026526,-0.909268,0.0744054,0.00148038,0.409504
63333719000,0.0188063,0.694614,0.214094,-0.0113756,-0.197682,0.0339379,-0.909007,0.0743414,0.00242391,0.410091
63343719000,0.0186895,0.692638,0.214432,-0.0117808,-0.197608,0.033735,-0.908754,0.0742751,0.00339763,0.410656
63353719000,0.0185702,0.690663,0.214769,-0.0120169,-0.197416,0.0336767,-0.908507,0.074204,0.00440941,0.411205
63363719000,0.0184497,0.688691,0.215106,-0.0120698,-0.197083,0.0336967,-0.908268,0.0741292,0.00544852,0.411733
63373719000,0.0183288,0.686722,0.215443,-0.0121253,-0.196575,0.0336732,-0.908036,0.074034,0.00651631,0.412247
63383719000,0.0182079,0.684759,0.21578,-0.0120897,-0.196099,0.0337658,-0.90781,0.0739276,0.00761157,0.412745
63393719000,0.0180877,0.682802,0.216119,-0.0119738,-0.195385,0.0339675,-0.907592,0.0738,0.00872913,0.413223
63403719000,0.0179683,0.680852,0.21646,-0.0119452,-0.194444,0.0341897,-0.907384,0.0736527,0.00987737,0.413681
63413719000,0.0178498,0.678912,0.216803,-0.0117752,-0.193548,0.034417,-0.907182,0.0734805,0.0110445,0.414126
63423719000,0.0177351,0.676982,0.217148,-0.0112043,-0.192442,0.0346868,-0.906985,0.0732884,0.0122331,0.414557
63433719000,0.016416,0.675868,0.219607,-0.0149807,-0.188409,0.0429781,-0.906795,0.0730761,0.0134408,0.414973
63443719000,0.0162667,0.673989,0.220039,-0.0146075,-0.187307,0.0434519,-0.906611,0.0728496,0.0146689,0.415372
63453719000,0.0152641,0.67251,0.221774,-0.0171565,-0.184631,0.0485695,-0.906434,0.0726055,0.0159089,0.415756
63463719000,0.0150941,0.670671,0.22226,-0.0165759,-0.183267,0.0487248,-0.906263,0.0723358,0.0171668,0.416126
63473719000,0.0149319,0.668844,0.222748,-0.0157717,-0.182243,0.0488963,-0.906095,0.0720524,0.0184349,0.416486
63483719000,0.0147779,0.667028,0.223238,-0.0150322,-0.180944,0.0490243,-0.905935,0.0717557,0.0197137,0.416827
63493719000,0.0146313,0.665225,0.223729,-0.0143032,-0.179594,0.049133,-0.905778,0.0714457,0.0209982,0.417157
63503719000,0.0144915,0.663435,0.224222,-0.0136778,-0.178307,0.0496264,-0.905628,0.0711179,0.0222945,0.417473
63513719000,0.0143581,0.661659,0.224719,-0.0130497,-0.176973,0.049645,-0.90548,0.0707769,0.023598,0.41778
63523719000,0.0142315,0.659895,0.225214,-0.0122908,-0.175804,0.0494588,-0.905337,0.070431,0.0248971,0.418073
63533719000,0.0121557,0.657785,0.226587,-0.0187142,-0.175889,0.0524581,-0.905197,0.0700921,0.0261908,0.418353
63543719000,0.0119727,0.656032,0.22711,-0.0176134,-0.174823,0.0520546,-0.90506,0.0697508,0.0274922,0.418624
63553719000,0.011803,0.65429,0.227627,-0.0162493,-0.173583,0.0513119,-0.904922,0.0694202,0.0287886,0.418888
63563719000,0.0116466,0.652559,0.228135,-0.0150165,-0.172576,0.0503686,-0.904785,0.0690985,0.0300743,0.419147
63573719000,0.0115029,0.650839,0.228635,-0.0137434,-0.171485,0.0495626,-0.904649,0.0687831,0.0313518,0.419399
63583719000,0.011372,0.649129,0.229127,-0.0124712,-0.170436,0.0488402,-0.904513,0.0684769,0.0326148,0.419647
63593719000,0.011254,0.64743,0.229612,-0.011167,-0.169341,0.0481836,-0.904376,0.0681767,0.0338637,0.419893
63603719000,0.0111498,0.645742,0.230089,-0.00970843,-0.168311,0.0473072,-0.904236,0.0678892,0.0350977,0.420138
63613719000,0.0110607,0.644064,0.230558,-0.00814494,-0.167223,0.0464481,-0.904096,0.0676135,0.0363087,0.420381
63623719000,0.0109874,0.642397,0.231019,-0.00655082,-0.166203,0.0456147,-0.903955,0.0673473,0.0374985,0.420622
63633719000,0.010929,0.64074,0.231472,-0.00516422,-0.165174,0.0450524,-0.903811,0.0670897,0.038672,0.420866
63643719000,0.0108817,0.639094,0.231923,-0.00433764,-0.164147,0.0452366,-0.903668,0.0668244,0.0398222,0.42111
63653719000,0.00803266,0.63626,0.233489,-0.0137726,-0.167629,0.0497753,-0.903522,0.0665495,0.0409335,0.42136
63663719000,0.00789719,0.634586,0.233987,-0.0130653,-0.167188,0.0498667,-0.903377,0.0662631,0.0420158,0.421609
63673719000,0.00590679,0.632098,0.235145,-0.0191718,-0.169789,0.0526457,-0.903229,0.0659687,0.04306,0.421867
63683719000,0.00571886,0.630404,0.235671,-0.0181789,-0.169015,0.0525121,-0.903076,0.0656672,0.0440729,0.422136
63693719000,0.00554265,0.628717,0.236195,-0.0169909,-0.16833,0.0523099,-0.902922,0.0653552,0.0450284,0.422413
63703719000,0.00537874,0.627038,0.236717,-0.0157824,-0.167478,0.0520264,-0.902763,0.0650469,0.0459382,0.422702
63713719000,0.00522815,0.625367,0.237234,-0.0143471,-0.166716,0.0514068,-0.902597,0.0647376,0.0467976,0.42301
63723719000,0.00509196,0.623703,0.237745,-0.0129104,-0.166075,0.0508196,-0.902425,0.0644424,0.0476134,0.423331
63733719000,0.00497014,0.622047,0.238251,-0.0114761,-0.165216,0.0502839,-0.902247,0.0641582,0.0483741,0.423667
63743719000,0.0048618,0.620398,0.238751,-0.0102128,-0.164591,0.0497183,-0.902063,0.063887,0.0490779,0.42402
63753719000,0.00515855,0.618002,0.240573,-0.00750519,-0.166861,0.0542039,-0.90187,0.063624,0.0497201,0.424393
63763719000,0.0050899,0.616337,0.241112,-0.00609048,-0.166164,0.0535901,-0.901669,0.0633727,0.0503088,0.424789
63773719000,0.00503605,0.614679,0.241646,-0.0046419,-0.165434,0.0531138,-0.901461,0.0631322,0.050844,0.425203
63783719000,0.00499531,0.613029,0.242175,-0.00350271,-0.164625,0.0527607,-0.901245,0.0629023,0.0513214,0.425637
63793719000,0.00496782,0.611386,0.242702,-0.00200272,-0.163966,0.0525585,-0.90102,0.0626813,0.051745,0.426095
63803719000,0.00495566,0.609751,0.243225,-0.0004393,-0.162994,0.0520685,-0.90079,0.0624648,0.0521107,0.426567
63813719000,0.00495845,0.608125,0.243744,0.000986081,-0.162151,0.0517723,-0.900553,0.0622664,0.0524224,0.427059
63823719000,0.00497537,0.606509,0.244261,0.00238805,-0.161148,0.0516358,-0.900305,0.0620754,0.0526764,0.427578
63833719000,0.00500539,0.604901,0.244776,0.00360653,-0.160399,0.0513563,-0.900049,0.0619004,0.0528715,0.428117
63843719000,0.00504679,0.603302,0.245289,0.00466763,-0.159486,0.0512134,-0.899784,0.0617424,0.0530038,0.42868
63853719000,0.00509978,0.601711,0.245801,0.00592345,-0.15861,0.0511539,-0.899512,0.0615942,0.0530807,0.429262
63863719000,0.00516495,0.600129,0.246313,0.0071074,-0.1578,0.0513434,-0.899229,0.0614636,0.0531029,0.429871
63873719000,0.00529059,0.597544,0.248302,0.00857652,-0.160457,0.0569775,-0.898939,0.0613433,0.0530667,0.4305
63883719000,0.00538283,0.595943,0.248874,0.00987626,-0.159653,0.0573768,-0.898641,0.0612301,0.052973,0.431148
63893719000,0.00533765,0.593616,0.171045,0.0103603,-0.161421,0.0348561,-0.898337,0.0611214,0.0528319,0.431814
63903719000,0.00544766,0.592005,0.171397,0.0116292,-0.160695,0.035604,-0.898025,0.0610094,0.0526478,0.432501
63913719000,0.00556978,0.590403,0.171757,0.0127892,-0.159688,0.0362943,-0.897705,0.0609015,0.0524189,0.433208
63923719000,0.00570377,0.588811,0.172123,0.0140064,-0.158738,0.0369122,-0.897378,0.0607945,0.0521481,0.433931
63933719000,0.00584967,0.587228,0.172496,0.0151756,-0.157869,0.0378147,-0.897048,0.0606824,0.05184,0.434668
63943719000,0.00600756,0.585654,0.172879,0.0164081,-0.156928,0.0387746,-0.896711,0.060567,0.0514852,0.435419
63953719000,0.00617856,0.584089,0.173272,0.0177973,-0.155964,0.0397055,-0.896366,0.060453,0.0510894,0.436191
63963719000,0.00636455,0.582534,0.173674,0.0194074,-0.155054,0.0406824,-0.896017,0.0603314,0.0506611,0.436976
63973719000,0.00685246,0.581244,0.175524,0.0218925,-0.153378,0.0490687,-0.895661,0.0602002,0.0502064,0.437774
63983719000,0.00707975,0.579714,0.176019,0.0235062,-0.152566,0.0499981,-0.895299,0.0600669,0.0497158,0.438589
63993719000,0.00732309,0.578191,0.176525,0.0251423,-0.151948,0.0510828,-0.89493,0.0599211,0.0491991,0.439419
64003719000,0.00758189,0.576675,0.17704,0.0266154,-0.151389,0.0519589,-0.894553,0.0597801,0.0486665,0.440265
64013719000,0.00785604,0.575164,0.177565,0.0282192,-0.150719,0.0529695,-0.89417,0.059636,0.0481171,0.441121
64023719000,0.00814584,0.57366,0.1781,0.029749,-0.15015,0.0540604,-0.893782,0.0594784,0.0475498,0.44199
64033719000,0.00845118,0.572162,0.178646,0.0313292,-0.149455,0.0551999,-0.893382,0.0593076,0.0469692,0.442884
64043719000,0.00877238,0.57067,0.179205,0.0329198,-0.149007,0.0565616,-0.892971,0.0591277,0.0463797,0.443797
64053719000,0.00910935,0.569182,0.179777,0.034484,-0.148613,0.0578125,-0.89255,0.0589431,0.0457797,0.44473
64063719000,0.00946069,0.567698,0.180361,0.0357946,-0.148124,0.0590899,-0.892119,0.0587546,0.0451725,0.445679
64073719000,0.00982491,0.56622,0.180958,0.03706,-0.147576,0.0603368,-0.891678,0.058565,0.0445575,0.446648
64083719000,0.0102017,0.564746,0.181568,0.0383198,-0.147077,0.0614914,-0.891224,0.0583717,0.0439263,0.447641
64093719000,0.0105894,0.563278,0.182189,0.0392182,-0.146668,0.062821,-0.890758,0.0581848,0.0432799,0.448655
64103719000,0.0122809,0.562262,0.182439,0.044847,-0.144367,0.0623868,-0.890281,0.0579953,0.0426176,0.449688
64113719000,0.013423,0.561032,0.182768,0.0479884,-0.143242,0.0626458,-0.88979,0.0578161,0.0419314,0.450747
64123719000,0.0139085,0.559601,0.183402,0.048981,-0.142782,0.0640954,-0.889288,0.0576428,0.0412306,0.451823
64133719000,0.0144032,0.558176,0.18405,0.0499185,-0.142173,0.0654439,-0.888777,0.0574734,0.0405232,0.452914
64143719000,0.014907,0.556758,0.184711,0.0508439,-0.141516,0.0666963,-0.888253,0.0572966,0.0398077,0.454026
64153719000,0.0154208,0.555346,0.185383,0.0519102,-0.140788,0.0678901,-0.887719,0.0571276,0.039089,0.455151
64163719000,0.0159438,0.55394,0.186069,0.0526968,-0.140432,0.0692222,-0.887173,0.0569691,0.038369,0.456296
64173719000,0.0164746,0.552538,0.186768,0.0534887,-0.140008,0.0705651,-0.88662,0.0568099,0.03764,0.457451
64183719000,0.0170141,0.551142,0.187478,0.0544097,-0.139272,0.0714492,-0.886058,0.0566564,0.036913,0.458617
64193719000,0.0175604,0.549751,0.188196,0.0548704,-0.138781,0.0722047,-0.885488,0.0565097,0.0361874,0.459791
64203719000,0.0182835,0.547532,0.187183,0.0565472,-0.141301,0.065753,-0.884909,0.0563741,0.0354684,0.460976
64213719000,0.0188546,0.546122,0.187844,0.0575605,-0.140756,0.0664283,-0.884325,0.0562496,0.0347458,0.462166
64223719000,0.0194353,0.544715,0.188512,0.0585572,-0.14051,0.0671383,-0.883735,0.0561332,0.0340219,0.463361
64233719000,0.0200261,0.543313,0.189186,0.0595952,-0.139997,0.0677137,-0.883135,0.0560275,0.0333123,0.464569
64243719000,0.0206267,0.541914,0.189866,0.0605345,-0.1398,0.0683607,-0.882528,0.0559229,0.0326219,0.465782
64253719000,0.0212357,0.540517,0.190554,0.0612713,-0.139515,0.0691276,-0.881916,0.0558131,0.031939,0.467
64263719000,0.0218532,0.539122,0.191248,0.0622394,-0.139513,0.0696917,-0.881299,0.0557021,0.0312663,0.468222
64273719000,0.0224796,0.537728,0.191948,0.0630601,-0.139314,0.0702756,-0.880676,0.0555928,0.0306026,0.46945
64283719000,0.0231153,0.536336,0.192652,0.0640884,-0.139071,0.0705481,-0.880045,0.0554695,0.0299528,0.470688
64293719000,0.0245941,0.534512,0.190385,0.0681263,-0.140426,0.0593706,-0.879408,0.0553492,0.0293215,0.471929
64303719000,0.0252813,0.533107,0.190981,0.0692339,-0.140432,0.0598368,-0.878765,0.0552186,0.0287123,0.473178
64313719000,0.0263404,0.531387,0.189587,0.0716449,-0.14134,0.0524269,-0.878119,0.0550829,0.028121,0.474428
64323719000,0.027062,0.529974,0.190113,0.0725935,-0.141202,0.0529181,-0.877464,0.0549395,0.0275412,0.475688
64333719000,0.0277933,0.528562,0.190644,0.073647,-0.141083,0.0532793,-0.876804,0.0547832,0.0269833,0.476955
64343719000,0.028534,0.527151,0.191181,0.074488,-0.141187,0.0539569,-0.876137,0.0546034,0.0264452,0.478229
64353719000,0.0292827,0.52574,0.191723,0.0752614,-0.141095,0.054588,-0.875464,0.0544078,0.0259298,0.479511
64363719000,0.03004,0.524328,0.192272,0.0762002,-0.141209,0.0551514,-0.874786,0.0541861,0.0254356,0.480798
64373719000,0.0308058,0.522916,0.192826,0.0769675,-0.14132,0.0557168,-0.874101,0.0539362,0.0249667,0.482094
64383719000,0.0315789,0.521502,0.193386,0.0776518,-0.141348,0.0562047,-0.873413,0.0536655,0.0245259,0.483393
64393719000,0.0323578,0.520089,0.193951,0.0781442,-0.14125,0.0568013,-0.872718,0.0533672,0.0241082,0.4847
64403719000,0.0331426,0.518677,0.194522,0.078802,-0.141148,0.0573742,-0.872018,0.0530482,0.0237064,0.486013
64413719000,0.0339326,0.517266,0.195098,0.0792165,-0.141125,0.0577794,-0.871316,0.0527046,0.0233255,0.487326
64423719000,0.0350006,0.515465,0.192701,0.0807569,-0.142419,0.0469051,-0.870608,0.0523373,0.0229618,0.488647
64433719000,0.0358108,0.514041,0.193171,0.0812918,-0.142453,0.0472739,-0.869898,0.051942,0.0226124,0.489968
64443719000,0.0366267,0.512616,0.193646,0.0818861,-0.142391,0.0476672,-0.869183,0.0515311,0.0222809,0.491293
64453719000,0.0374466,0.511192,0.194125,0.0820975,-0.142361,0.04802,-0.868467,0.0510942,0.0219642,0.492617
64463719000,0.0382689,0.509769,0.194607,0.0823512,-0.14241,0.0484345,-0.867748,0.0506275,0.0216596,0.493944
64473719000,0.0390936,0.508346,0.195093,0.082594,-0.142084,0.0487441,-0.867027,0.0501354,0.0213716,0.495272
64483719000,0.0399205,0.506926,0.195583,0.082776,-0.14202,0.0492927,-0.866305,0.0496113,0.0210987,0.496598
64493719000,0.0407491,0.505505,0.196078,0.0829403,-0.142121,0.0496503,-0.865586,0.049058,0.0208436,0.497916
64503719000,0.0415789,0.504085,0.196575,0.0830159,-0.142013,0.04988,-0.864866,0.0484634,0.0206,0.499234
64513719000,0.0420703,0.50148,0.193977,0.0819433,-0.146236,0.0387242,-0.864147,0.0478418,0.0203738,0.500546
64523719000,0.0428889,0.500018,0.194366,0.0818276,-0.145903,0.0391308,-0.863434,0.047188,0.020167,0.501845
64533719000,0.0434331,0.497759,0.192721,0.080846,-0.14856,0.031765,-0.862719,0.0465093,0.0199742,0.503144
64543719000,0.0442404,0.496274,0.19304,0.0806622,-0.148214,0.0320844,-0.862005,0.045791,0.0198004,0.504438
64553719000,0.0450467,0.494795,0.193362,0.0806347,-0.147707,0.0321604,-0.861296,0.0450424,0.0196311,0.505723
64563719000,0.0458531,0.493319,0.193684,0.0806422,-0.14747,0.0323667,-0.86059,0.0442624,0.0194785,0.506997
64573719000,0.046659,0.491846,0.194009,0.0805336,-0.147102,0.0325518,-0.859886,0.0434527,0.0193355,0.508265
64583719000,0.0474633,0.490376,0.194336,0.0803113,-0.146894,0.0328194,-0.859184,0.0426167,0.0192048,0.509527
64593719000,0.048266,0.48891,0.194665,0.0802324,-0.146406,0.0329648,-0.858482,0.0417619,0.019093,0.510784
64603719000,0.0490672,0.487448,0.194995,0.0799809,-0.145912,0.033114,-0.857783,0.0408786,0.0189926,0.512031
64613719000,0.0498672,0.485991,0.195326,0.0800056,-0.14549,0.0330948,-0.857085,0.039969,0.0189031,0.513274
64623719000,0.0506662,0.48454,0.195657,0.079796,-0.144853,0.0330826,-0.856388,0.039037,0.0188273,0.51451
64633719000,0.0511694,0.482118,0.193612,0.0785684,-0.147855,0.0242367,-0.855693,0.0380838,0.018757,0.51574
64643719000,0.0519535,0.480641,0.193855,0.0783548,-0.14735,0.0243319,-0.854996,0.0371027,0.0187009,0.516967
64653719000,0.0527363,0.479171,0.194099,0.0782463,-0.146604,0.0243286,-0.854297,0.0360965,0.0186545,0.518195
64663719000,0.053518,0.477709,0.194341,0.0780939,-0.145887,0.0242494,-0.8536,0.035059,0.0186193,0.519414
64673719000,0.0542978,0.476254,0.194583,0.0778515,-0.145131,0.0241024,-0.852904,0.0339985,0.018585,0.520628
64683719000,0.0550763,0.474806,0.194823,0.0778483,-0.144373,0.0239302,-0.852206,0.0329191,0.0185601,0.52184
64693719000,0.0558546,0.473368,0.195062,0.0777872,-0.143418,0.0238176,-0.851507,0.0318188,0.0185485,0.523049
64703719000,0.0566326,0.471938,0.195299,0.0777837,-0.142489,0.0236507,-0.850807,0.0307077,0.0185516,0.524253
64713719000,0.0574106,0.470519,0.195536,0.0778074,-0.141453,0.0235849,-0.850104,0.0295695,0.0185593,0.525456
64723719000,0.0581891,0.469108,0.195771,0.0778822,-0.140649,0.0234688,-0.8494,0.0284181,0.0185773,0.526656
64733719000,0.0583987,0.466453,0.193747,0.0758551,-0.144326,0.0151028,-0.848694,0.0272558,0.0185964,0.527854
64743719000,0.0587827,0.46419,0.192511,0.0745644,-0.146248,0.00970946,-0.847989,0.0260705,0.0186254,0.529044
64753719000,0.0595289,0.462731,0.192607,0.074859,-0.145238,0.00954165,-0.847285,0.0248693,0.0186574,0.530228
64763719000,0.0602778,0.461284,0.192701,0.0749938,-0.14407,0.00922797,-0.846576,0.0236539,0.0187067,0.531413
64773719000,0.0610278,0.459849,0.192793,0.0750092,-0.142982,0.00912447,-0.84587,0.0224244,0.0187572,0.532588
64783719000,0.0617787,0.458424,0.192882,0.0751613,-0.141967,0.00869693,-0.845162,0.0211763,0.0188206,0.533758
64793719000,0.062531,0.45701,0.192967,0.0752913,-0.140839,0.00846478,-0.844456,0.0199235,0.0188866,0.534921
64803719000,0.0632838,0.455607,0.19305,0.0752523,-0.139845,0.00810282,-0.843753,0.0186489,0.0189653,0.536072
64813719000,0.0640358,0.454214,0.193128,0.075121,-0.138746,0.00738899,-0.843051,0.0173556,0.0190541,0.537216
64823719000,0.0647866,0.452832,0.193199,0.0750112,-0.137733,0.00684936,-0.842354,0.0160578,0.0191534,0.538344
64833719000,0.0655357,0.451458,0.193264,0.074785,-0.137017,0.00624886,-0.84166,0.0147525,0.0192555,0.539463
64843719000,0.0662828,0.450093,0.193324,0.0746084,-0.136135,0.00557822,-0.840968,0.0134409,0.0193562,0.540571
64853719000,0.0663396,0.448123,0.191961,0.0719086,-0.137313,-0.000378948,-0.840281,0.0121331,0.0194691,0.541666
64863719000,0.0670564,0.446754,0.191953,0.0716273,-0.136189,-0.00110182,-0.839597,0.0108194,0.0195692,0.542749
64873719000,0.0677712,0.445396,0.191938,0.071397,-0.135265,-0.00184553,-0.838919,0.00951525,0.0196653,0.543818
64883719000,0.0684849,0.444048,0.191917,0.0713448,-0.134468,-0.0025472,-0.838243,0.00821749,0.0197608,0.544876
64893719000,0.0692047,0.44271,0.145331,0.0714485,-0.13373,-0.0230951,-0.837571,0.00692924,0.0198522,0.545923
64903719000,0.0699183,0.441377,0.145095,0.071252,-0.132913,-0.0241762,-0.836905,0.00564664,0.0199362,0.546956
64913719000,0.070629,0.440051,0.144849,0.0708693,-0.132194,-0.0249325,-0.836242,0.00438989,0.0200193,0.547977
64923719000,0.0713352,0.438734,0.144595,0.0703426,-0.131394,-0.0258074,-0.835585,0.00314212,0.0200951,0.548985
64933719000,0.0720363,0.437422,0.144333,0.0698592,-0.130866,-0.0267637,-0.834931,0.00190451,0.02017,0.549982
64943719000,0.0727333,0.436117,0.14406,0.0695053,-0.130325,-0.02777,-0.834281,0.000678172,0.0202418,0.550967
64953719000,0.0739452,0.434696,0.14453,0.0709892,-0.130159,-0.0247991,-0.833637,-0.000537663,0.020312,0.551939
64963719000,0.0746516,0.433395,0.144277,0.0704701,-0.129647,-0.0257117,-0.832998,-0.00172898,0.0203836,0.552898
64973719000,0.0756977,0.43194,0.144574,0.0710531,-0.129924,-0.02371,-0.832366,-0.0028993,0.0204521,0.553841
64983719000,0.076405,0.430642,0.144332,0.0705804,-0.129405,-0.0246665,-0.831739,-0.00405283,0.0205235,0.554773
64993719000,0.0771087,0.42935,0.144081,0.0701924,-0.128882,-0.0255842,-0.831121,-0.00518669,0.0205866,0.555687
65003719000,0.0778088,0.428065,0.143821,0.0698476,-0.128288,-0.026434,-0.830511,-0.00629864,0.020652,0.556584
65013719000,0.078505,0.426784,0.143553,0.0693841,-0.127783,-0.0270702,-0.829908,-0.00738882,0.0207076,0.557467
65023719000,0.0791963,0.425509,0.143279,0.0688499,-0.127283,-0.027781,-0.829315,-0.00844457,0.0207618,0.558331
65033719000,0.0798834,0.424239,0.142997,0.0685534,-0.126731,-0.0284849,-0.82873,-0.00947673,0.0208093,0.559181
65043719000,0.0805676,0.422974,0.142709,0.0682831,-0.126239,-0.0291925,-0.82815,-0.0104772,0.0208466,0.56002
65053719000,0.0814233,0.422207,0.143396,0.0684029,-0.124014,-0.0255409,-0.827581,-0.0114578,0.020881,0.560841
65063719000,0.0821051,0.420968,0.143137,0.0680717,-0.123528,-0.0262424,-0.827022,-0.0124056,0.0209152,0.561643
65073719000,0.0827836,0.419735,0.142871,0.0676661,-0.123123,-0.0269491,-0.826472,-0.0133278,0.0209463,0.562431
65083719000,0.0834586,0.418505,0.142598,0.0673443,-0.122782,-0.0276071,-0.82593,-0.0142305,0.0209711,0.563203
65093719000,0.0841296,0.417278,0.142319,0.0668418,-0.122593,-0.0281494,-0.825402,-0.0150965,0.0209977,0.563953
65103719000,0.0847963,0.416053,0.142035,0.0664948,-0.122407,-0.0286812,-0.824886,-0.0159389,0.0210148,0.564684
65113719000,0.0854588,0.414829,0.141745,0.0659842,-0.122534,-0.0292761,-0.824381,-0.0167557,0.0210312,0.565396
65123719000,0.0861166,0.413604,0.14145,0.065559,-0.122522,-0.0298023,-0.823889,-0.0175524,0.0210387,0.566089
65133719000,0.0867699,0.412378,0.141149,0.0650987,-0.122607,-0.0304172,-0.823406,-0.0183235,0.0210362,0.566766
65143719000,0.0874194,0.411151,0.140843,0.0647739,-0.122762,-0.0308001,-0.822937,-0.0190627,0.0210278,0.567423
65153719000,0.08893,0.410506,0.142291,0.0676426,-0.120791,-0.0237609,-0.822475,-0.0197735,0.0210257,0.568068
65163719000,0.0896037,0.409296,0.14205,0.0671827,-0.120973,-0.0244379,-0.822023,-0.0204506,0.0210078,0.5687
65173719000,0.0908468,0.408462,0.14299,0.068935,-0.119839,-0.0199637,-0.821582,-0.0210978,0.0209862,0.569313
65183719000,0.0915334,0.407262,0.142788,0.0684497,-0.12007,-0.0203921,-0.821148,-0.0217179,0.0209599,0.569916
65193719000,0.0922143,0.40606,0.142582,0.0677507,-0.120288,-0.0208978,-0.820723,-0.0223106,0.0209271,0.570507
65203719000,0.0928886,0.404856,0.142372,0.0671238,-0.120548,-0.0211691,-0.820303,-0.0228817,0.0208937,0.571089
65213719000,0.0935571,0.40365,0.142159,0.0665603,-0.120583,-0.0213944,-0.819895,-0.0234272,0.0208596,0.571655
65223719000,0.0942189,0.402443,0.141945,0.0657927,-0.120774,-0.0214134,-0.819492,-0.0239535,0.020829,0.572211
65233719000,0.0948738,0.401234,0.14173,0.0651746,-0.121011,-0.0214478,-0.819099,-0.0244623,0.0208023,0.572752
65243719000,0.0955222,0.400023,0.141516,0.0645175,-0.121301,-0.0214369,-0.818711,-0.0249464,0.0207741,0.573288
65253719000,0.096163,0.398808,0.141303,0.0636208,-0.121615,-0.0211703,-0.81833,-0.0254102,0.0207507,0.573811
65263719000,0.0967959,0.39759,0.141092,0.0629538,-0.122032,-0.02096,-0.817955,-0.0258494,0.0207372,0.574327
65273719000,0.0974227,0.396368,0.140884,0.0624067,-0.122327,-0.0207163,-0.817586,-0.0262795,0.0207307,0.574833
65283719000,0.0986305,0.395793,0.142342,0.0638805,-0.120288,-0.0138109,-0.817223,-0.0266935,0.0207322,0.57533
65293719000,0.0992664,0.394588,0.142206,0.0633517,-0.120662,-0.0134032,-0.816867,-0.0270899,0.0207317,0.575816
65303719000,0.0998978,0.39338,0.142074,0.0629427,-0.120909,-0.0130302,-0.816518,-0.0274745,0.0207449,0.576293
65313719000,0.100523,0.392169,0.141946,0.0621984,-0.121295,-0.0126857,-0.816171,-0.0278369,0.0207618,0.576766
65323719000,0.101143,0.390954,0.14182,0.0616252,-0.121656,-0.0124885,-0.815831,-0.0281865,0.0207812,0.577229
65333719000,0.101755,0.389737,0.141697,0.0609262,-0.121882,-0.0121054,-0.815498,-0.0285122,0.0208041,0.577683
65343719000,0.102361,0.388517,0.141577,0.060199,-0.122095,-0.0118245,-0.815168,-0.028829,0.0208308,0.578131
65353719000,0.10296,0.387296,0.141459,0.0595419,-0.122103,-0.0117122,-0.814844,-0.0291252,0.0208607,0.578572
65363719000,0.103553,0.386074,0.141343,0.0590689,-0.122371,-0.0116012,-0.814526,-0.0294049,0.0208922,0.579005
65373719000,0.104141,0.384849,0.141227,0.0584682,-0.122454,-0.0115204,-0.814212,-0.0296701,0.0209368,0.579431
65383719000,0.104946,0.38444,0.142149,0.0587931,-0.119629,-0.00755312,-0.813906,-0.0299077,0.0209847,0.579846
65393719000,0.105689,0.38374,0.142704,0.0588182,-0.117853,-0.00511094,-0.813602,-0.0301203,0.0210296,0.580261
65403719000,0.106273,0.382561,0.142653,0.0581435,-0.117922,-0.00514217,-0.813307,-0.0303044,0.0210798,0.580663
65413719000,0.106852,0.381382,0.142602,0.0576668,-0.117868,-0.00499657,-0.813014,-0.0304759,0.0211395,0.581062
65423719000,0.107425,0.380203,0.142552,0.0569537,-0.11793,-0.00508842,-0.812721,-0.0306309,0.0211994,0.581461
65433719000,0.107991,0.379024,0.142499,0.0562487,-0.117774,-0.00539009,-0.812437,-0.0307684,0.0212569,0.581849
65443719000,0.10855,0.377847,0.142445,0.0553885,-0.117652,-0.00540389,-0.812157,-0.0308846,0.0213114,0.582231
65453719000,0.109099,0.376672,0.14239,0.0545618,-0.117393,-0.00564631,-0.81188,-0.0309904,0.0213691,0.58261
65463719000,0.109641,0.3755,0.142332,0.0538131,-0.116976,-0.00588255,-0.811611,-0.0310801,0.0214304,0.582977
65473719000,0.110175,0.374333,0.142273,0.0529285,-0.116409,-0.0060381,-0.811347,-0.0311522,0.0214996,0.583338
65483719000,0.110701,0.373173,0.14221,0.0522599,-0.115706,-0.00647087,-0.811089,-0.0312012,0.0215751,0.583692
65493719000,0.111219,0.37202,0.142144,0.0513663,-0.114824,-0.00683554,-0.810838,-0.0312393,0.0216567,0.584035
65503719000,0.111729,0.370877,0.142073,0.0506746,-0.113889,-0.00725279,-0.810601,-0.0312546,0.0217307,0.584361
65513719000,0.102585,0.37814,0.144297,0.0149767,-0.0825174,0.000832102,-0.810372,-0.0312557,0.0217987,0.584676
65523719000,0.102731,0.37732,0.144303,0.0142932,-0.0815797,0.000280502,-0.810153,-0.0312295,0.0218861,0.584977
65533719000,0.102869,0.376509,0.144302,0.0133966,-0.080579,-0.000487844,-0.809943,-0.0311854,0.0219718,0.585266
65543719000,0.102999,0.375709,0.144294,0.0126155,-0.0794512,-0.00101961,-0.809745,-0.0311189,0.0220634,0.585541
65553719000,0.103122,0.374919,0.144281,0.0117965,-0.078504,-0.00172925,-0.809556,-0.0310349,0.0221607,0.585802
65563719000,0.103236,0.37414,0.14426,0.0111249,-0.0773139,-0.00247172,-0.809379,-0.0309319,0.0222711,0.586049
65573719000,0.103344,0.373373,0.144231,0.0104006,-0.0759979,-0.00319399,-0.809214,-0.030805,0.0223821,0.586278
65583719000,0.103443,0.372619,0.144195,0.009482,-0.074837,-0.00403495,-0.809061,-0.030657,0.0224989,0.586493
65593719000,0.106306,0.36931,0.144741,0.0186264,-0.0829003,-0.0027778,-0.808922,-0.030494,0.0226271,0.586688
65603719000,0.10649,0.368489,0.144709,0.0180693,-0.0813779,-0.00357685,-0.808798,-0.0303122,0.0227501,0.586864
65613719000,0.108504,0.365892,0.145149,0.0240665,-0.0864063,-0.00270028,-0.808686,-0.0301095,0.0228898,0.587024
65623719000,0.10874,0.365036,0.145117,0.0233112,-0.0847995,-0.00375907,-0.808591,-0.0298844,0.0230375,0.58716
65633719000,0.108971,0.364197,0.145074,0.0227462,-0.0830371,-0.00471767,-0.808512,-0.0296309,0.023181,0.587276
65643719000,0.109196,0.363375,0.145023,0.0223659,-0.0812691,-0.00561183,-0.808445,-0.0293509,0.023326,0.587376
65653719000,0.109418,0.362572,0.144962,0.0218974,-0.0793338,-0.00657603,-0.808396,-0.029046,0.0234783,0.587452
65663719000,0.109635,0.361789,0.144891,0.0216468,-0.0773904,-0.00757554,-0.808361,-0.0287123,0.0236278,0.587512
65673719000,0.109851,0.361025,0.144811,0.0214465,-0.0753792,-0.00838451,-0.808343,-0.0283506,0.0237906,0.587547
65683719000,0.110064,0.360281,0.144723,0.021177,-0.0733816,-0.00930239,-0.808343,-0.0279568,0.0239618,0.58756
65693719000,0.110275,0.359558,0.144625,0.0210063,-0.0712795,-0.0102659,-0.808361,-0.0275324,0.0241321,0.587547
65703719000,0.110484,0.358854,0.144517,0.0209239,-0.0693271,-0.0113656,-0.808391,-0.027078,0.0242997,0.58752
65713719000,0.112397,0.356312,0.146008,0.0272694,-0.0739102,-0.00668001,-0.808437,-0.026592,0.0244801,0.587471
65733719000,0.112944,0.354877,0.145852,0.0273773,-0.0697332,-0.00897761,-0.808574,-0.0255653,0.0248089,0.587315
65743719000,0.113219,0.354189,0.145756,0.0276738,-0.0677928,-0.0102265,-0.808672,-0.0249226,0.0249937,0.5872
65753719000,0.113497,0.353522,0.145648,0.0279106,-0.0656465,-0.0114187,-0.80878,-0.0242851,0.0251641,0.587071
65763719000,0.113777,0.352875,0.145528,0.0281092,-0.0636488,-0.0125447,-0.808898,-0.0236235,0.025333,0.586927
65773719000,0.11406,0.352248,0.145397,0.0284607,-0.0617634,-0.0136316,-0.809027,-0.0229311,0.0254998,0.58677
65783719000,0.114346,0.351639,0.145255,0.0288688,-0.0599765,-0.0147061,-0.809169,-0.0222118,0.0256704,0.586594
65793719000,0.114638,0.351048,0.145102,0.0295722,-0.0581806,-0.016033,-0.809319,-0.0214577,0.02583,0.586408
65803719000,0.114937,0.350475,0.144936,0.0301415,-0.0565456,-0.0170242,-0.809476,-0.0206788,0.0259851,0.586212
65813719000,0.115242,0.349917,0.144761,0.0308594,-0.0549539,-0.01808,-0.809647,-0.0198682,0.0261382,0.585998
65823719000,0.116635,0.348081,0.147753,0.0352914,-0.0577964,-0.00751792,-0.809826,-0.0190289,0.0262884,0.585772
65833719000,0.116992,0.347513,0.147674,0.0359382,-0.0561268,-0.00838558,-0.81001,-0.0181708,0.0264367,0.585537
65843719000,0.117963,0.345954,0.149679,0.0390591,-0.0578608,-0.00167435,-0.810206,-0.0172861,0.0265717,0.585288
65853719000,0.118358,0.345385,0.149659,0.0398726,-0.0561283,-0.00233284,-0.810404,-0.0163821,0.0266965,0.585034
65863719000,0.11876,0.344832,0.149632,0.0405636,-0.0545149,-0.00298253,-0.810604,-0.0154622,0.0268157,0.584776
65873719000,0.11917,0.344294,0.1496,0.0412942,-0.0531422,-0.00351346,-0.810809,-0.0145253,0.026938,0.58451
65883719000,0.119585,0.34377,0.149563,0.0418309,-0.0515408,-0.0037405,-0.811018,-0.0135813,0.0270529,0.584238
65893719000,0.120007,0.343261,0.149524,0.0425261,-0.0501618,-0.00411108,-0.811229,-0.0126258,0.0271611,0.583961
65903719000,0.120435,0.342767,0.149481,0.0431447,-0.0487366,-0.00443311,-0.811443,-0.0116621,0.027261,0.583679
65913719000,0.120871,0.342287,0.149437,0.0439733,-0.0472374,-0.0044194,-0.811662,-0.0106882,0.0273613,0.583389
65923719000,0.121313,0.341821,0.149393,0.0445338,-0.0459442,-0.00446454,-0.811883,-0.00970491,0.0274474,0.583094
65933719000,0.122121,0.340777,0.152272,0.0464676,-0.0467402,0.00613219,-0.812103,-0.00872751,0.0275219,0.582799
65943719000,0.122589,0.340316,0.152334,0.0470215,-0.0455986,0.0063477,-0.812326,-0.00774974,0.0275901,0.582499
65953719000,0.123061,0.339866,0.1524,0.0472568,-0.0445626,0.00681174,-0.812547,-0.00677528,0.0276548,0.5822
65963719000,0.123536,0.339426,0.15247,0.0477276,-0.0433802,0.00723455,-0.812772,-0.0058067,0.0277088,0.581894
65973719000,0.124016,0.338997,0.152545,0.0483707,-0.0423632,0.00769656,-0.812999,-0.00484534,0.0277518,0.581583
65983719000,0.124502,0.338579,0.152625,0.0489256,-0.041176,0.00835087,-0.813225,-0.00389712,0.0277938,0.581273
65993719000,0.124999,0.338176,0.121804,0.0495403,-0.0399267,-0.00422521,-0.81345,-0.0029595,0.0278319,0.580961
66003719000,0.125497,0.337782,0.121765,0.0500941,-0.0388015,-0.00352716,-0.813677,-0.00203454,0.0278601,0.580645
66013719000,0.126001,0.337399,0.121734,0.0506702,-0.037856,-0.00278518,-0.813903,-0.0011116,0.0278869,0.58033
66023719000,0.12651,0.337024,0.12171,0.0513064,-0.0370178,-0.00194953,-0.814127,-0.000210304,0.0279033,0.580016
66033719000,0.127547,0.336493,0.123941,0.0538741,-0.0367067,0.0109996,-0.814352,0.000680799,0.0279159,0.579699
66043719000,0.128373,0.335985,0.125448,0.0554617,-0.036139,0.019457,-0.814576,0.00155642,0.0279152,0.579383
66053719000,0.12893,0.335629,0.125649,0.0558439,-0.0351654,0.0207754,-0.814799,0.00241478,0.0278984,0.579067
66063719000,0.12949,0.335281,0.125863,0.0561835,-0.0343943,0.0221132,-0.815019,0.00325986,0.0278708,0.578754
66073719000,0.130053,0.334942,0.126091,0.0562813,-0.0335214,0.0233599,-0.815242,0.00408328,0.0278362,0.578437
66083719000,0.130615,0.33461,0.126331,0.0562771,-0.032821,0.0247041,-0.815465,0.00488699,0.0277935,0.578117
66093719000,0.131179,0.334287,0.126586,0.0564254,-0.0318077,0.0262666,-0.81569,0.00566552,0.0277426,0.577796
66103719000,0.131743,0.333974,0.126858,0.0564814,-0.0308626,0.0280637,-0.815913,0.0064231,0.0276908,0.577475
66113719000,0.132308,0.333669,0.127147,0.0564532,-0.0300887,0.0297386,-0.81614,0.00715336,0.0276278,0.577149
66123719000,0.132873,0.333372,0.127452,0.0565795,-0.0292912,0.0313056,-0.816367,0.00787013,0.0275605,0.576822
66133719000,0.133438,0.333083,0.127773,0.0564169,-0.0284783,0.0329123,-0.816599,0.00855536,0.027478,0.576487
66143719000,0.134001,0.332802,0.128111,0.0562389,-0.0276364,0.0347014,-0.816832,0.00921172,0.0273896,0.576152
66153719000,0.135212,0.332328,0.128773,0.0586782,-0.0276116,0.0378932,-0.817061,0.00984715,0.0272944,0.575821
66163719000,0.135798,0.332055,0.129161,0.0584642,-0.027006,0.0396188,-0.81729,0.010445,0.0271895,0.575491
66173719000,0.136384,0.331788,0.129566,0.058598,-0.0264206,0.041442,-0.817521,0.0110164,0.0270823,0.575157
66183719000,0.13697,0.331526,0.129989,0.0586773,-0.0258656,0.0432535,-0.817754,0.0115651,0.0269646,0.574819
66193719000,0.137557,0.331271,0.130431,0.0586683,-0.0251408,0.044984,-0.817986,0.0120838,0.0268386,0.574485
66203719000,0.138144,0.331022,0.130888,0.058689,-0.0247954,0.04644,-0.818219,0.0125746,0.0266981,0.574148
66213719000,0.138731,0.330775,0.13136,0.0588385,-0.0244843,0.04809,-0.818453,0.0130466,0.0265473,0.573811
66223719000,0.139319,0.330533,0.13185,0.0587785,-0.0240212,0.0497797,-0.818685,0.0134941,0.0263888,0.573477
66233719000,0.139907,0.330294,0.132356,0.0588076,-0.0237302,0.0513999,-0.818915,0.0139174,0.0262198,0.573146
66243719000,0.140495,0.330059,0.132877,0.0588192,-0.0233447,0.0529745,-0.819141,0.0143161,0.0260448,0.572822
66253719000,0.141364,0.330131,0.131798,0.0597939,-0.0219416,0.0479428,-0.819367,0.0146948,0.0258545,0.572498
66263719000,0.141962,0.329914,0.132285,0.0597405,-0.0215662,0.0495246,-0.819594,0.0150461,0.0256495,0.572173
66273719000,0.142745,0.329855,0.131579,0.0604618,-0.0208443,0.0460876,-0.819821,0.0153827,0.0254374,0.571847
66283719000,0.143349,0.329647,0.132048,0.0602241,-0.0207718,0.0477352,-0.820047,0.0156936,0.0252205,0.571524
66293719000,0.14395,0.32944,0.132533,0.060013,-0.0207284,0.0493237,-0.820272,0.0159848,0.0250008,0.571203
66303719000,0.144549,0.329233,0.133035,0.0597412,-0.0206883,0.0509371,-0.820496,0.0162574,0.0247721,0.570884
66313719000,0.145146,0.329026,0.133552,0.0595542,-0.0206251,0.0525597,-0.820722,0.0165088,0.0245338,0.570562
66323719000,0.14574,0.32882,0.134086,0.0593943,-0.0205638,0.0541147,-0.820948,0.0167367,0.0242934,0.570241
66333719000,0.146333,0.328614,0.134635,0.0591322,-0.0206638,0.0557991,-0.821173,0.0169507,0.0240487,0.56992
66343719000,0.146924,0.328407,0.135201,0.0590052,-0.0207635,0.0573811,-0.821396,0.0171333,0.0237914,0.569604
66353719000,0.147512,0.328199,0.135784,0.0587811,-0.0207851,0.0591096,-0.821619,0.0173047,0.0235301,0.569288
66363719000,0.148359,0.327605,0.133246,0.0593309,-0.0222736,0.0479638,-0.821841,0.0174562,0.0232583,0.568974
66373719000,0.148952,0.327382,0.133734,0.059304,-0.0222214,0.0495252,-0.822065,0.0175854,0.0229836,0.568657
66383719000,0.149544,0.327161,0.134236,0.0590641,-0.0220462,0.0509696,-0.822287,0.0177027,0.0226959,0.568345
66393719000,0.150134,0.326941,0.134753,0.0588914,-0.0219025,0.052425,-0.82251,0.0178001,0.022395,0.568031
66403719000,0.150723,0.326723,0.135285,0.0588961,-0.0217551,0.0539079,-0.822727,0.0178865,0.0220952,0.567725
66413719000,0.151312,0.326507,0.135831,0.0588042,-0.0214073,0.0552825,-0.822946,0.0179598,0.0217863,0.567418
66423719000,0.1519,0.326294,0.13639,0.0588417,-0.021258,0.0564995,-0.823165,0.0180155,0.021475,0.56711
66433719000,0.152487,0.326083,0.136961,0.0586408,-0.0209098,0.0576801,-0.823384,0.0180575,0.0211615,0.566802
66443719000,0.153073,0.325875,0.137543,0.0584715,-0.0207493,0.058742,-0.823603,0.0180794,0.0208428,0.566495
66453719000,0.153657,0.32567,0.138136,0.0585066,-0.0202714,0.0599108,-0.82382,0.018092,0.0205251,0.566191
66463719000,0.154242,0.325468,0.138741,0.0583949,-0.0201114,0.0609764,-0.824039,0.0180962,0.0201994,0.565884
66473719000,0.154825,0.325268,0.139355,0.0581999,-0.0199199,0.0619621,-0.824256,0.0180973,0.0198727,0.565579
66483719000,0.155671,0.323957,0.134853,0.0590152,-0.0235385,0.0434826,-0.824471,0.0180926,0.0195396,0.565277
66493719000,0.156428,0.323038,0.132155,0.0595763,-0.0257095,0.0326866,-0.824687,0.0180742,0.0191983,0.564975
66503719000,0.157024,0.322782,0.132486,0.0595524,-0.025604,0.0334067,-0.824907,0.0180492,0.0188586,0.564666
66513719000,0.15762,0.322527,0.132824,0.0595249,-0.0253447,0.0343044,-0.825124,0.0180158,0.0185139,0.564361
66523719000,0.158216,0.322274,0.133172,0.0596701,-0.025123,0.0351405,-0.825341,0.0179749,0.0181769,0.564055
66533719000,0.158812,0.322023,0.133528,0.0595054,-0.025057,0.0360807,-0.82556,0.0179267,0.0178317,0.563748
66543719000,0.159407,0.321773,0.133893,0.0595778,-0.0250154,0.0369667,-0.825776,0.01786,0.0174853,0.563444
66553719000,0.160002,0.321524,0.134267,0.0595042,-0.0247944,0.0377367,-0.825995,0.0177859,0.0171314,0.563137
66563719000,0.160599,0.321277,0.134648,0.0598211,-0.0245741,0.0385388,-0.826212,0.0176914,0.0167803,0.562831
66573719000,0.161197,0.321032,0.135037,0.0597931,-0.0243953,0.0392877,-0.826429,0.0175838,0.0164225,0.562527
66583719000,0.161802,0.320056,0.131477,0.0596385,-0.0269764,0.0249977,-0.826647,0.0174657,0.01607,0.56222
66593719000,0.162397,0.319785,0.131731,0.0594452,-0.0270466,0.025773,-0.826862,0.0173359,0.015718,0.561918
66603719000,0.162991,0.319515,0.131992,0.0593422,-0.0268993,0.026422,-0.827076,0.0171952,0.0153602,0.561617
66613719000,0.163585,0.319247,0.132259,0.0593627,-0.0266584,0.0269811,-0.827288,0.017033,0.0150101,0.561319
66623719000,0.164178,0.318981,0.132531,0.0593358,-0.0266425,0.0275028,-0.827502,0.0168643,0.0146582,0.561017
66633719000,0.164772,0.318717,0.132809,0.0593472,-0.0262605,0.0280689,-0.82772,0.0166809,0.0143027,0.560712
66643719000,0.165366,0.318455,0.133092,0.0594411,-0.0260915,0.0286349,-0.827932,0.0164808,0.013945,0.560413
66653719000,0.16596,0.318196,0.133381,0.0593811,-0.0257439,0.0290073,-0.828147,0.0162732,0.0135858,0.56011
66663719000,0.166554,0.31794,0.133672,0.0594306,-0.0253461,0.0292712,-0.828362,0.0160445,0.013225,0.559807
66673719000,0.167148,0.317688,0.133966,0.059521,-0.0251779,0.0294902,-0.828576,0.015811,0.0128651,0.559505
66683719000,0.167493,0.316475,0.129861,0.0584909,-0.0282194,0.0133946,-0.828797,0.0155655,0.0124963,0.559194
66693719000,0.167932,0.315581,0.127275,0.0578295,-0.0301824,0.00348641,-0.829017,0.0153136,0.012126,0.558883
66703719000,0.168509,0.31528,0.127309,0.0576172,-0.0299108,0.00339538,-0.829235,0.0150559,0.0117559,0.558573
66713719000,0.169085,0.314982,0.127343,0.0574303,-0.0295851,0.00335585,-0.829452,0.0147915,0.0113856,0.558266
66723719000,0.169658,0.314688,0.127377,0.0572016,-0.0293809,0.00339044,-0.829674,0.0145246,0.0110137,0.55795
66733719000,0.170229,0.314395,0.127409,0.0571353,-0.0290938,0.0030965,-0.8299,0.0142448,0.0106441,0.557629
66743719000,0.170799,0.314106,0.127439,0.0568458,-0.0287962,0.00295026,-0.830127,0.0139578,0.0102742,0.557305
66753719000,0.171367,0.313819,0.127467,0.0566807,-0.0286688,0.00259502,-0.830357,0.0136663,0.00989027,0.556976
66763719000,0.171933,0.313532,0.127492,0.0564698,-0.0286141,0.002431,-0.830589,0.0133698,0.00951147,0.556645
66773719000,0.172496,0.313247,0.127516,0.0562313,-0.0283954,0.00221644,-0.830822,0.0130706,0.00914182,0.55631
66783719000,0.173057,0.312964,0.127537,0.0560066,-0.02825,0.00200718,-0.831061,0.0127607,0.00877376,0.555965
66793719000,0.173617,0.312683,0.127555,0.0558617,-0.0279656,0.00171157,-0.8313,0.012449,0.00839956,0.555621
66803719000,0.174175,0.312404,0.127571,0.0558878,-0.0277711,0.0013631,-0.831542,0.0121301,0.00802016,0.555271
66813719000,0.17462,0.311986,0.124751,0.0554333,-0.0281426,-0.00962301,-0.831788,0.0118068,0.00765027,0.554915
66823719000,0.175174,0.311704,0.124653,0.0553847,-0.0280525,-0.0100789,-0.832036,0.0114828,0.0072804,0.554556
66833719000,0.175728,0.311424,0.124548,0.055469,-0.0280283,-0.0107789,-0.832287,0.0111443,0.00691198,0.554189
66843719000,0.176283,0.311143,0.124437,0.0554297,-0.0280062,-0.0114631,-0.83254,0.0108031,0.00654423,0.553821
66853719000,0.176837,0.310863,0.124319,0.0554021,-0.0281455,-0.0121436,-0.832797,0.0104661,0.00617635,0.553445
66863719000,0.177391,0.310582,0.124194,0.0554454,-0.0280707,-0.012933,-0.833052,0.0101245,0.00580358,0.553071
66873719000,0.177946,0.310301,0.124061,0.055437,-0.0280747,-0.0136973,-0.833311,0.00979351,0.00544207,0.552691
66883719000,0.1785,0.310021,0.123919,0.0554167,-0.0280172,-0.0146823,-0.833569,0.00945409,0.00508396,0.552311
66893719000,0.179054,0.309741,0.123768,0.0555063,-0.0279739,-0.0155206,-0.833831,0.0091215,0.00472653,0.551924
66903719000,0.179609,0.309461,0.123608,0.0554207,-0.0280186,-0.0164807,-0.834095,0.00879876,0.00437463,0.551534
66913719000,0.180123,0.309021,0.121951,0.055362,-0.0285437,-0.022764,-0.834358,0.00847763,0.00402529,0.551144
66923719000,0.180677,0.308733,0.121719,0.0555335,-0.0288818,-0.0237477,-0.83462,0.00815381,0.00368055,0.550754
66933719000,0.181194,0.308373,0.120663,0.0554809,-0.0292992,-0.0276478,-0.83488,0.00783419,0.00333571,0.550366
66943719000,0.181749,0.308078,0.120382,0.0555431,-0.0294073,-0.0286181,-0.835141,0.00752034,0.00300116,0.549976
66953719000,0.182305,0.307784,0.12009,0.0556947,-0.0295507,-0.0297476,-0.835403,0.00720619,0.00266837,0.549585
66963719000,0.182864,0.307487,0.119788,0.0560768,-0.0297723,-0.0306942,-0.835664,0.00689363,0.00233788,0.549192
66973719000,0.183426,0.307188,0.119475,0.0563259,-0.0299313,-0.031805,-0.835922,0.00658795,0.00201249,0.548805
66983719000,0.18399,0.306889,0.119151,0.0565414,-0.0300544,-0.0329523,-0.836179,0.00628308,0.00169692,0.548418
66993719000,0.18456,0.306588,0.106664,0.0570291,-0.0301631,-0.0390625,-0.836435,0.00597829,0.00138397,0.548032
67003719000,0.18513,0.306286,0.106268,0.0569947,-0.0302781,-0.0402077,-0.836689,0.00568043,0.00107335,0.547648
67013719000,0.185521,0.305529,0.106281,0.0564807,-0.0319296,-0.0389228,-0.836941,0.00538235,0.000763889,0.547267
67023719000,0.186087,0.305208,0.105887,0.0567364,-0.0320604,-0.0398861,-0.837187,0.00508099,0.000468944,0.546892
67033719000,0.186655,0.304887,0.105482,0.0568565,-0.0321693,-0.0410206,-0.837432,0.00478773,0.000188279,0.54652
67043719000,0.187224,0.304565,0.105067,0.0569712,-0.0322487,-0.0420571,-0.837675,0.00449386,-8.97106e-05,0.546151
67053719000,0.187795,0.304241,0.104641,0.0571551,-0.0324131,-0.0431465,-0.837911,0.00419793,-0.000362177,0.545791
67063719000,0.188368,0.303916,0.104205,0.0574245,-0.0326182,-0.0440848,-0.838144,0.00390371,-0.000626637,0.545434
67073719000,0.188943,0.30359,0.103759,0.0575829,-0.0326033,-0.0450265,-0.838374,0.00360552,-0.000884776,0.545083
67083719000,0.189518,0.303265,0.103304,0.0575528,-0.0325022,-0.04591,-0.838601,0.00330551,-0.00113885,0.544735
67093719000,0.190094,0.30294,0.102841,0.0576343,-0.0325549,-0.0467171,-0.838823,0.00300645,-0.00138656,0.544394
67103719000,0.190672,0.302614,0.10237,0.0578423,-0.0325083,-0.0475429,-0.83904,0.00269107,-0.00162715,0.544061
67113719000,0.19125,0.302289,0.10189,0.0578825,-0.0326185,-0.0484694,-0.839251,0.00236999,-0.00185763,0.543735
67123719000,0.191829,0.301964,0.101401,0.0578316,-0.0323949,-0.0493554,-0.839458,0.00204587,-0.00208229,0.543417
67133719000,0.19248,0.301492,0.102609,0.0580862,-0.0326796,-0.0422805,-0.839658,0.00171237,-0.00230223,0.543108
67143719000,0.193061,0.301165,0.102184,0.0582716,-0.0326295,-0.0428242,-0.839854,0.00137409,-0.0025054,0.542805
67153719000,0.193683,0.300736,0.102905,0.0586566,-0.0327894,-0.038337,-0.840043,0.00103225,-0.00269841,0.542511
67163719000,0.19427,0.300409,0.102517,0.0587431,-0.0324253,-0.0391343,-0.840231,0.000692782,-0.00289237,0.542221
67173719000,0.194858,0.300087,0.102122,0.0588614,-0.0320428,-0.0398501,-0.840411,0.000349211,-0.00307254,0.541941
67183719000,0.195447,0.299769,0.10172,0.0590713,-0.031539,-0.0406436,-0.840583,-4.21246e-07,-0.00324834,0.541673
67193719000,0.196038,0.299455,0.101309,0.0590872,-0.0312823,-0.0414293,-0.840745,-0.000359845,-0.00340997,0.54142
67203719000,0.19663,0.299144,0.100892,0.0592148,-0.0308839,-0.0421412,-0.840902,-0.000717847,-0.00356061,0.541175
67213719000,0.197222,0.298838,0.100466,0.0593094,-0.0304419,-0.0428775,-0.84105,-0.00107948,-0.003699,0.540944
67223719000,0.197815,0.298535,0.100034,0.0593133,-0.0300152,-0.0436226,-0.841196,-0.00144088,-0.0038269,0.540715
67233719000,0.198632,0.298142,0.101368,0.0600196,-0.0300681,-0.0365574,-0.841336,-0.00180838,-0.00395441,0.540496
67243719000,0.199231,0.297843,0.100999,0.0598519,-0.0296793,-0.0371925,-0.841469,-0.00218353,-0.0040676,0.540286
67253719000,0.199829,0.297547,0.100624,0.0598259,-0.0294218,-0.0378376,-0.841595,-0.00256328,-0.00416894,0.540087
67263719000,0.200427,0.297255,0.100244,0.0597454,-0.0289481,-0.0382644,-0.841716,-0.00295366,-0.00424944,0.539895
67273719000,0.201024,0.296968,0.0998583,0.0597006,-0.0284903,-0.0388374,-0.84183,-0.00334107,-0.00431617,0.539716
67283719000,0.201621,0.296685,0.099468,0.0596203,-0.0281827,-0.0392114,-0.841938,-0.00373832,-0.00437504,0.539544
67293719000,0.202217,0.296405,0.0990736,0.0595402,-0.0277253,-0.0396846,-0.84204,-0.0041401,-0.00441242,0.539381
67303719000,0.202811,0.296131,0.098674,0.0592879,-0.0271998,-0.0402327,-0.842139,-0.00454598,-0.00444098,0.539223
67313719000,0.203404,0.295859,0.0982692,0.0592556,-0.0270789,-0.0407209,-0.842233,-0.00495384,-0.00444952,0.539072
67323719000,0.203995,0.295591,0.0978591,0.0590712,-0.0267081,-0.0413082,-0.842324,-0.0053582,-0.00443862,0.538927
67333719000,0.204585,0.295325,0.0974435,0.0587879,-0.0263799,-0.0418032,-0.842411,-0.00576479,-0.00441092,0.538787
67343719000,0.205172,0.295063,0.0970236,0.0586396,-0.0260604,-0.0421678,-0.842493,-0.00616551,-0.00436826,0.538655
67353719000,0.205757,0.294804,0.0965996,0.0584464,-0.025784,-0.0426402,-0.842571,-0.0065664,-0.00431503,0.538528
67363719000,0.206341,0.294548,0.0961708,0.0582107,-0.0254213,-0.0431211,-0.842644,-0.00695962,-0.00424249,0.538409
67373719000,0.206922,0.294295,0.095738,0.0580264,-0.025149,-0.043431,-0.842713,-0.00735467,-0.00415729,0.538298
67383719000,0.207502,0.294044,0.0953015,0.058004,-0.024996,-0.0438839,-0.842778,-0.00774688,-0.00405544,0.538191
67393719000,0.208498,0.293303,0.09738,0.0593652,-0.0262182,-0.0348475,-0.842842,-0.00813286,-0.00393719,0.538086
67403719000,0.209091,0.29304,0.0970295,0.0592875,-0.0261688,-0.0352428,-0.842905,-0.00851689,-0.00380421,0.537981
67413719000,0.209683,0.29278,0.0966753,0.0591467,-0.0259655,-0.0355902,-0.842968,-0.00889466,-0.00366042,0.537878
67423719000,0.210274,0.292521,0.0963183,0.0589915,-0.0257954,-0.0358188,-0.84303,-0.00927156,-0.00350288,0.537776
67433719000,0.210863,0.292264,0.0959588,0.0589101,-0.0255349,-0.0360862,-0.843092,-0.00964436,-0.00333077,0.537673
67443719000,0.211452,0.292009,0.0955967,0.0587238,-0.0254459,-0.0363301,-0.843153,-0.0100132,-0.00313732,0.537571
67453719000,0.212039,0.291757,0.0952322,0.0586558,-0.0250908,-0.0365633,-0.843212,-0.0103791,-0.00293189,0.537473
67463719000,0.212624,0.291507,0.0948653,0.058476,-0.0249046,-0.0368175,-0.84327,-0.0107406,-0.00270918,0.537376
67473719000,0.213208,0.291259,0.0944954,0.0582583,-0.0245473,-0.0371726,-0.843332,-0.0111006,-0.00247167,0.537272
67483719000,0.21379,0.291014,0.0941222,0.0581422,-0.0244631,-0.0374572,-0.843394,-0.0114561,-0.00222912,0.537168
67493719000,0.214371,0.29077,0.0937469,0.0579593,-0.0244461,-0.0376011,-0.843458,-0.0118105,-0.00197038,0.537062
67503719000,0.214949,0.290527,0.0933699,0.0577275,-0.024137,-0.0378024,-0.843522,-0.0121644,-0.00170099,0.536954
67513719000,0.215525,0.290286,0.092991,0.0575109,-0.023954,-0.0379757,-0.843586,-0.012521,-0.00141476,0.536845
67523719000,0.2161,0.290049,0.0926109,0.0573655,-0.0235732,-0.0380567,-0.843655,-0.0128723,-0.00111745,0.53673
67533719000,0.216672,0.289815,0.0922302,0.0571153,-0.0231029,-0.0380825,-0.843723,-0.0132273,-0.000805528,0.536615
67543719000,0.217243,0.289586,0.0918484,0.0570032,-0.0227101,-0.0382614,-0.843791,-0.0135802,-0.000478601,0.5365
67553719000,0.217812,0.289362,0.0914654,0.0567455,-0.0222349,-0.0383427,-0.843864,-0.0139299,-0.000142021,0.536376
67563719000,0.218378,0.289142,0.0910822,0.0564337,-0.021805,-0.0383008,-0.843939,-0.0142724,0.000198628,0.536249
67573719000,0.218941,0.288925,0.0906981,0.0561576,-0.0214357,-0.0385188,-0.844018,-0.0146222,0.000550753,0.536115
67583719000,0.219501,0.288713,0.0903134,0.0559455,-0.020942,-0.0384201,-0.844098,-0.0149692,0.000919729,0.535979
67593719000,0.220059,0.288506,0.0899298,0.0556732,-0.0204724,-0.0383058,-0.844178,-0.0153183,0.00129839,0.535843
67603719000,0.220615,0.288305,0.0895476,0.0553799,-0.0198712,-0.038128,-0.844263,-0.0156716,0.00168077,0.535698
67613719000,0.221168,0.288109,0.0891665,0.0551952,-0.0193321,-0.0381005,-0.844351,-0.0160345,0.00207638,0.535547
67623719000,0.221719,0.287919,0.0887856,0.0549634,-0.0185894,-0.0380821,-0.844443,-0.0163976,0.00248864,0.535389
67633719000,0.221816,0.286891,0.093871,0.0534679,-0.0203448,-0.0214926,-0.844535,-0.0167569,0.00290753,0.535231
67643719000,0.222348,0.28669,0.0936568,0.0531642,-0.0197168,-0.0213328,-0.844627,-0.017121,0.00332774,0.535071
67653719000,0.222695,0.285947,0.096225,0.052546,-0.0207877,-0.0128781,-0.844724,-0.0174871,0.00375291,0.534904
67663719000,0.223219,0.285741,0.0960967,0.0524529,-0.0202542,-0.0127758,-0.844817,-0.0178693,0.00418086,0.53474
67673719000,0.223742,0.285541,0.0959694,0.052331,-0.0197306,-0.012688,-0.844914,-0.0182497,0.00461961,0.534571
67683719000,0.224265,0.285348,0.0958433,0.0521947,-0.0190442,-0.0125209,-0.845009,-0.018626,0.00506555,0.534404
67693719000,0.224786,0.285161,0.095719,0.0520183,-0.0183572,-0.0123463,-0.845106,-0.0190048,0.00551246,0.534233
67703719000,0.225306,0.28498,0.0955963,0.0518917,-0.0176674,-0.0121935,-0.845204,-0.0193933,0.00595916,0.534059
67713719000,0.225824,0.284806,0.0954755,0.0517908,-0.0171795,-0.0119568,-0.845301,-0.0197887,0.00640797,0.533885
67723719000,0.226341,0.284638,0.0953559,0.0516215,-0.0164437,-0.0119775,-0.8454,-0.0201934,0.00686779,0.533708
67733719000,0.226978,0.284552,0.0972387,0.0517792,-0.0154914,-0.00563286,-0.845499,-0.020613,0.00732536,0.533529
67753719000,0.228008,0.284256,0.0971312,0.0513657,-0.0141295,-0.00511619,-0.845689,-0.0214098,0.00820782,0.533183
67763719000,0.228522,0.284118,0.0970817,0.0514075,-0.013456,-0.00479315,-0.845798,-0.0218797,0.00871707,0.532984
67773719000,0.229035,0.283988,0.097035,0.0513324,-0.0124511,-0.00454086,-0.845898,-0.022319,0.00919376,0.532799
67783719000,0.229547,0.283868,0.0969911,0.0510082,-0.011644,-0.00423999,-0.846,-0.0227495,0.00967094,0.53261
67793719000,0.230056,0.283756,0.0969504,0.0507859,-0.0107385,-0.00388722,-0.846101,-0.0231803,0.0101478,0.532421
67803719000,0.230564,0.283653,0.0969135,0.0507018,-0.00990993,-0.00350467,-0.846201,-0.0236178,0.0106232,0.532234
67813719000,0.23107,0.283558,0.0968805,0.0505933,-0.00911433,-0.00309205,-0.846303,-0.0240606,0.0111012,0.532042
67823719000,0.231575,0.28347,0.0968511,0.0503205,-0.0084366,-0.00278755,-0.846402,-0.0245078,0.0115883,0.531854
67833719000,0.232161,0.283282,0.0982067,0.0503688,-0.00781669,0.00188136,-0.8465,-0.0249562,0.0120726,0.531667
67843719000,0.232727,0.283077,0.0990273,0.0503961,-0.00745523,0.00469385,-0.846599,-0.0254123,0.0125582,0.531475
67853719000,0.233228,0.283007,0.0990761,0.0499537,-0.00662268,0.00506912,-0.846699,-0.0258673,0.0130484,0.531283
67863719000,0.233725,0.282945,0.0991293,0.0495536,-0.00567002,0.00556643,-0.846799,-0.026322,0.0135417,0.531089
67873719000,0.234219,0.282892,0.0991867,0.0493859,-0.00485143,0.00591285,-0.846899,-0.0267766,0.0140374,0.530894
67883719000,0.234712,0.282848,0.0992475,0.0491316,-0.00406648,0.00624688,-0.846995,-0.0272398,0.0145337,0.530703
67893719000,0.235202,0.282811,0.099312,0.0489276,-0.00326722,0.00666929,-0.847089,-0.0277056,0.0150361,0.530516
67903719000,0.235691,0.282783,0.0993806,0.0487185,-0.00241063,0.00705031,-0.84718,-0.0281671,0.0155463,0.530331
67913719000,0.236177,0.282763,0.0994519,0.0484203,-0.00154305,0.00720713,-0.847271,-0.0286297,0.0160535,0.530146
67923719000,0.236659,0.282752,0.0995249,0.0480616,-0.000741646,0.00739167,-0.847362,-0.029093,0.0165638,0.52996
67933719000,0.237138,0.282747,0.0996003,0.047786,-0.000220621,0.00768085,-0.847449,-0.029554,0.0170768,0.529778
67943719000,0.237615,0.282748,0.0996785,0.0475242,0.000364873,0.00795679,-0.847531,-0.0300132,0.0175903,0.529605
67953719000,0.238354,0.282727,0.100112,0.0481091,0.00118665,0.00952699,-0.847613,-0.0304685,0.0181044,0.529429
67963719000,0.238833,0.282741,0.100209,0.0476966,0.00178591,0.00983453,-0.847696,-0.030924,0.0186152,0.529253
67973719000,0.239308,0.282763,0.100308,0.0475095,0.00246434,0.0099793,-0.847774,-0.0313763,0.0191291,0.529083
67983719000,0.239782,0.282791,0.100409,0.0471946,0.00317269,0.0101743,-0.847852,-0.0318202,0.0196461,0.528913
67993719000,0.240253,0.282826,0.0959344,0.0470089,0.00381331,0.00846336,-0.847925,-0.0322592,0.0201658,0.528749
68003719000,0.240722,0.282868,0.0960203,0.0467396,0.00459234,0.00871608,-0.847994,-0.0326956,0.0206801,0.528592
68013719000,0.241188,0.282918,0.0961091,0.0464996,0.00536609,0.00904361,-0.848061,-0.0331274,0.0211978,0.528437
68023719000,0.241652,0.282974,0.0962011,0.0461869,0.00594026,0.00935422,-0.848125,-0.0335446,0.021719,0.528287
68033719000,0.242113,0.283037,0.0962961,0.0459088,0.00667279,0.00964791,-0.848185,-0.0339632,0.0222422,0.528142
68043719000,0.242571,0.283107,0.0963941,0.0457447,0.00727182,0.00994735,-0.848243,-0.0343768,0.0227692,0.528
68053719000,0.24345,0.282954,0.096539,0.0468956,0.00713195,0.0103423,-0.848299,-0.0347858,0.0232955,0.52786
68063719000,0.244186,0.282851,0.096667,0.0473235,0.00713078,0.0107194,-0.848353,-0.0351906,0.0238204,0.527722
68073719000,0.244658,0.282924,0.096775,0.0471403,0.00753836,0.0108769,-0.848401,-0.0355845,0.0243422,0.527595
68083719000,0.245127,0.283002,0.0968852,0.046812,0.00804869,0.0111705,-0.848446,-0.0359709,0.0248601,0.527473
68093719000,0.245594,0.283086,0.0969983,0.0465895,0.00862713,0.0114383,-0.848487,-0.0363474,0.0253778,0.527356
68103719000,0.246059,0.283174,0.0971139,0.0463178,0.00901283,0.0116796,-0.848523,-0.0367121,0.0258902,0.527248
68113719000,0.246521,0.283264,0.0972326,0.04613,0.00910644,0.0120593,-0.848556,-0.0370713,0.0263978,0.527145
68123719000,0.246982,0.283358,0.0973537,0.0460515,0.00955022,0.0121675,-0.848586,-0.0374242,0.0269006,0.527046
68133719000,0.24744,0.283454,0.0974766,0.0456243,0.00972969,0.012409,-0.848613,-0.0377676,0.0274069,0.526953
68143719000,0.247896,0.283553,0.0976015,0.0454617,0.0100581,0.0125765,-0.848636,-0.0381069,0.0279095,0.526864
68153719000,0.24835,0.283655,0.0977289,0.0452421,0.0102895,0.0129068,-0.848653,-0.0384394,0.0284172,0.526786
68163719000,0.248802,0.283758,0.0978588,0.0451669,0.0104425,0.0130632,-0.848668,-0.038757,0.0289189,0.526711
68173719000,0.249816,0.283766,0.0978,0.0468675,0.010227,0.0122706,-0.848681,-0.0390656,0.0294098,0.526641
68183719000,0.250283,0.283868,0.0979239,0.0466996,0.010237,0.0125,-0.848693,-0.0393703,0.0298987,0.52657
68193719000,0.25075,0.283972,0.0980495,0.04658,0.0104742,0.0126177,-0.8487,-0.0396654,0.0303873,0.526508
68203719000,0.251215,0.284076,0.0981759,0.0464594,0.01043,0.0126696,-0.848705,-0.0399559,0.0308722,0.526451
68213719000,0.251678,0.284181,0.098303,0.0461035,0.0105332,0.0127573,-0.848706,-0.0402336,0.0313687,0.526398
68223719000,0.252137,0.284287,0.0984307,0.045814,0.0105995,0.0127766,-0.848703,-0.0405075,0.0318532,0.526354
68233719000,0.252594,0.284393,0.098559,0.0456138,0.0106848,0.0128722,-0.848695,-0.0407743,0.0323332,0.526316
68243719000,0.253049,0.2845,0.0986877,0.045284,0.0106431,0.0128725,-0.848683,-0.0410451,0.0328202,0.526285
68253719000,0.253501,0.284605,0.0988166,0.0450487,0.0104763,0.0129123,-0.848668,-0.0412937,0.0333054,0.526259
68263719000,0.25395,0.284708,0.0989453,0.0447769,0.0101388,0.0128346,-0.848648,-0.0415411,0.0337875,0.52624
68273719000,0.254396,0.284808,0.0990736,0.044475,0.00989206,0.0128225,-0.848625,-0.0417768,0.0342629,0.526228
68283719000,0.255142,0.285355,0.0990448,0.0452193,0.0110336,0.0121452,-0.848596,-0.0420118,0.0347372,0.526225
68293719000,0.255592,0.285463,0.099165,0.0450553,0.0106784,0.011906,-0.848563,-0.0422433,0.0352136,0.526228
68303719000,0.256255,0.285894,0.0992061,0.0455159,0.0117186,0.0113331,-0.848529,-0.0424666,0.0356774,0.526233
68313719000,0.256709,0.28601,0.0993176,0.0454267,0.0114362,0.0109644,-0.848495,-0.0426767,0.0361378,0.52624
68323719000,0.257161,0.286123,0.099426,0.0450938,0.0111341,0.0107162,-0.848456,-0.0428871,0.0365969,0.526254
68333719000,0.257611,0.286231,0.0995322,0.0449122,0.0105665,0.010534,-0.848413,-0.0430893,0.0370494,0.526276
68343719000,0.258059,0.286335,0.0996361,0.0447501,0.0101155,0.0102414,-0.848365,-0.0432894,0.037494,0.526305
68353719000,0.258505,0.286434,0.0997357,0.0443064,0.0097846,0.00968535,-0.848313,-0.0434758,0.0379396,0.526341
68363719000,0.258946,0.28653,0.0998308,0.043988,0.00947483,0.00931866,-0.848262,-0.0436656,0.0383813,0.526376
68373719000,0.259386,0.286623,0.0999219,0.0438601,0.00912462,0.00891821,-0.848208,-0.0438471,0.0388134,0.526417
68383719000,0.259823,0.286712,0.10001,0.0435457,0.00868875,0.00862604,-0.848151,-0.0440235,0.039234,0.526462
68393719000,0.260553,0.287254,0.100155,0.0442924,0.00993342,0.00864463,-0.848097,-0.0441947,0.039653,0.526504
68403719000,0.260994,0.287351,0.100239,0.0440239,0.00942734,0.00815876,-0.848038,-0.0443644,0.0400739,0.526553
68413719000,0.261432,0.287443,0.100318,0.0436588,0.0090598,0.00764984,-0.847979,-0.0445327,0.040486,0.526601
68423719000,0.261867,0.287532,0.100392,0.0432993,0.00867356,0.00721407,-0.847922,-0.0446917,0.0408865,0.526649
68433719000,0.262298,0.287617,0.100462,0.0429281,0.00839581,0.00684448,-0.847864,-0.0448517,0.0412856,0.526698
68443719000,0.262726,0.287698,0.100528,0.042576,0.00788532,0.0062054,-0.847803,-0.0450151,0.0416783,0.52675
68453719000,0.26315,0.287775,0.100588,0.0421655,0.0074073,0.00593418,-0.847745,-0.045164,0.0420613,0.526802
68463719000,0.26357,0.287846,0.100646,0.0418598,0.00688835,0.00555504,-0.847683,-0.0453141,0.0424297,0.526858
68473719000,0.263987,0.287913,0.1007,0.0415371,0.00640625,0.00519771,-0.847622,-0.045455,0.0427969,0.526915
68483719000,0.2644,0.287975,0.100749,0.041091,0.00613092,0.00470345,-0.84756,-0.0455988,0.0431529,0.526973
68493719000,0.26481,0.288034,0.100794,0.0408944,0.00554164,0.00435816,-0.847501,-0.0457483,0.0434956,0.527028
68503719000,0.265217,0.288087,0.100836,0.0405217,0.00508237,0.00402634,-0.847442,-0.0458985,0.0438325,0.527081
68513719000,0.266393,0.288606,0.101999,0.0427551,0.00639655,0.00794613,-0.847385,-0.0460453,0.044158,0.527132
68523719000,0.266819,0.288668,0.102077,0.0426712,0.00587822,0.00756765,-0.847331,-0.0461883,0.0444696,0.527181
68533719000,0.267245,0.288725,0.10215,0.0425489,0.00555374,0.00714849,-0.847276,-0.0463244,0.0447809,0.527231
68543719000,0.267669,0.288779,0.102221,0.0422577,0.00521376,0.00693975,-0.847222,-0.0464678,0.0450747,0.52728
68553719000,0.268091,0.288829,0.102289,0.0420918,0.00483571,0.00669575,-0.84717,-0.0466157,0.0453611,0.527325
68563719000,0.268511,0.288876,0.102355,0.0419786,0.00464538,0.00647139,-0.847121,-0.0467667,0.0456348,0.527367
68573719000,0.26893,0.288922,0.102419,0.0417269,0.00443686,0.00632368,-0.847073,-0.046906,0.0459066,0.527408
68583719000,0.269346,0.288966,0.102481,0.0415773,0.00431607,0.00612218,-0.84703,-0.0470614,0.0461649,0.527442
68593719000,0.269761,0.289008,0.102541,0.0414212,0.00418683,0.00584181,-0.846989,-0.0472181,0.0464076,0.527472
68603719000,0.270175,0.289049,0.102598,0.0413915,0.00398228,0.00566177,-0.84695,-0.0473751,0.0466408,0.527499
68613719000,0.270765,0.288896,0.103386,0.0418192,0.00311653,0.00817721,-0.846918,-0.0475332,0.0468589,0.527518
68623719000,0.271182,0.288927,0.103467,0.041702,0.00309144,0.00793447,-0.846887,-0.0476964,0.0470707,0.527534
68633719000,0.271598,0.288958,0.103545,0.0415696,0.00304402,0.0077542,-0.846858,-0.0478576,0.0472649,0.527548
68643719000,0.272013,0.288989,0.103623,0.0414334,0.00304722,0.00770596,-0.846836,-0.0480143,0.0474483,0.527553
68653719000,0.272427,0.28902,0.1037,0.0413725,0.0031765,0.00778165,-0.846817,-0.0481729,0.0476243,0.527552
68663719000,0.27284,0.289052,0.103778,0.0412052,0.00334176,0.00791752,-0.846803,-0.0483306,0.0477885,0.527547
68673719000,0.273252,0.289086,0.103859,0.0412602,0.00332813,0.00813537,-0.846792,-0.0484855,0.0479416,0.527535
68683719000,0.273666,0.289119,0.10394,0.0413876,0.0034104,0.00813769,-0.846783,-0.0486495,0.0480872,0.527522
68693719000,0.274079,0.289153,0.104022,0.0411832,0.00337161,0.00817138,-0.84678,-0.048811,0.0482139,0.5275
68703719000,0.27449,0.289188,0.104105,0.0410909,0.00350225,0.00841386,-0.846779,-0.0489743,0.0483378,0.527475
68713719000,0.275296,0.289161,0.105067,0.0422135,0.00332983,0.0118749,-0.846783,-0.0491371,0.0484472,0.527444
68723719000,0.275719,0.289194,0.105187,0.0423255,0.00344406,0.0121297,-0.846792,-0.0493025,0.0485407,0.527406
68733719000,0.276401,0.289181,0.105836,0.0433318,0.00342122,0.0143534,-0.846807,-0.0494724,0.0486267,0.527357
68743719000,0.276835,0.289216,0.105981,0.0433421,0.00365983,0.0147132,-0.846826,-0.0496452,0.0487028,0.527304
68753719000,0.277268,0.289253,0.10613,0.0432503,0.00385148,0.0150003,-0.846848,-0.0498235,0.0487657,0.527246
68763719000,0.2777,0.289292,0.106281,0.0431611,0.00388534,0.0152875,-0.846873,-0.0500026,0.0488179,0.527184
68773719000,0.278132,0.289331,0.106437,0.043299,0.00396806,0.015814,-0.846899,-0.0501834,0.0488636,0.52712
68783719000,0.278566,0.289372,0.106597,0.0435233,0.00423809,0.0163452,-0.846929,-0.0503629,0.0489035,0.527052
68793719000,0.279003,0.289416,0.106764,0.0438688,0.00444713,0.0168939,-0.846963,-0.0505377,0.0489271,0.526978
68803719000,0.279444,0.289462,0.106935,0.0442583,0.00485204,0.0173365,-0.847001,-0.0507161,0.0489431,0.526898
68813719000,0.28,0.289384,0.107326,0.045013,0.00457378,0.0184962,-0.84704,-0.0508984,0.0489556,0.526817
68823719000,0.280452,0.289429,0.107513,0.0453483,0.00463472,0.0189192,-0.847081,-0.0510806,0.0489601,0.526733
68833719000,0.280906,0.289477,0.107706,0.045548,0.00491729,0.0195702,-0.847126,-0.0512538,0.0489513,0.526644
68843719000,0.281363,0.289527,0.107905,0.045745,0.00512052,0.0202454,-0.847175,-0.0514255,0.0489347,0.526551
68853719000,0.281821,0.28958,0.108109,0.0458293,0.0054697,0.0206602,-0.847225,-0.0516006,0.0489084,0.526455
68863719000,0.282279,0.289636,0.108317,0.0459174,0.00556109,0.0209265,-0.847277,-0.0517652,0.0488803,0.526358
68873719000,0.282739,0.289692,0.108529,0.0459752,0.00581875,0.021459,-0.847331,-0.0519389,0.0488377,0.526258
68883719000,0.283198,0.289751,0.108746,0.0459289,0.00584216,0.0220099,-0.847387,-0.0521133,0.0487913,0.526156
68893719000,0.283657,0.28981,0.10897,0.045811,0.0060195,0.0226777,-0.847447,-0.0522775,0.0487374,0.526047
68903719000,0.284115,0.289871,0.1092,0.0458073,0.00614191,0.0233347,-0.847508,-0.0524384,0.0486805,0.525937
68913719000,0.284573,0.289933,0.109436,0.0456652,0.00618183,0.0239298,-0.847571,-0.0525979,0.0486161,0.525826
68923719000,0.285029,0.289995,0.109678,0.0455353,0.00621033,0.0244295,-0.847635,-0.0527572,0.0485457,0.525713
68933719000,0.285504,0.289607,0.109545,0.0453518,0.00458198,0.023664,-0.8477,-0.0529248,0.0484711,0.525599
68943719000,0.285957,0.289653,0.109784,0.0450741,0.00460643,0.0241716,-0.847767,-0.0530953,0.0483876,0.525482
68953719000,0.286453,0.28942,0.109725,0.0450583,0.0037002,0.0237228,-0.847834,-0.0532652,0.0483061,0.525364
68963719000,0.286901,0.289457,0.109965,0.0446062,0.00382235,0.0243199,-0.847901,-0.0534345,0.0482244,0.525246
68973719000,0.287345,0.289495,0.11021,0.0442381,0.00371194,0.0247769,-0.847973,-0.0535995,0.0481355,0.525121
68983719000,0.287785,0.289532,0.110461,0.043762,0.00363457,0.0253665,-0.848044,-0.0537696,0.0480527,0.524996
68993719000,0.28822,0.289568,0.110717,0.0432816,0.0035243,0.0258953,-0.848112,-0.0539391,0.0479755,0.524877
69003719000,0.28865,0.289603,0.110979,0.0427342,0.00346823,0.0263332,-0.848177,-0.0541187,0.047897,0.524759
69013719000,0.289075,0.289637,0.111245,0.0421658,0.00335939,0.0269054,-0.848243,-0.0542989,0.0478146,0.524642
69023719000,0.289494,0.28967,0.111516,0.04169,0.0033293,0.0273545,-0.848307,-0.0544722,0.0477354,0.524528
69033719000,0.289908,0.289703,0.111793,0.040991,0.00329099,0.0279819,-0.84837,-0.0546459,0.0476572,0.524415
69043719000,0.290313,0.289735,0.112075,0.0401073,0.00305904,0.0284748,-0.848431,-0.0548216,0.0475678,0.524306
69053719000,0.291409,0.289565,0.111363,0.0418597,0.00217789,0.0253247,-0.848489,-0.0549983,0.047481,0.524201
69063719000,0.291823,0.289585,0.111618,0.0410402,0.00199771,0.0256118,-0.848549,-0.0551803,0.0473927,0.524093
69073719000,0.29223,0.289605,0.111876,0.0402978,0.00197772,0.0260316,-0.848607,-0.0553673,0.0473184,0.523987
69083719000,0.292628,0.289624,0.112138,0.0394388,0.00179558,0.0262738,-0.848665,-0.0555504,0.0472513,0.523879
69093719000,0.293019,0.289641,0.0984766,0.0383426,0.00154878,0.021188,-0.84872,-0.0557357,0.0471935,0.523776
69103719000,0.293398,0.289655,0.0986898,0.0375163,0.00113557,0.0214491,-0.848772,-0.0559242,0.0471341,0.523676
69113719000,0.293769,0.289665,0.0989067,0.0366486,0.000820528,0.0219267,-0.848823,-0.0561091,0.0470771,0.523579
69123719000,0.294131,0.289672,0.0991276,0.0357573,0.000540958,0.0222646,-0.848876,-0.0562956,0.0470205,0.523479
69133719000,0.294484,0.289676,0.0993509,0.0348978,0.000281845,0.0223965,-0.848922,-0.0564828,0.0469784,0.523388
69143719000,0.295971,0.289809,0.0989486,0.0381166,0.000464669,0.0192226,-0.848966,-0.0566717,0.0469379,0.523299
69153719000,0.296348,0.289812,0.0991419,0.0373094,0.000106912,0.0194407,-0.849011,-0.0568642,0.046901,0.523208
69163719000,0.297539,0.289934,0.0989041,0.039305,0.000188483,0.0173689,-0.84905,-0.0570632,0.0468736,0.523125
69173719000,0.297927,0.289934,0.0990786,0.0383236,-0.000272637,0.017529,-0.849087,-0.0572513,0.0468521,0.523046
69183719000,0.298306,0.289929,0.0992538,0.0374,-0.000637738,0.0175131,-0.849123,-0.0574387,0.0468286,0.522971
69193719000,0.298676,0.289921,0.0994293,0.0366257,-0.000998636,0.0175864,-0.849154,-0.0576371,0.0468048,0.5229
69203719000,0.299038,0.28991,0.0996049,0.0357733,-0.00122191,0.0175347,-0.849187,-0.0578254,0.0467802,0.522828
69213719000,0.299392,0.289896,0.0997804,0.0350591,-0.00152007,0.0175649,-0.849213,-0.0580183,0.0467653,0.522766
69223719000,0.299739,0.28988,0.0999555,0.0343855,-0.00176181,0.0174598,-0.849235,-0.0582015,0.04675,0.522712
69233719000,0.300079,0.289861,0.10013,0.033528,-0.00195268,0.017375,-0.849254,-0.058382,0.0467349,0.522662
69243719000,0.30041,0.28984,0.100303,0.0326449,-0.00221317,0.017351,-0.849268,-0.0585635,0.0467246,0.52262
69253719000,0.300732,0.289817,0.100476,0.0317274,-0.00237736,0.0171247,-0.849277,-0.05874,0.0467146,0.522586
69263719000,0.301731,0.290129,0.0999219,0.0333652,-0.00120304,0.0134236,-0.849283,-0.0589123,0.0467036,0.522558
69273719000,0.30206,0.290117,0.100055,0.0324343,-0.0012699,0.0131841,-0.849286,-0.0590823,0.0466884,0.522534
69283719000,0.30238,0.290104,0.100186,0.0315171,-0.00133168,0.0130726,-0.849283,-0.0592556,0.046672,0.522522
69293719000,0.302691,0.29009,0.100316,0.0305702,-0.00145485,0.0128488,-0.849276,-0.0594323,0.0466479,0.522515
69303719000,0.302991,0.290075,0.100443,0.0296073,-0.00150029,0.0126282,-0.849268,-0.0595935,0.0466306,0.522511
69313719000,0.303283,0.29006,0.100568,0.028623,-0.00147389,0.0124105,-0.849258,-0.0597466,0.0466139,0.522511
69323719000,0.303563,0.290047,0.100691,0.0275303,-0.00125889,0.0121573,-0.849247,-0.0599027,0.0465985,0.522513
69333719000,0.303832,0.290035,0.100811,0.0261391,-0.00104977,0.0117841,-0.849231,-0.0600617,0.046578,0.522523
69343719000,0.304087,0.290025,0.100927,0.0248817,-0.001,0.0114228,-0.849213,-0.0602156,0.0465572,0.522535
69353719000,0.304329,0.290015,0.101041,0.0235498,-0.00095103,0.01135,-0.849197,-0.0603746,0.0465362,0.522546
69363719000,0.304557,0.290007,0.101153,0.022115,-0.000581513,0.0111582,-0.849182,-0.0605326,0.0465131,0.522554
69373719000,0.305546,0.28978,0.100621,0.0234155,-0.00123147,0.00830366,-0.849163,-0.0606981,0.0464922,0.522567
69383719000,0.306328,0.289625,0.100322,0.0239393,-0.00164908,0.00654639,-0.849145,-0.0608738,0.04647,0.522577
69393719000,0.30656,0.28961,0.100386,0.0224678,-0.00138035,0.0064206,-0.849128,-0.0610547,0.046446,0.522586
69403719000,0.306777,0.289597,0.10045,0.0210332,-0.00128865,0.00634467,-0.849108,-0.0612337,0.0464243,0.5226
69413719000,0.306981,0.289585,0.100513,0.0196272,-0.000996175,0.00614162,-0.849089,-0.061421,0.0464021,0.522612
69423719000,0.30717,0.289577,0.100573,0.0182742,-0.000630331,0.00595906,-0.849072,-0.0616226,0.046371,0.522617
69433719000,0.307346,0.289571,0.100631,0.0168478,-0.000533838,0.00566921,-0.849054,-0.0618234,0.0463435,0.522626
69443719000,0.307508,0.289568,0.100687,0.0156122,-0.000181987,0.00537812,-0.849038,-0.0620249,0.0463147,0.52263
69453719000,0.307659,0.289568,0.100739,0.0145417,0.000143783,0.0051906,-0.849022,-0.0622398,0.0462846,0.522633
69463719000,0.307799,0.28957,0.10079,0.0135699,0.00035162,0.00497822,-0.849004,-0.0624515,0.04626,0.52264
69473719000,0.30793,0.289575,0.100839,0.0126275,0.000661704,0.00479574,-0.848986,-0.0626652,0.0462287,0.522646
69483719000,0.308052,0.289584,0.100887,0.0116391,0.00106424,0.00473545,-0.848968,-0.0628784,0.0461943,0.522652
69493719000,0.308817,0.289352,0.100717,0.0131638,0.000666274,0.00376449,-0.848951,-0.063083,0.0461563,0.522659
69503719000,0.308945,0.28936,0.100754,0.0124016,0.000906626,0.00378536,-0.848931,-0.0632823,0.0461098,0.522671
69513719000,0.309066,0.28937,0.100791,0.0117985,0.00129197,0.00353309,-0.84891,-0.0634838,0.0460604,0.522686
69523719000,0.309181,0.289385,0.100825,0.0112247,0.00165198,0.0033345,-0.848888,-0.0636835,0.0459991,0.522701
69533719000,0.309289,0.289402,0.100859,0.0104749,0.00173694,0.0033216,-0.848869,-0.0638854,0.045924,0.522715
69543719000,0.309393,0.28942,0.100891,0.0102571,0.00191645,0.00317407,-0.848852,-0.0640782,0.0458475,0.522726
69553719000,0.309494,0.289441,0.100923,0.00999275,0.00212396,0.00316706,-0.848833,-0.0642701,0.0457655,0.52274
69563719000,0.309593,0.289464,0.100954,0.0098499,0.00249769,0.00313657,-0.848813,-0.0644563,0.0456754,0.522758
69573719000,0.309691,0.289489,0.100985,0.0096349,0.0026265,0.00295362,-0.848791,-0.0646307,0.045574,0.52278
69583719000,0.309786,0.289516,0.101014,0.00948898,0.00276865,0.00299891,-0.848774,-0.0647971,0.0454776,0.522796
69593719000,0.309864,0.289341,0.100866,0.00951998,0.00222255,0.00221148,-0.848758,-0.0649521,0.0453776,0.522812
69603719000,0.309944,0.289229,0.100786,0.00960604,0.0018573,0.00176493,-0.848742,-0.0650986,0.0452719,0.522829
69613719000,0.310041,0.289247,0.100803,0.0098199,0.00192832,0.00158151,-0.848729,-0.0652346,0.0451573,0.522843
69623719000,0.310141,0.289267,0.100818,0.0101076,0.00203798,0.00140018,-0.848717,-0.0653527,0.0450411,0.522858
69633719000,0.310243,0.289288,0.100832,0.0103355,0.00220047,0.00137412,-0.848706,-0.0654605,0.044921,0.522872
69643719000,0.310348,0.289311,0.100846,0.0106777,0.00231588,0.0013969,-0.848698,-0.0655446,0.0447863,0.522885
69653719000,0.310458,0.289335,0.100859,0.0112632,0.00245831,0.00120265,-0.848689,-0.0656101,0.0446464,0.522904
69663719000,0.310574,0.289359,0.10087,0.0119127,0.00237783,0.000947921,-0.848684,-0.0656574,0.0445056,0.522918
69673719000,0.310695,0.289383,0.100878,0.0123705,0.00244449,0.0006574,-0.848682,-0.0656838,0.0443614,0.522931
69683719000,0.310821,0.289408,0.100883,0.0128936,0.00246556,0.000468715,-0.848683,-0.0656955,0.0442059,0.52294
69693719000,0.310527,0.289505,0.100931,0.011888,0.00261924,0.000314479,-0.848689,-0.0656879,0.0440441,0.522946
69703719000,0.31065,0.289529,0.100933,0.0125734,0.00231395,0.000153367,-0.848697,-0.0656599,0.0438817,0.522949
69713719000,0.31078,0.289551,0.100934,0.0133952,0.00202699,5.52723e-05,-0.84871,-0.0656015,0.0437117,0.522951
69723719000,0.310918,0.289569,0.100933,0.0142917,0.00163914,-0.000314156,-0.848728,-0.0655222,0.04354,0.522946
69733719000,0.311065,0.289584,0.100929,0.0150204,0.00133987,-0.000449653,-0.848746,-0.0654273,0.0433586,0.522943
69743719000,0.311219,0.289597,0.100923,0.0159114,0.001237,-0.000622567,-0.848769,-0.0653121,0.0431667,0.522936
69753719000,0.311383,0.289608,0.100917,0.0167996,0.000902209,-0.000575144,-0.848795,-0.0651769,0.0429707,0.522927
69763719000,0.311555,0.289615,0.100911,0.0177037,0.000549006,-0.000666054,-0.848824,-0.0650166,0.0427816,0.522915
69773719000,0.311736,0.289619,0.100904,0.0184674,0.000190026,-0.000862472,-0.848855,-0.0648434,0.0425932,0.522902
69783719000,0.311927,0.289618,0.100894,0.0195941,-0.000268444,-0.00106584,-0.848887,-0.0646575,0.042397,0.52289
69793719000,0.311567,0.29008,0.101279,0.0183524,0.000920377,0.000347924,-0.848923,-0.0644555,0.0422021,0.52287
69803719000,0.311755,0.290087,0.101282,0.0192698,0.000454057,0.000279402,-0.848963,-0.0642337,0.0420069,0.522849
69813719000,0.311498,0.290442,0.101541,0.0184397,0.00119977,0.00103665,-0.849002,-0.0639918,0.0418067,0.522831
69823719000,0.311688,0.290452,0.101552,0.0194297,0.000811596,0.00108132,-0.849046,-0.0637326,0.0416108,0.522807
69833719000,0.311887,0.290458,0.101563,0.0203543,0.00026398,0.00109027,-0.849092,-0.0634627,0.0414102,0.522781
69843719000,0.312095,0.290458,0.101573,0.0212681,-0.000248443,0.000915237,-0.849142,-0.0631803,0.0412096,0.522751
69853719000,0.312311,0.290453,0.101582,0.0220254,-0.000752246,0.000994513,-0.849193,-0.062884,0.0410044,0.52272
69863719000,0.312536,0.290444,0.101592,0.0229269,-0.00105315,0.000943318,-0.849249,-0.0625781,0.0407912,0.522681
69873719000,0.312768,0.290431,0.101602,0.023567,-0.00151008,0.00101763,-0.849308,-0.0622523,0.0405775,0.522642
69883719000,0.313009,0.290414,0.101612,0.0245138,-0.00192879,0.00101448,-0.849369,-0.0619176,0.0403647,0.522599
69893719000,0.313257,0.290393,0.101622,0.0251264,-0.00223798,0.000926465,-0.849432,-0.0615674,0.0401498,0.522554
69903719000,0.313512,0.290368,0.101631,0.0258434,-0.00267287,0.000884108,-0.8495,-0.0612052,0.0399345,0.522503
69913719000,0.313773,0.29034,0.101639,0.0264795,-0.00302753,0.000752039,-0.84957,-0.0608275,0.0397159,0.522449
69923719000,0.313599,0.290812,0.102147,0.0253049,-0.00152745,0.00273686,-0.849642,-0.0604391,0.0394985,0.522394
69933719000,0.313854,0.290795,0.102174,0.0257215,-0.0018816,0.00254866,-0.849715,-0.0600402,0.0392791,0.522337
69943719000,0.314114,0.290776,0.1022,0.0261975,-0.00209614,0.0026121,-0.84979,-0.0596328,0.0390578,0.522279
69953719000,0.314378,0.290752,0.102225,0.0266063,-0.00258534,0.00241509,-0.849869,-0.0592131,0.0388386,0.522215
69963719000,0.314646,0.290726,0.10225,0.0269163,-0.00271423,0.00254142,-0.849948,-0.0587881,0.0386105,0.52215
69973719000,0.314916,0.290697,0.102275,0.0272613,-0.00307447,0.00246817,-0.850031,-0.0583505,0.0383847,0.522081
69983719000,0.31519,0.290665,0.1023,0.0275204,-0.0031885,0.00253525,-0.850117,-0.0579107,0.0381542,0.522008
69993719000,0.315466,0.290633,0.102325,0.0276947,-0.00329497,0.00256303,-0.850203,-0.0574665,0.0379231,0.521933
70003719000,0.315744,0.290599,0.102351,0.0279277,-0.00345009,0.00271698,-0.850291,-0.0570167,0.0376904,0.521856
70013719000,0.316023,0.290564,0.102378,0.0279151,-0.00356621,0.00265192,-0.85038,-0.0565601,0.0374563,0.521778
70023719000,0.316298,0.290835,0.10291,0.0280134,-0.00264473,0.00450118,-0.850472,-0.0560951,0.0372227,0.521695
70033719000,0.316579,0.290808,0.102955,0.0279849,-0.00281571,0.00455332,-0.850564,-0.0556233,0.0369858,0.521612
70043719000,0.316851,0.290993,0.103308,0.0278273,-0.00216923,0.00558333,-0.850654,-0.0551476,0.0367374,0.521533
70053719000,0.317129,0.290971,0.103363,0.0275882,-0.00226253,0.00549146,-0.850749,-0.0546667,0.03649,0.521446
70063719000,0.317405,0.290949,0.103417,0.0275692,-0.00224846,0.00540322,-0.850848,-0.0541899,0.0362449,0.521351
70073719000,0.317679,0.290927,0.103472,0.0272117,-0.00219578,0.00555953,-0.850948,-0.0537071,0.035998,0.521256
70083719000,0.31795,0.290905,0.103527,0.0269441,-0.00212686,0.00544425,-0.851046,-0.053223,0.0357515,0.521163
70093719000,0.318219,0.290885,0.0895516,0.0266631,-0.00206525,-9.3624e-05,-0.851146,-0.0527429,0.0355062,0.521065
70103719000,0.318484,0.290864,0.0895505,0.0263385,-0.00199786,-0.000119903,-0.851245,-0.0522513,0.0352504,0.520969
70113719000,0.318745,0.290845,0.0895489,0.0259046,-0.00185114,-0.000202951,-0.851347,-0.0517597,0.0349969,0.520868
70123719000,0.319002,0.290827,0.0895466,0.0254763,-0.00173237,-0.000255129,-0.851449,-0.0512636,0.0347335,0.520769
70133719000,0.319826,0.29087,0.0899646,0.0270997,-0.00157313,0.00186291,-0.851553,-0.0507723,0.0344711,0.520664
70143719000,0.320095,0.290856,0.0899828,0.0266713,-0.00143677,0.00178707,-0.851657,-0.0502886,0.0342073,0.520558
70153719000,0.320359,0.290841,0.0899998,0.0260096,-0.00144892,0.00161292,-0.85176,-0.0498015,0.0339427,0.520454
70163719000,0.320617,0.290827,0.0900151,0.0256632,-0.00137788,0.00144006,-0.851865,-0.0493182,0.0336769,0.520346
70173719000,0.320871,0.290815,0.0900281,0.0251343,-0.00112172,0.00116547,-0.851968,-0.0488354,0.0334167,0.520239
70183719000,0.32112,0.290805,0.0900383,0.0246545,-0.000879118,0.000866278,-0.852069,-0.0483556,0.0331474,0.520135
70193719000,0.321363,0.290796,0.0900456,0.0240306,-0.000767301,0.000604973,-0.85217,-0.047877,0.0328795,0.520032
70203719000,0.3216,0.29079,0.0900507,0.0232199,-0.000599128,0.000416946,-0.852271,-0.0474034,0.0326083,0.519927
70213719000,0.321828,0.290785,0.0900525,0.0225898,-0.000321986,-6.58682e-05,-0.852371,-0.046939,0.0323406,0.519822
70223719000,0.322052,0.290783,0.0900495,0.0220245,-3.42997e-05,-0.000537452,-0.85247,-0.0464708,0.0320807,0.519717
70233719000,0.322268,0.290784,0.0900428,0.0213608,0.000144719,-0.000802143,-0.852568,-0.0460068,0.0318208,0.519614
70243719000,0.322479,0.290786,0.0900327,0.020843,0.000410646,-0.00120496,-0.852664,-0.0455478,0.0315698,0.519513
70253719000,0.323304,0.290641,0.0906164,0.02238,-0.000100738,0.0011718,-0.85276,-0.0450937,0.031319,0.51941
70263719000,0.323938,0.290551,0.0910036,0.0234254,-0.000249581,0.00232548,-0.852852,-0.0446453,0.0310675,0.519312
70273719000,0.324169,0.290549,0.0910243,0.0227765,-9.94985e-05,0.00181034,-0.852944,-0.044206,0.0308228,0.519213
70283719000,0.324394,0.290548,0.0910405,0.0221444,-0.000171652,0.00143494,-0.853035,-0.0437765,0.0305791,0.519115
70293719000,0.324612,0.290547,0.0910536,0.021478,3.86107e-05,0.001179,-0.853125,-0.0433471,0.030342,0.519017
70303719000,0.324823,0.290548,0.0910632,0.0207968,0.000135246,0.000744162,-0.853211,-0.0429209,0.0301129,0.518923
70313719000,0.325028,0.290549,0.0910681,0.0201403,8.72115e-05,0.00024078,-0.853296,-0.0425044,0.0298906,0.518831
70323719000,0.325226,0.290551,0.0910681,0.0194661,0.000263799,-0.000232436,-0.853382,-0.0420898,0.0296726,0.518736
70333719000,0.325417,0.290554,0.0910632,0.0187588,0.000299472,-0.000754574,-0.853464,-0.0416842,0.0294618,0.518646
70343719000,0.325601,0.290555,0.0910537,0.0180993,5.73653e-07,-0.0011541,-0.853547,-0.0412785,0.02925,0.518554
70353719000,0.326241,0.290348,0.0916637,0.0191777,-0.00071107,0.00123331,-0.853625,-0.0408834,0.0290488,0.518469
70363719000,0.32643,0.290341,0.0916747,0.0185294,-0.0007275,0.000968782,-0.853702,-0.0404965,0.0288618,0.518382
70373719000,0.326613,0.290334,0.0916824,0.0178743,-0.000725567,0.000565865,-0.853777,-0.0401087,0.0286826,0.518299
70383719000,0.326788,0.290326,0.0916865,0.0172005,-0.000799273,0.000258658,-0.85385,-0.0397348,0.0285088,0.518216
70393719000,0.326957,0.290318,0.0916876,0.0166749,-0.000891483,-4.12754e-05,-0.853922,-0.039363,0.0283412,0.518136
70403719000,0.327121,0.290309,0.091685,0.0160581,-0.000858651,-0.000479218,-0.853993,-0.0389961,0.0281821,0.518055
70413719000,0.327278,0.290299,0.0916798,0.0153145,-0.00102545,-0.000558882,-0.854063,-0.0386354,0.0280281,0.517975
70423719000,0.327428,0.290288,0.0916739,0.0148097,-0.00131496,-0.000606084,-0.854132,-0.0382796,0.0278835,0.517895
70433719000,0.327574,0.290274,0.0916669,0.0142561,-0.0014882,-0.000806755,-0.8542,-0.0379248,0.0277421,0.517818
70443719000,0.327714,0.290258,0.0916583,0.0138383,-0.00157959,-0.000908536,-0.854267,-0.037574,0.0276136,0.517739
70453719000,0.32785,0.290242,0.0916493,0.0134679,-0.001629,-0.000894017,-0.854333,-0.0372216,0.0274963,0.517662
70463719000,0.327983,0.290225,0.0916403,0.0131344,-0.00179908,-0.000898653,-0.8544,-0.0368775,0.0273828,0.517582
70473719000,0.328476,0.290131,0.0926175,0.0139255,-0.00223875,0.0030349,-0.854463,-0.0365378,0.0272744,0.517508
70483719000,0.328615,0.290108,0.0926483,0.0137279,-0.00238694,0.0031318,-0.854521,-0.0362027,0.0271617,0.517441
70493719000,0.329019,0.290059,0.0932833,0.0143411,-0.00265752,0.00556914,-0.85458,-0.0358699,0.0270663,0.517371
70503719000,0.329162,0.290031,0.0933406,0.0140894,-0.00283883,0.00587613,-0.85464,-0.0355298,0.0269751,0.517302
70513719000,0.329301,0.290002,0.0934009,0.013772,-0.0030974,0.00618529,-0.854696,-0.0351945,0.0268869,0.517236
70523719000,0.329437,0.289971,0.0934652,0.0133074,-0.00315731,0.00667377,-0.85475,-0.0348702,0.0268013,0.517173
70533719000,0.32957,0.289937,0.0935337,0.0132616,-0.00351233,0.00702693,-0.854803,-0.0345384,0.0267274,0.517112
70543719000,0.329701,0.289901,0.093606,0.0130117,-0.00369991,0.00744834,-0.854855,-0.0342122,0.0266628,0.51705
70553719000,0.329831,0.289863,0.0936834,0.0129999,-0.0038669,0.00802387,-0.854903,-0.0338902,0.0265942,0.516997
70563719000,0.32996,0.289823,0.0937663,0.0128755,-0.00416678,0.00855064,-0.85495,-0.0335747,0.0265269,0.516942
70573719000,0.330088,0.289782,0.0938551,0.0126749,-0.00406825,0.00921166,-0.854998,-0.0332637,0.0264649,0.516886
70583719000,0.330087,0.289613,0.0943411,0.0120476,-0.00466468,0.0112627,-0.855047,-0.0329533,0.0264094,0.516828
70593719000,0.330207,0.289565,0.094457,0.0119108,-0.0049083,0.0119238,-0.855092,-0.0326505,0.0263553,0.516775
70603719000,0.330325,0.289515,0.09458,0.0118237,-0.00502845,0.0126804,-0.855137,-0.032344,0.0263016,0.516724
70613719000,0.330443,0.289465,0.0947105,0.0117755,-0.00507398,0.0134157,-0.855183,-0.0320321,0.0262525,0.516669
70623719000,0.330561,0.289412,0.0948482,0.0116701,-0.00541933,0.0141145,-0.855228,-0.0317214,0.026208,0.516616
70633719000,0.330676,0.289356,0.0949938,0.0115195,-0.00576666,0.015009,-0.855271,-0.0314127,0.026153,0.516567
70643719000,0.330791,0.289299,0.0951483,0.0113361,-0.00569959,0.0158871,-0.855312,-0.0311062,0.0260967,0.51652
70653719000,0.330904,0.289242,0.0953118,0.0113811,-0.00570461,0.0168175,-0.855352,-0.0308028,0.0260366,0.516475
70663719000,0.330753,0.289012,0.0951892,0.0104026,-0.00659062,0.0165999,-0.855391,-0.0305011,0.025979,0.51643
70673719000,0.330857,0.288944,0.0953597,0.0103973,-0.00697027,0.017509,-0.855431,-0.0302044,0.0259245,0.516385
70683719000,0.330793,0.2888,0.0952486,0.00985143,-0.00752604,0.0173154,-0.855468,-0.0299067,0.0258631,0.516344
70693719000,0.330892,0.288725,0.0954268,0.00998085,-0.0075287,0.0183309,-0.855506,-0.0296014,0.0257979,0.516301
70703719000,0.330992,0.288649,0.0956144,0.00988851,-0.00782074,0.0191779,-0.855543,-0.0292988,0.0257315,0.516261
70713719000,0.331091,0.288569,0.0958116,0.0100633,-0.0080158,0.0202673,-0.855583,-0.0289959,0.025657,0.516216
70723719000,0.331192,0.288489,0.0960188,0.0100323,-0.00813009,0.0211783,-0.855625,-0.0286961,0.0255766,0.516168
70733719000,0.331292,0.288407,0.0962358,0.0100485,-0.00822293,0.0222098,-0.855663,-0.0283933,0.0254856,0.516124
70743719000,0.331394,0.288324,0.0964629,0.010225,-0.00845983,0.0232133,-0.855702,-0.0280884,0.0254016,0.516081
70753719000,0.331497,0.288239,0.0966991,0.0104339,-0.00850712,0.0240314,-0.855743,-0.0277882,0.0253128,0.516033
70763719000,0.331602,0.288153,0.0969445,0.010677,-0.00862223,0.0250355,-0.855782,-0.0274872,0.0252128,0.51599
70773719000,0.33171,0.288066,0.0971991,0.0107837,-0.00881104,0.0259027,-0.855823,-0.0271796,0.0251095,0.515944
70783719000,0.331818,0.287978,0.097463,0.0109374,-0.00883591,0.0268785,-0.855864,-0.0268798,0.0249918,0.515897
70793719000,0.331678,0.287771,0.0962571,0.0103942,-0.00934016,0.022227,-0.855908,-0.0265692,0.0248754,0.515846
70803719000,0.331783,0.287677,0.0964834,0.010576,-0.00947957,0.0230239,-0.855953,-0.0262586,0.0247626,0.515793
70813719000,0.33189,0.287582,0.0967173,0.0107781,-0.00950457,0.0237651,-0.855999,-0.025945,0.0246391,0.515738
70823719000,0.331999,0.287487,0.0969586,0.0110096,-0.00953245,0.0245,-0.856047,-0.0256285,0.0244975,0.515681
70833719000,0.332108,0.28739,0.0972075,0.0109432,-0.00978435,0.0252745,-0.856098,-0.0253173,0.0243527,0.515619
70843719000,0.332219,0.287292,0.0974643,0.0111365,-0.0099043,0.0260787,-0.856152,-0.025002,0.024211,0.51555
70853719000,0.332331,0.287192,0.0977278,0.0112914,-0.00992602,0.0266272,-0.856206,-0.0246753,0.0240669,0.515484
70863719000,0.332444,0.287093,0.0979973,0.0114445,-0.00991782,0.0272842,-0.856259,-0.0243404,0.0239224,0.515417
70873719000,0.332559,0.286994,0.0982723,0.0114505,-0.00981016,0.0277095,-0.856316,-0.0240022,0.0237659,0.515347
70883719000,0.332673,0.286897,0.0985525,0.0113743,-0.00976858,0.0283252,-0.856374,-0.0236636,0.0235975,0.515273
70893719000,0.332786,0.286799,0.0988381,0.0112905,-0.00972457,0.0287984,-0.856434,-0.0233207,0.0234284,0.515198
70903719000,0.332797,0.286548,0.0965696,0.0109303,-0.0100147,0.0200307,-0.856496,-0.0229751,0.0232475,0.515118
70913719000,0.332845,0.286339,0.0952004,0.010729,-0.0104961,0.0146805,-0.856563,-0.0226192,0.023055,0.515032
70923719000,0.332953,0.286235,0.0953493,0.0108779,-0.0103127,0.0150966,-0.85663,-0.0222609,0.022866,0.514943
70933719000,0.333062,0.286133,0.0955021,0.010849,-0.010189,0.0154499,-0.8567,-0.021901,0.0226697,0.514852
70943719000,0.33317,0.286031,0.0956578,0.0107873,-0.0100837,0.0156958,-0.856769,-0.0215394,0.0224696,0.51476
70953719000,0.333279,0.285931,0.0958159,0.0108819,-0.0100136,0.015937,-0.856842,-0.0211773,0.0222648,0.514662
70963719000,0.333388,0.285832,0.0959764,0.0110016,-0.00974086,0.0161599,-0.856914,-0.0208173,0.0220506,0.514567
70973719000,0.333498,0.285736,0.0961393,0.0110784,-0.00945958,0.0164182,-0.856988,-0.0204482,0.0218298,0.514467
70983719000,0.333609,0.285643,0.0963058,0.0111007,-0.00920262,0.0168691,-0.857065,-0.0200781,0.0216063,0.514364
70993719000,0.333721,0.285553,0.0964752,0.0111833,-0.00866461,0.017022,-0.857144,-0.0197093,0.0213795,0.514256
71003719000,0.333941,0.285301,0.0946609,0.0115706,-0.00892367,0.00997078,-0.85722,-0.0193388,0.0211482,0.514152
71013719000,0.334058,0.285213,0.0947617,0.0116782,-0.00860499,0.0101891,-0.857297,-0.0189721,0.0209142,0.514047
71023719000,0.334176,0.285129,0.0948636,0.0118269,-0.00827117,0.0101789,-0.857376,-0.0186029,0.0206827,0.513938
71033719000,0.334293,0.285048,0.0949655,0.0117564,-0.00781783,0.0101972,-0.857458,-0.0182338,0.0204437,0.513824
71043719000,0.334411,0.284972,0.0950669,0.0116766,-0.00739734,0.0100967,-0.85754,-0.0178592,0.0201933,0.513711
71053719000,0.334527,0.284901,0.0951675,0.0115349,-0.00686934,0.0100229,-0.857623,-0.0174811,0.0199369,0.513595
71063719000,0.334641,0.284834,0.095267,0.0114527,-0.00656497,0.00987595,-0.857707,-0.0170983,0.0196739,0.513477
71073719000,0.334756,0.28477,0.0953644,0.0114896,-0.00616445,0.00960584,-0.857791,-0.0167159,0.0194024,0.51336
71083719000,0.33487,0.28471,0.095459,0.011262,-0.00576344,0.00930302,-0.857873,-0.0163369,0.0191235,0.513245
71093719000,0.334981,0.284655,0.0955499,0.010986,-0.00532377,0.00887866,-0.85796,-0.0159556,0.0188394,0.513123
71103719000,0.335089,0.284604,0.0956363,0.0106352,-0.0049464,0.00839889,-0.858048,-0.0155747,0.0185545,0.512998
71113719000,0.335194,0.284556,0.0957186,0.0102895,-0.00463332,0.00806123,-0.858137,-0.0151905,0.0182664,0.512871
71123719000,0.335294,0.284511,0.095796,0.0098495,-0.00427407,0.00742906,-0.858223,-0.014806,0.0179727,0.512749
71133719000,0.335672,0.284,0.0940572,0.0104871,-0.00550347,0.000377832,-0.858308,-0.0144125,0.0176719,0.512628
71143719000,0.335963,0.28364,0.0930226,0.0108031,-0.00625739,-0.00390725,-0.858395,-0.0140189,0.0173719,0.512503
71153719000,0.33607,0.28358,0.0929796,0.0104352,-0.00588336,-0.00470321,-0.858482,-0.0136314,0.0170612,0.512379
71163719000,0.336172,0.283523,0.0929293,0.00994481,-0.00552111,-0.00534417,-0.858569,-0.0132383,0.0167504,0.512254
71173719000,0.336269,0.28347,0.0928722,0.00934633,-0.00509134,-0.00607286,-0.858657,-0.0128341,0.0164288,0.512127
71183719000,0.336359,0.283421,0.0928079,0.00872784,-0.00469775,-0.00679481,-0.858748,-0.0124335,0.0161091,0.511994
71193719000,0.336445,0.283376,0.0830424,0.00832632,-0.00438845,-0.0112757,-0.85884,-0.01204,0.0157844,0.51186
71203719000,0.336526,0.283334,0.0829258,0.00790751,-0.00400621,-0.0120482,-0.858931,-0.0116371,0.0154518,0.511726
71213719000,0.336604,0.283295,0.0828014,0.00763012,-0.00361857,-0.0128347,-0.859018,-0.0112438,0.0151168,0.511598
71223719000,0.336678,0.283261,0.0826692,0.0072576,-0.00327868,-0.0136058,-0.85911,-0.0108494,0.0147877,0.511462
71233719000,0.337072,0.282969,0.0825305,0.0079186,-0.0038816,-0.0143464,-0.859203,-0.0104569,0.0144592,0.511323
71243719000,0.33715,0.282931,0.0823833,0.00750834,-0.00366621,-0.0150927,-0.859297,-0.0100627,0.0141209,0.511183
71253719000,0.337224,0.282896,0.0822289,0.00720868,-0.00345627,-0.0157863,-0.859386,-0.00967238,0.0137868,0.51105
71263719000,0.337294,0.282861,0.0820682,0.00685018,-0.00334972,-0.0163663,-0.859472,-0.00928079,0.0134481,0.510921
71273719000,0.33736,0.282829,0.0819013,0.00644369,-0.00313155,-0.0170132,-0.859561,-0.00889763,0.0131131,0.510787
71283719000,0.337422,0.282799,0.0817278,0.00585295,-0.00292138,-0.0176891,-0.859652,-0.00851393,0.0127769,0.510649
71293719000,0.337479,0.282771,0.0815474,0.00552371,-0.00266361,-0.0183934,-0.859744,-0.00812808,0.0124431,0.510509
71303719000,0.337533,0.282745,0.0813596,0.00529976,-0.00255221,-0.0191662,-0.859833,-0.00774526,0.0121013,0.510374
71313719000,0.337584,0.28272,0.0811652,0.00499438,-0.00242754,-0.0196988,-0.859921,-0.00736518,0.0117669,0.510239
71323719000,0.337632,0.282695,0.080966,0.00464386,-0.00244448,-0.0201542,-0.860008,-0.00698734,0.0114451,0.510105
71333719000,0.337911,0.28251,0.0815228,0.00519619,-0.00299485,-0.017132,-0.860092,-0.00661575,0.0111191,0.509974
71343719000,0.337962,0.28248,0.0813487,0.00483561,-0.00302422,-0.0176868,-0.860175,-0.00625397,0.0107951,0.509847
71353719000,0.338195,0.282349,0.0817138,0.00527734,-0.00336453,-0.0156907,-0.860258,-0.00589573,0.0104748,0.509717
71363719000,0.338246,0.282314,0.0815554,0.00494202,-0.00364888,-0.0159927,-0.860346,-0.00553691,0.0101588,0.50958
71373719000,0.338293,0.282277,0.0813935,0.00445909,-0.00374534,-0.0163888,-0.860433,-0.00518179,0.00984628,0.509443
71383719000,0.338337,0.282239,0.0812273,0.004333,-0.00379164,-0.0168509,-0.86052,-0.00483104,0.00953628,0.509304
71393719000,0.33838,0.2822,0.0810559,0.00412261,-0.00399128,-0.0174403,-0.860607,-0.00448895,0.00922862,0.509166
71403719000,0.33842,0.282159,0.0808789,0.00402347,-0.00436855,-0.0179402,-0.860694,-0.00414786,0.00893002,0.509028
71413719000,0.338459,0.282113,0.0806977,0.00376841,-0.00469311,-0.018317,-0.860782,-0.00381162,0.00863906,0.508887
71423719000,0.338496,0.282064,0.0805124,0.00359916,-0.00512112,-0.0187395,-0.860866,-0.00347844,0.00835265,0.508751
71433719000,0.338532,0.282011,0.0803229,0.0035694,-0.00543059,-0.0191651,-0.860951,-0.00314568,0.00807255,0.508614
71443719000,0.338567,0.281956,0.0801284,0.00347967,-0.00571722,-0.0197246,-0.861031,-0.00281396,0.00779709,0.508485
71453719000,0.338552,0.282032,0.0810871,0.00340061,-0.00576008,-0.0151838,-0.861112,-0.00247913,0.00752716,0.508354
71463719000,0.338587,0.281972,0.080934,0.0034579,-0.00641956,-0.0154494,-0.861192,-0.00215182,0.00726086,0.508223
71473719000,0.338622,0.281905,0.0807772,0.00352594,-0.00683684,-0.0159043,-0.861273,-0.00182421,0.00700318,0.508092
71483719000,0.338658,0.281834,0.0806156,0.00372836,-0.00748749,-0.0164084,-0.861351,-0.00150028,0.00675018,0.507963
71493719000,0.338697,0.281756,0.0804493,0.00393989,-0.00809482,-0.0168506,-0.86143,-0.00117934,0.00649787,0.507834
71503719000,0.338737,0.281672,0.0802784,0.00409318,-0.00865642,-0.0173375,-0.861506,-0.000855581,0.00624747,0.507708
71513719000,0.338778,0.281583,0.0801026,0.00424225,-0.00923261,-0.0178254,-0.86158,-0.000535548,0.00600882,0.507586
71523719000,0.338822,0.281487,0.0799217,0.00449653,-0.00988109,-0.0183422,-0.861648,-0.000218812,0.00578471,0.507473
71533719000,0.338869,0.281385,0.0797353,0.00484112,-0.0104906,-0.0189438,-0.861719,0.000104307,0.0055644,0.507356
71543719000,0.338919,0.281277,0.0795436,0.0053018,-0.011066,-0.0193893,-0.861786,0.000429078,0.00535145,0.507243
71553719000,0.338596,0.281504,0.0810281,0.00431606,-0.0106661,-0.0131108,-0.861853,0.000749512,0.00513329,0.507131
71563719000,0.338642,0.281394,0.0808943,0.00482876,-0.0113199,-0.0136481,-0.861918,0.00108061,0.00492012,0.507023
71573719000,0.338404,0.281582,0.081875,0.00431245,-0.010852,-0.0096786,-0.86198,0.00141909,0.00471015,0.506918
71583719000,0.33845,0.28147,0.0817757,0.00480724,-0.0114821,-0.0101804,-0.862042,0.00174916,0.00450414,0.506814
71593719000,0.338502,0.281351,0.0816724,0.00541228,-0.0123657,-0.0104801,-0.862099,0.00208043,0.00430408,0.506717
71603719000,0.338558,0.281224,0.0815649,0.0057606,-0.0130529,-0.0110068,-0.86215,0.00240859,0.00410764,0.50663
71613719000,0.338617,0.281091,0.0814529,0.00620505,-0.0136837,-0.0114093,-0.862203,0.00273749,0.00390822,0.506541
71623719000,0.338682,0.28095,0.0813366,0.00679057,-0.0143606,-0.0118345,-0.862253,0.00307441,0.00371564,0.506455
71633719000,0.338753,0.280803,0.0812165,0.00736985,-0.0150262,-0.0121951,-0.862302,0.0034044,0.00352497,0.506371
71643719000,0.338829,0.28065,0.0810923,0.0077887,-0.0155655,-0.0126358,-0.862346,0.00373081,0.00334015,0.506295
71653719000,0.33891,0.280491,0.0809656,0.00855526,-0.0162469,-0.0127125,-0.862386,0.00404993,0.00315839,0.506224
71663719000,0.338575,0.280577,0.082335,0.00764134,-0.0159484,-0.00688872,-0.862428,0.00436969,0.00297594,0.506152
71673719000,0.338655,0.280415,0.082266,0.0082422,-0.0166266,-0.00692019,-0.862468,0.00469247,0.00279755,0.506083
71683719000,0.338741,0.280245,0.0821955,0.00887619,-0.0172597,-0.00718513,-0.862505,0.00500591,0.00261082,0.506017
71693719000,0.338833,0.28007,0.0821232,0.00950517,-0.0177986,-0.00725598,-0.862539,0.00531583,0.00243675,0.505957
71703719000,0.338931,0.279889,0.082051,0.0101164,-0.0183272,-0.00719408,-0.862574,0.00562404,0.00226216,0.505895
71713719000,0.339035,0.279704,0.0819796,0.0107917,-0.0187525,-0.00707941,-0.862606,0.00592838,0.00208803,0.505838
71723719000,0.339147,0.279514,0.0819091,0.0116313,-0.0192592,-0.00702122,-0.862638,0.00622587,0.00191603,0.50578
71733719000,0.339267,0.279319,0.0818394,0.0122814,-0.0196289,-0.00691578,-0.862668,0.00651425,0.00173937,0.505726
71743719000,0.339394,0.27912,0.0817711,0.0130882,-0.02017,-0.006759,-0.862699,0.00679274,0.00156763,0.50567
71753719000,0.339194,0.279013,0.0831728,0.0123471,-0.0200891,-0.00100324,-0.862729,0.00706094,0.00139645,0.505615
71763719000,0.339321,0.27881,0.0831646,0.0129728,-0.0204755,-0.000639543,-0.862758,0.00732015,0.00123289,0.505562
71773719000,0.33918,0.278703,0.0840748,0.012804,-0.0205855,0.00304131,-0.862788,0.00756827,0.00106662,0.505508
71783719000,0.339311,0.278497,0.0841064,0.0133296,-0.0207729,0.00327599,-0.862817,0.00780733,0.000900887,0.505455
71793719000,0.339447,0.278287,0.0841412,0.0138832,-0.0211283,0.0036706,-0.862843,0.00803608,0.00073667,0.505407
71803719000,0.339589,0.278075,0.0841796,0.0144891,-0.021327,0.0040123,-0.862872,0.00825498,0.000577172,0.505355
71813719000,0.339738,0.27786,0.0842211,0.015204,-0.0215864,0.00429979,-0.862902,0.0084562,0.000417826,0.5053
71823719000,0.339891,0.277644,0.0842653,0.0155271,-0.0217397,0.00452514,-0.862931,0.00864991,0.000258532,0.505248
71833719000,0.340049,0.277426,0.084312,0.0160601,-0.0217224,0.00482672,-0.862959,0.00882948,0.00010487,0.505197
71843719000,0.340212,0.277207,0.0843613,0.0166162,-0.0220298,0.00503471,-0.862989,0.00900271,-5.15067e-05,0.505142
71853719000,0.340382,0.276987,0.0844132,0.0172574,-0.0220482,0.00534488,-0.863019,0.00915968,-0.000207858,0.505088
71863719000,0.340558,0.276766,0.0844684,0.0178861,-0.0221543,0.00569197,-0.863051,0.00930742,-0.000368321,0.50503
71873719000,0.340619,0.276301,0.0851384,0.0178632,-0.0232053,0.00819762,-0.863085,0.00944445,-0.000522774,0.504969
71883719000,0.340801,0.276069,0.0852217,0.0184476,-0.0231125,0.0084678,-0.863123,0.00957077,-0.000678198,0.504903
71893719000,0.340987,0.275839,0.0853085,0.0187123,-0.0230596,0.00888059,-0.863158,0.00968616,-0.000837915,0.504841
71903719000,0.341176,0.275608,0.0853987,0.0189877,-0.0230049,0.00916438,-0.863197,0.00978525,-0.000996416,0.504772
71913719000,0.341367,0.275379,0.0854917,0.0193071,-0.022894,0.00943147,-0.863236,0.00988441,-0.00115069,0.504702
71923719000,0.341562,0.275151,0.0855873,0.0196014,-0.0227048,0.00968776,-0.863278,0.00997251,-0.00130212,0.504629
71933719000,0.341759,0.274925,0.0856859,0.0197881,-0.0223899,0.010029,-0.863321,0.0100518,-0.00145236,0.504553
71943719000,0.341958,0.274703,0.0857883,0.0200338,-0.0220525,0.0104657,-0.863364,0.0101241,-0.00160547,0.504477
71953719000,0.342159,0.274484,0.0858946,0.0202812,-0.0217346,0.0107956,-0.863409,0.0101865,-0.00176367,0.504399
71963719000,0.342363,0.274268,0.0860045,0.020585,-0.02155,0.0111714,-0.863455,0.0102404,-0.00191289,0.504318
71973719000,0.342526,0.273543,0.0862399,0.0205524,-0.0230834,0.0119344,-0.863505,0.0102834,-0.00206957,0.504231
71983719000,0.342733,0.273314,0.0863609,0.0208264,-0.0226958,0.012276,-0.863556,0.0103166,-0.00223188,0.504142
71993719000,0.342892,0.272725,0.0865226,0.0209452,-0.0235394,0.0126024,-0.863609,0.010345,-0.00239531,0.50405
72003719000,0.343102,0.272493,0.0866509,0.0210699,-0.0229412,0.0130478,-0.863663,0.0103683,-0.00255057,0.503957
72013719000,0.343313,0.272266,0.0867826,0.0210657,-0.0224178,0.0133007,-0.863716,0.0103881,-0.00271342,0.503865
72023719000,0.343523,0.272045,0.0869178,0.0210403,-0.0218504,0.0137384,-0.863773,0.0104048,-0.00287411,0.503766
72033719000,0.343735,0.27183,0.0870571,0.0211941,-0.0211115,0.0141072,-0.863833,0.0104173,-0.00303166,0.503661
72043719000,0.343947,0.271621,0.087199,0.0212034,-0.0207034,0.0142872,-0.863897,0.0104256,-0.00319434,0.503551
72053719000,0.344158,0.271417,0.0873435,0.021034,-0.0200302,0.0145978,-0.863961,0.0104299,-0.00335494,0.50344
72063719000,0.344368,0.271221,0.0874907,0.0209267,-0.0192484,0.0148529,-0.864025,0.01043,-0.00351518,0.503328
72073719000,0.344576,0.271032,0.0876409,0.0206759,-0.0184219,0.0151883,-0.864089,0.0104256,-0.00367403,0.503217
72083719000,0.344967,0.270429,0.0873999,0.0211678,-0.0193603,0.0139187,-0.864156,0.0104155,-0.00382923,0.503102
72093719000,0.345179,0.270239,0.0875401,0.0210966,-0.0186982,0.0141168,-0.864223,0.0104103,-0.00397959,0.502985
72103719000,0.345388,0.270055,0.0876818,0.0207973,-0.0181061,0.0142305,-0.864293,0.0104012,-0.00412999,0.502863
72113719000,0.345595,0.269877,0.0878255,0.0205292,-0.0173412,0.0145049,-0.864366,0.0103934,-0.00427407,0.502738
72123719000,0.345798,0.269708,0.0879715,0.0200729,-0.0165063,0.014696,-0.864441,0.0103828,-0.00441342,0.502607
72133719000,0.345997,0.269547,0.0881198,0.019677,-0.015769,0.0149704,-0.864517,0.010367,-0.00455451,0.502476
72143719000,0.346192,0.269393,0.0882702,0.0193094,-0.0149207,0.0151076,-0.864596,0.0103512,-0.0046816,0.502339
72153719000,0.346382,0.269248,0.0884223,0.0188158,-0.0140565,0.0153002,-0.864673,0.0103244,-0.00481404,0.502206
72163719000,0.346568,0.269112,0.0885763,0.0182724,-0.0132293,0.015502,-0.864753,0.0102971,-0.0049422,0.502068
72173719000,0.346749,0.268984,0.0887321,0.0179655,-0.0122959,0.0156642,-0.864834,0.0102784,-0.00507386,0.501926
72183719000,0.346926,0.268866,0.08889,0.0175524,-0.0114024,0.015914,-0.864914,0.0102602,-0.00519337,0.501788
72193719000,0.347099,0.268757,0.0852822,0.0169432,-0.0105025,0.0143376,-0.864997,0.0102387,-0.00530774,0.501644
72203719000,0.347818,0.267852,0.0850318,0.0183818,-0.0126065,0.0125005,-0.86508,0.0102169,-0.00541432,0.501501
72213719000,0.347998,0.267731,0.0851578,0.017586,-0.0116089,0.0126939,-0.865163,0.0101884,-0.00550997,0.501356
72223719000,0.348593,0.267014,0.0850019,0.0184156,-0.013146,0.0113403,-0.865248,0.01016,-0.00559265,0.50121
72233719000,0.348775,0.266886,0.0851176,0.0178484,-0.0123134,0.0118048,-0.865331,0.0101354,-0.00567088,0.501066
72243719000,0.34895,0.266767,0.0852369,0.0170883,-0.0115717,0.0120558,-0.865416,0.0101132,-0.00574426,0.500919
72253719000,0.349117,0.266655,0.0853585,0.0164507,-0.0107343,0.0122632,-0.865497,0.0100892,-0.00580288,0.500778
72263719000,0.349278,0.266551,0.085483,0.0157859,-0.0100719,0.0126288,-0.865578,0.0100545,-0.00585327,0.500639
72273719000,0.349433,0.266455,0.0856101,0.0151147,-0.00923797,0.0127924,-0.865661,0.0100303,-0.00589402,0.500495
72283719000,0.34958,0.266366,0.0857401,0.0143515,-0.00856907,0.0132107,-0.865742,0.00999966,-0.00592501,0.500356
72293719000,0.34972,0.266283,0.0858747,0.0136966,-0.00795794,0.013707,-0.865823,0.00996843,-0.00594788,0.500216
72303719000,0.349966,0.266014,0.0855969,0.0132478,-0.00791863,0.012154,-0.865903,0.00993943,-0.00595972,0.500078
72313719000,0.350095,0.265938,0.0857206,0.0125422,-0.007308,0.0126003,-0.865981,0.00990109,-0.00595979,0.499943
72323719000,0.350217,0.265868,0.0858493,0.0118268,-0.00667847,0.0131387,-0.866057,0.00985538,-0.00595209,0.499812
72333719000,0.350331,0.265804,0.0859827,0.0108834,-0.00607721,0.0135262,-0.866132,0.00980726,-0.00592533,0.499684
72343719000,0.350436,0.265745,0.0861195,0.010095,-0.00566908,0.0138508,-0.866209,0.00975951,-0.00587636,0.499552
72353719000,0.350531,0.26569,0.0862593,0.00903313,-0.00530427,0.014091,-0.866283,0.00971104,-0.00581485,0.499426
72363719000,0.350617,0.26564,0.0864018,0.00816455,-0.00483283,0.0144165,-0.866357,0.00967098,-0.00575222,0.499298
72373719000,0.350694,0.265593,0.0865472,0.0072318,-0.00447198,0.0146612,-0.866428,0.00962395,-0.00566821,0.499178
72383719000,0.350763,0.265551,0.0866956,0.00643236,-0.0039808,0.0150299,-0.866496,0.00957913,-0.00557447,0.49906
72393719000,0.350821,0.265513,0.0868465,0.00527267,-0.00356377,0.0151421,-0.866564,0.00953776,-0.00546784,0.498945
72403719000,0.350869,0.26548,0.0869995,0.00439018,-0.00315264,0.015457,-0.866629,0.00949741,-0.00534784,0.498833
72413719000,0.351229,0.265476,0.0863534,0.00452802,-0.00276743,0.012238,-0.866695,0.0094504,-0.00521859,0.498721
72423719000,0.35127,0.26545,0.0864779,0.00370092,-0.00239971,0.0126602,-0.866759,0.00940005,-0.00506816,0.498613
72433719000,0.351614,0.265405,0.0860589,0.00385817,-0.00220106,0.0104823,-0.866821,0.00934779,-0.00491604,0.498508
72443719000,0.351649,0.265384,0.0861644,0.00318452,-0.00199209,0.0106099,-0.866882,0.00930087,-0.00475493,0.498404
72453719000,0.351675,0.265366,0.0862715,0.0021998,-0.00179167,0.010806,-0.866941,0.00925459,-0.00457922,0.498304
72463719000,0.351694,0.265348,0.0863811,0.00141976,-0.00167009,0.0111314,-0.866999,0.00920332,-0.00439291,0.498206
72473719000,0.351704,0.265333,0.086494,0.000689698,-0.00143754,0.0114369,-0.867054,0.00915322,-0.00419189,0.498112
72483719000,0.351708,0.265318,0.08661,3.58861e-05,-0.00146424,0.0117672,-0.86711,0.00910095,-0.00398372,0.498017
72493719000,0.351704,0.265305,0.0867287,-0.000705137,-0.00124716,0.0119642,-0.867166,0.0090424,-0.00376373,0.497923
72503719000,0.351694,0.265291,0.0868495,-0.00148378,-0.00142658,0.012212,-0.86722,0.00897875,-0.0035312,0.497832
72513719000,0.351783,0.265494,0.0862754,-0.00181338,-0.000773819,0.00952053,-0.867275,0.00891113,-0.00329165,0.497739
72523719000,0.351761,0.265486,0.0863717,-0.00238257,-0.000784676,0.00975485,-0.86733,0.00883138,-0.00304996,0.497646
72533719000,0.351735,0.265478,0.0864709,-0.00284276,-0.00087925,0.0100813,-0.867383,0.00875267,-0.00280007,0.497556
72543719000,0.351703,0.265468,0.0865733,-0.00365118,-0.00113014,0.0103934,-0.867437,0.00866925,-0.0025485,0.497465
72553719000,0.351663,0.265456,0.0866796,-0.00423278,-0.0012777,0.010861,-0.867491,0.00858415,-0.00228968,0.497374
72563719000,0.351618,0.265442,0.0867899,-0.00475973,-0.00157391,0.011212,-0.867544,0.00848727,-0.00202406,0.497283
72573719000,0.351568,0.265424,0.0869038,-0.0053613,-0.00203764,0.011571,-0.867597,0.00839175,-0.00175305,0.497195
72583719000,0.351512,0.265401,0.0870218,-0.0058369,-0.00243667,0.012016,-0.867647,0.00828606,-0.00148083,0.49711
72593719000,0.351451,0.265374,0.0871433,-0.0063528,-0.00302342,0.012292,-0.867696,0.00816777,-0.00119981,0.497026
72603719000,0.351386,0.265341,0.0872683,-0.00664271,-0.00353962,0.0126962,-0.867746,0.00805288,-0.000909777,0.496942
72613719000,0.351318,0.265303,0.0873975,-0.00704125,-0.00401354,0.0131539,-0.867795,0.0079375,-0.000619723,0.496858
72623719000,0.351246,0.26526,0.0875311,-0.00733807,-0.00455741,0.0135661,-0.867844,0.00781672,-0.000328195,0.496775
72633719000,0.35117,0.265212,0.0876675,-0.0077181,-0.00520184,0.0137037,-0.867892,0.00769065,-3.38654e-05,0.496694
72643719000,0.351089,0.265817,0.0866997,-0.00801345,-0.0035279,0.009709,-0.867939,0.00755442,0.000258606,0.496613
72653719000,0.351023,0.266214,0.0861217,-0.00825575,-0.00259227,0.00740471,-0.867986,0.00741743,0.00054661,0.496533
72663719000,0.350939,0.266183,0.0861978,-0.00847867,-0.00349669,0.00781714,-0.868033,0.00727393,0.000847456,0.496453
72673719000,0.350853,0.266145,0.0862779,-0.00866862,-0.00417608,0.00820035,-0.868076,0.0071193,0.00114286,0.496379
72683719000,0.350765,0.266099,0.086362,-0.00895951,-0.00501481,0.00861528,-0.868114,0.00695956,0.00144129,0.496314
72693719000,0.350674,0.266045,0.0864496,-0.00929876,-0.00572771,0.00891743,-0.868156,0.00679365,0.00173177,0.496241
72703719000,0.35058,0.265984,0.08654,-0.00944637,-0.00659758,0.00916358,-0.8682,0.00663035,0.00202109,0.496166
72713719000,0.350486,0.265914,0.0866331,-0.00941541,-0.00733292,0.00944371,-0.86824,0.00646154,0.00231014,0.496097
72723719000,0.350392,0.265837,0.0867299,-0.00939926,-0.00815935,0.00992849,-0.868277,0.00628938,0.00259487,0.496033
72733719000,0.350298,0.26575,0.0868301,-0.00926156,-0.00904839,0.0101039,-0.868311,0.00611454,0.00288346,0.495974
72743719000,0.349982,0.266199,0.0859927,-0.0100712,-0.00818229,0.00688189,-0.868344,0.00592887,0.00316125,0.495917
72753719000,0.349881,0.266112,0.086063,-0.0100433,-0.00923346,0.00716569,-0.868377,0.00573347,0.00343788,0.495859
72763719000,0.34978,0.266016,0.086136,-0.00999995,-0.0100744,0.00745125,-0.868407,0.00553773,0.00371559,0.495807
72773719000,0.34968,0.26591,0.0862121,-0.0101019,-0.0109894,0.00775411,-0.868437,0.00533725,0.00399088,0.495755
72783719000,0.34958,0.265795,0.0862913,-0.00982166,-0.0120739,0.00810262,-0.868466,0.00512905,0.00426117,0.495704
72793719000,0.349482,0.265668,0.0863738,-0.0098446,-0.0132886,0.00838949,-0.868494,0.00491293,0.00452527,0.495655
72803719000,0.349385,0.26553,0.0864585,-0.00950302,-0.014422,0.00854745,-0.868522,0.00467853,0.00478793,0.495606
72813719000,0.349291,0.265381,0.0865438,-0.00936563,-0.0153911,0.00851302,-0.868548,0.00444454,0.00504417,0.49556
72823719000,0.349197,0.265221,0.0866294,-0.00938459,-0.0165603,0.00861118,-0.868572,0.00419951,0.00529992,0.495516
72833719000,0.348972,0.265534,0.0856333,-0.00957691,-0.0158688,0.00454176,-0.868599,0.00394628,0.00554607,0.495469
72843719000,0.348876,0.26537,0.0856785,-0.00952134,-0.0169829,0.00449462,-0.868621,0.00369067,0.00578611,0.495429
72853719000,0.348678,0.265628,0.0850315,-0.00977328,-0.0167058,0.00185883,-0.868641,0.00342685,0.00601752,0.495393
72863719000,0.34858,0.265456,0.0850493,-0.00963132,-0.0177406,0.00170936,-0.86866,0.003163,0.00624363,0.495359
72873719000,0.348484,0.265273,0.0850658,-0.00958519,-0.0188075,0.001578,-0.868676,0.00290164,0.00646098,0.49533
72883719000,0.348388,0.265079,0.0850809,-0.00970064,-0.0200786,0.00145262,-0.86869,0.00263205,0.00667673,0.495304
72893719000,0.348292,0.264873,0.0850936,-0.00952061,-0.0210632,0.001073,-0.868702,0.00235785,0.00688591,0.495282
72903719000,0.348197,0.264658,0.0851024,-0.00936607,-0.0219473,0.00068591,-0.868711,0.00207907,0.00708056,0.495263
72913719000,0.348105,0.264434,0.0851081,-0.00902974,-0.0228875,0.000467979,-0.868723,0.0017978,0.00727724,0.495242
72923719000,0.348017,0.264201,0.0851121,-0.00863572,-0.0237482,0.000328863,-0.868736,0.00151842,0.00746152,0.495217
72933719000,0.347932,0.263958,0.0851143,-0.00846307,-0.02477,0.000102122,-0.868747,0.00122934,0.00764284,0.495195
72943719000,0.347848,0.263707,0.0851139,-0.0081747,-0.0255154,-0.000181148,-0.868755,0.000936602,0.00782563,0.495179
72953719000,0.347768,0.263447,0.08511,-0.007857,-0.0264068,-0.000593131,-0.868763,0.000641318,0.00800029,0.495163
72963719000,0.347709,0.263554,0.0845242,-0.00761136,-0.0259104,-0.00299938,-0.868771,0.000344839,0.0081682,0.495147
72973719000,0.347634,0.263291,0.0844931,-0.00740503,-0.0267243,-0.00322851,-0.868779,4.7929e-05,0.00833906,0.49513
72983719000,0.347561,0.26302,0.0844595,-0.00704171,-0.0273684,-0.00348421,-0.868787,-0.000250162,0.00850106,0.495113
72993719000,0.347493,0.262743,0.0844228,-0.00664156,-0.028032,-0.00386232,-0.868798,-0.000553317,0.00865566,0.49509
73003719000,0.347428,0.26246,0.0843838,-0.00628037,-0.0285436,-0.00393423,-0.868808,-0.000862846,0.0088071,0.49507
73013719000,0.347368,0.262173,0.0843433,-0.00590118,-0.0289592,-0.00417383,-0.868818,-0.00118412,0.00895903,0.49505
73023719000,0.347311,0.261881,0.0842999,-0.00546667,-0.0293066,-0.00448918,-0.868827,-0.00151662,0.00911252,0.49503
73033719000,0.347258,0.261586,0.0842537,-0.00515311,-0.0296855,-0.00476054,-0.868838,-0.00185025,0.00926524,0.495007
73043719000,0.347207,0.261288,0.0842049,-0.00495352,-0.0299753,-0.00498949,-0.868851,-0.00218203,0.00941594,0.494979
73053719000,0.347159,0.260987,0.0841534,-0.00472116,-0.0302464,-0.00531914,-0.868866,-0.00252344,0.009559,0.494949
73063719000,0.347144,0.260607,0.084022,-0.00451937,-0.0306392,-0.00609356,-0.86888,-0.00287409,0.00969796,0.494919
73073719000,0.347099,0.2603,0.0839586,-0.00441486,-0.0307634,-0.00658304,-0.868898,-0.00322125,0.00983685,0.494884
73083719000,0.347065,0.259958,0.0838999,-0.00424887,-0.031045,-0.00709394,-0.868917,-0.00357104,0.00996875,0.494845
73093719000,0.347023,0.259648,0.0838268,-0.00410766,-0.031013,-0.00752935,-0.868936,-0.00392087,0.0101006,0.494805
73103719000,0.346983,0.259338,0.0837491,-0.00388889,-0.0309351,-0.00800354,-0.868959,-0.00427291,0.0102262,0.494761
73113719000,0.346945,0.259028,0.0836663,-0.00374635,-0.0310765,-0.00856344,-0.868983,-0.00461701,0.0103512,0.494712
73123719000,0.346907,0.258718,0.0835782,-0.00381191,-0.0308195,-0.00904946,-0.869013,-0.00497167,0.0104703,0.494654
73133719000,0.34687,0.25841,0.0834858,-0.00364228,-0.0307617,-0.00943155,-0.869039,-0.0053281,0.0105927,0.494601
73143719000,0.346834,0.258105,0.0833896,-0.00350049,-0.030391,-0.00981817,-0.869071,-0.00568547,0.0107216,0.494538
73153719000,0.3468,0.257802,0.0832893,-0.00329257,-0.0300835,-0.0102386,-0.869106,-0.00604242,0.0108451,0.49447
73163719000,0.346767,0.257503,0.083184,-0.00331511,-0.0297185,-0.0108079,-0.869146,-0.00639873,0.0109644,0.494392
73173719000,0.346901,0.256826,0.0835015,-0.00248612,-0.0306062,-0.00980967,-0.869188,-0.00674804,0.0110755,0.494311
73183719000,0.346877,0.256522,0.0834003,-0.00229492,-0.0302022,-0.0104183,-0.869231,-0.00710173,0.0111879,0.494228
73193719000,0.346853,0.256223,0.0832941,-0.00235428,-0.0296513,-0.010827,-0.869277,-0.0074519,0.0112852,0.494141
73203719000,0.34683,0.255929,0.0831828,-0.00238973,-0.0289954,-0.0114293,-0.869323,-0.00779237,0.0113796,0.494053
73213719000,0.346806,0.255643,0.083067,-0.00230331,-0.0283815,-0.011748,-0.869372,-0.00813642,0.0114758,0.493959
73223719000,0.346784,0.255361,0.0829477,-0.00217798,-0.027896,-0.0121041,-0.869424,-0.00847411,0.0115745,0.493859
73233719000,0.346763,0.255087,0.082824,-0.00208496,-0.0270572,-0.0126292,-0.869473,-0.00880767,0.0116626,0.493764
73243719000,0.346742,0.25482,0.0826957,-0.00208379,-0.0263256,-0.0130424,-0.869527,-0.00913425,0.01175,0.493662
73253719000,0.346721,0.25456,0.0825632,-0.00207548,-0.0256115,-0.013457,-0.869581,-0.00945333,0.0118396,0.493558
73263719000,0.3467,0.254307,0.0824252,-0.00208452,-0.0249372,-0.0141448,-0.869639,-0.00976123,0.0119204,0.493448
73273719000,0.346679,0.254063,0.0822817,-0.00218214,-0.0239373,-0.0145411,-0.869697,-0.0100707,0.0119982,0.493337
73283719000,0.346656,0.253828,0.0821339,-0.00238888,-0.0231557,-0.0150331,-0.869756,-0.0103675,0.0120657,0.493226
73293719000,0.347187,0.252774,0.0817942,-0.000452041,-0.025255,-0.0117498,-0.869817,-0.0106546,0.0121423,0.49311
73303719000,0.347182,0.252525,0.0816742,-0.000529876,-0.0243672,-0.012268,-0.869877,-0.0109236,0.0122143,0.492997
73313719000,0.347525,0.251669,0.0820738,0.000445905,-0.0257678,-0.00985994,-0.869941,-0.0111848,0.012282,0.492876
73323719000,0.347529,0.251416,0.0819724,0.00038055,-0.0248711,-0.0104212,-0.870003,-0.0114382,0.0123465,0.492759
73333719000,0.347533,0.251171,0.0818654,0.000441748,-0.0241308,-0.0109938,-0.870064,-0.0116783,0.01241,0.492644
73343719000,0.347537,0.250934,0.0817538,0.000357607,-0.0231532,-0.0113139,-0.870128,-0.0118994,0.0124653,0.492525
73353719000,0.347541,0.250708,0.0816389,0.000299737,-0.0220949,-0.0116628,-0.870189,-0.0121105,0.0125267,0.492409
73363719000,0.347543,0.250492,0.081521,0.000255202,-0.0210934,-0.011922,-0.870253,-0.0123089,0.0125851,0.49229
73373719000,0.347546,0.250285,0.0813999,0.000204072,-0.020323,-0.0123012,-0.870314,-0.0124984,0.0126482,0.492175
73383719000,0.347548,0.250086,0.081276,0.000212859,-0.019453,-0.0124802,-0.870373,-0.0126795,0.0127039,0.492066
73393719000,0.347932,0.249581,0.082043,0.0016157,-0.0195736,-0.00797831,-0.870431,-0.0128494,0.0127587,0.491957
73403719000,0.347948,0.249391,0.0819628,0.00153351,-0.0185701,-0.00807248,-0.870489,-0.0130086,0.012813,0.491849
73413719000,0.347964,0.24921,0.0818817,0.0017098,-0.0175657,-0.00813555,-0.870549,-0.0131597,0.0128669,0.491738
73423719000,0.347982,0.249039,0.0818002,0.00181025,-0.0165794,-0.00816382,-0.870606,-0.0133072,0.0129211,0.491631
73433719000,0.348,0.248879,0.0817187,0.00190714,-0.0154522,-0.00814194,-0.870663,-0.0134477,0.0129785,0.491525
73443719000,0.348019,0.24873,0.0816374,0.00188213,-0.014439,-0.00810924,-0.870717,-0.0135777,0.0130392,0.491425
73453719000,0.348039,0.24859,0.0815567,0.00203128,-0.0135257,-0.00803379,-0.870766,-0.0137037,0.0130965,0.491332
73463719000,0.348059,0.24846,0.0814766,0.00190832,-0.0124175,-0.00799882,-0.870812,-0.0138245,0.0131529,0.491245
73473719000,0.348078,0.24834,0.0813969,0.00191375,-0.0116183,-0.00792664,-0.870858,-0.0139359,0.0132104,0.491159
73483719000,0.348097,0.248227,0.0813175,0.00195472,-0.0108648,-0.00796468,-0.870903,-0.0140365,0.0132738,0.491075
73493719000,0.348377,0.248054,0.0823438,0.00281323,-0.0102382,-0.00308963,-0.870948,-0.0141327,0.0133393,0.490991
73503719000,0.348405,0.247955,0.0823131,0.0027822,-0.00946,-0.00305321,-0.870991,-0.0142189,0.0134,0.490911
73513719000,0.348605,0.247723,0.0829999,0.0033407,-0.00933232,0.000226473,-0.871033,-0.0143035,0.0134682,0.490832
73523719000,0.348637,0.247632,0.0830025,0.00317271,-0.00883738,0.000285886,-0.871073,-0.0143887,0.0135428,0.490756
73533719000,0.348669,0.247546,0.0830065,0.00315979,-0.00822772,0.000518866,-0.871111,-0.0144664,0.0136196,0.490684
73543719000,0.3487,0.247468,0.0830121,0.00311654,-0.00749997,0.000599032,-0.871142,-0.0145385,0.0136946,0.490624
73553719000,0.348732,0.247396,0.0830195,0.00314345,-0.00692437,0.000869226,-0.871172,-0.0146083,0.0137709,0.490567
73563719000,0.348762,0.247329,0.0830286,0.00298077,-0.00638138,0.000960398,-0.871199,-0.0146694,0.0138466,0.490516
73573719000,0.348792,0.247268,0.0830387,0.00290796,-0.00590092,0.00105709,-0.871222,-0.0147169,0.0139217,0.49047
73583719000,0.348821,0.247211,0.0830496,0.00288193,-0.005433,0.0011169,-0.871246,-0.0147544,0.0139892,0.490424
73593719000,0.348849,0.247158,0.083061,0.00281965,-0.00510489,0.0011656,-0.871265,-0.0147986,0.0140625,0.490388
73603719000,0.348876,0.247108,0.0830736,0.0025829,-0.0048748,0.00135475,-0.871282,-0.01484,0.0141409,0.490354
73613719000,0.348902,0.24706,0.083088,0.00262755,-0.00471272,0.00152599,-0.871296,-0.0148756,0.0142106,0.490327
73623719000,0.349172,0.24731,0.0837625,0.00350888,-0.0036045,0.0043823,-0.871306,-0.0149031,0.0142808,0.490307
73633719000,0.349206,0.247274,0.0838067,0.0033632,-0.00356953,0.00445195,-0.871315,-0.0149259,0.0143501,0.490288
73643719000,0.349239,0.247239,0.0838527,0.00326724,-0.00342259,0.00475892,-0.871323,-0.0149466,0.0144157,0.490271
73653719000,0.349272,0.247205,0.0839019,0.00325588,-0.00329663,0.00508593,-0.871326,-0.01496,0.0144803,0.490263
73663719000,0.349304,0.247172,0.0839548,0.00311352,-0.00346445,0.00548917,-0.871328,-0.0149739,0.014546,0.490258
73673719000,0.349334,0.247136,0.084011,0.00307193,-0.00359863,0.00574103,-0.871327,-0.0149815,0.0146117,0.490256
73683719000,0.349365,0.2471,0.0840701,0.00303546,-0.00373253,0.00609584,-0.871323,-0.0149855,0.0146733,0.490261
73693719000,0.349395,0.247061,0.0841331,0.00301133,-0.00395385,0.00650368,-0.87132,-0.0149898,0.0147348,0.490264
73703719000,0.349425,0.24702,0.0841995,0.00285005,-0.00427172,0.006767,-0.871318,-0.0150018,0.0147933,0.490267
73713719000,0.349686,0.247712,0.0846271,0.0035785,-0.00226628,0.00856557,-0.871313,-0.0150059,0.0148489,0.490273
73723719000,0.349871,0.248177,0.0849145,0.00393971,-0.00108909,0.00977952,-0.871306,-0.01501,0.0149062,0.490285
73733719000,0.349909,0.248164,0.0850138,0.00373078,-0.00157002,0.0100778,-0.871295,-0.0150102,0.0149582,0.490302
73743719000,0.349946,0.248145,0.0851163,0.00361302,-0.00219879,0.0104247,-0.871282,-0.0150039,0.0150098,0.490324
73753719000,0.349981,0.248119,0.0852228,0.00334983,-0.00288128,0.010877,-0.871268,-0.0150011,0.0150587,0.490347
73763719000,0.350013,0.248088,0.0853338,0.00306993,-0.00351002,0.0113202,-0.871252,-0.0149952,0.0150991,0.490375
73773719000,0.350042,0.248048,0.0854486,0.00282729,-0.00432956,0.0116335,-0.871238,-0.0149837,0.0151395,0.490398
73783719000,0.35007,0.248001,0.0855672,0.00263369,-0.00516167,0.0120846,-0.871223,-0.014966,0.0151788,0.490425
73793719000,0.350095,0.247946,0.0856899,0.00232917,-0.00586384,0.0124497,-0.871204,-0.0149418,0.0152166,0.490458
73803719000,0.350117,0.247882,0.085817,0.00212198,-0.00685624,0.0129888,-0.871182,-0.0149265,0.0152533,0.490495
73813719000,0.350136,0.247809,0.0859495,0.00170288,-0.00769301,0.0135055,-0.87116,-0.0149084,0.0152792,0.490536
73823719000,0.35015,0.247728,0.0860866,0.00119517,-0.00866903,0.0139108,-0.871138,-0.0148809,0.0152993,0.490574
73833719000,0.350558,0.248637,0.0859501,0.00236759,-0.00608289,0.0131524,-0.871116,-0.0148524,0.0153117,0.490614
73843719000,0.350579,0.248571,0.0860829,0.00176718,-0.00720358,0.0134022,-0.871093,-0.0148247,0.0153249,0.490655
73853719000,0.350595,0.248493,0.0862192,0.00144114,-0.00833649,0.0138654,-0.871071,-0.0147981,0.0153353,0.490695
73863719000,0.350606,0.248404,0.0863594,0.000910783,-0.00939008,0.0141647,-0.871048,-0.0147739,0.0153378,0.490735
73873719000,0.350614,0.248305,0.0865037,0.000597567,-0.0104694,0.0146917,-0.871029,-0.0147545,0.0153351,0.490771
73883719000,0.350617,0.248195,0.0866525,6.60576e-05,-0.0115582,0.0150733,-0.871009,-0.0147362,0.0153246,0.490807
73893719000,0.350615,0.248074,0.0868061,-0.000555266,-0.0126719,0.0156454,-0.870991,-0.014711,0.0153077,0.49084
73903719000,0.350606,0.247942,0.0869645,-0.00115743,-0.0137121,0.0160418,-0.870974,-0.0146824,0.0152817,0.490872
73913719000,0.350591,0.247799,0.0871273,-0.00189177,-0.0148399,0.0165189,-0.87096,-0.014647,0.0152495,0.490898
73923719000,0.351146,0.248622,0.0865362,-0.00042893,-0.0124186,0.0142552,-0.870948,-0.0146247,0.01521,0.490923
73933719000,0.351138,0.248493,0.0866811,-0.00119346,-0.0134049,0.01473,-0.870937,-0.0146022,0.0151642,0.490944
73943719000,0.351571,0.249097,0.0862866,-0.000219232,-0.0116343,0.0130024,-0.870929,-0.0145861,0.0151016,0.490959
73953719000,0.351565,0.248976,0.0864189,-0.000936498,-0.0127085,0.0134482,-0.870924,-0.0145693,0.0150291,0.490972
73963719000,0.351552,0.248843,0.0865558,-0.00169411,-0.0138081,0.0139447,-0.87092,-0.0145532,0.0149554,0.490981
73973719000,0.35153,0.248699,0.0866963,-0.00258739,-0.0149187,0.0141474,-0.870922,-0.0145397,0.0148723,0.49098
73983719000,0.351501,0.248545,0.0868401,-0.00327112,-0.0159855,0.0146081,-0.870924,-0.0145316,0.0147854,0.490981
73993719000,0.351465,0.24838,0.0869883,-0.00402067,-0.0170014,0.015048,-0.87093,-0.0145265,0.0146848,0.490973
74003719000,0.35142,0.248204,0.0871408,-0.0049158,-0.0181466,0.0154472,-0.870937,-0.0145216,0.0145776,0.490964
74013719000,0.351367,0.248018,0.0872971,-0.00562044,-0.0191121,0.0157987,-0.870949,-0.014519,0.0144663,0.490946
74023719000,0.351308,0.247823,0.0874562,-0.00628554,-0.0199024,0.0160337,-0.870963,-0.0145172,0.0143433,0.490925
74033719000,0.351241,0.247619,0.0876186,-0.00709016,-0.0208306,0.0164344,-0.870979,-0.0145205,0.0142108,0.4909
74043719000,0.351794,0.247916,0.0867356,-0.00546831,-0.0196853,0.0129294,-0.870998,-0.0145191,0.0140727,0.490869
74053719000,0.351737,0.247715,0.086867,-0.00592169,-0.0205066,0.0133682,-0.871021,-0.0145221,0.0139291,0.490834
74063719000,0.351675,0.247505,0.0870025,-0.00659244,-0.0214473,0.013727,-0.871045,-0.014528,0.0137833,0.490795
74073719000,0.351605,0.247287,0.0871424,-0.00736563,-0.0221793,0.0142532,-0.871074,-0.014537,0.0136259,0.490747
74083719000,0.351528,0.247061,0.0872872,-0.00803203,-0.0229464,0.0147019,-0.871102,-0.0145533,0.0134722,0.490701
74093719000,0.351446,0.246829,0.0874365,-0.00842788,-0.0235975,0.0151596,-0.871133,-0.0145708,0.0133068,0.490651
74103719000,0.351359,0.24659,0.0875895,-0.0089349,-0.024183,0.0154347,-0.871167,-0.0146011,0.0131487,0.490594
74113719000,0.351267,0.246346,0.0877459,-0.00951043,-0.0245482,0.0158408,-0.871203,-0.0146319,0.0129892,0.490533
74123719000,0.351169,0.246098,0.0879063,-0.0100089,-0.0249925,0.0162393,-0.871242,-0.0146587,0.0128301,0.490467
74133719000,0.351067,0.245848,0.0880707,-0.010455,-0.0251941,0.0166398,-0.871282,-0.014691,0.0126668,0.490399
74143719000,0.35096,0.245594,0.0882385,-0.0109453,-0.0254344,0.0169313,-0.871323,-0.0147294,0.0125074,0.490329
74153719000,0.350849,0.245339,0.08841,-0.011203,-0.0257339,0.0173641,-0.871365,-0.0147675,0.0123484,0.490258
74163719000,0.351328,0.245161,0.0869274,-0.00928608,-0.0253683,0.0119631,-0.87141,-0.0147964,0.012195,0.49018
74173719000,0.351597,0.244949,0.0860251,-0.00841614,-0.0253629,0.00865797,-0.871454,-0.0148294,0.0120448,0.490104
74183719000,0.351511,0.244696,0.0861143,-0.00882144,-0.0251665,0.00918578,-0.871497,-0.0148672,0.0118896,0.49003
74193719000,0.351422,0.244444,0.0862087,-0.00890402,-0.0251151,0.00970494,-0.871543,-0.0149099,0.0117368,0.489951
74203719000,0.351332,0.244194,0.0863082,-0.00917734,-0.0250192,0.0101892,-0.871589,-0.0149513,0.0115868,0.489872
74213719000,0.35124,0.243945,0.0864126,-0.00926552,-0.0247346,0.01069,-0.87164,-0.0149916,0.0114448,0.489784
74223719000,0.351147,0.243699,0.0865208,-0.00930141,-0.0243897,0.0109498,-0.87169,-0.015032,0.0112987,0.489697
74233719000,0.351054,0.243458,0.0866322,-0.00929881,-0.0239262,0.0113263,-0.87174,-0.0150738,0.0111604,0.489609
74243719000,0.35096,0.243221,0.0867477,-0.00937728,-0.0233701,0.0117844,-0.871789,-0.015112,0.0110279,0.489523
74253719000,0.350866,0.242991,0.086867,-0.00938148,-0.0227789,0.0120698,-0.871841,-0.0151465,0.0108961,0.489433
74263719000,0.350962,0.242358,0.0855868,-0.00841878,-0.0238682,0.00738111,-0.871892,-0.015178,0.0107618,0.489345
74273719000,0.350879,0.242122,0.085662,-0.00816584,-0.0232018,0.00765657,-0.871942,-0.0152103,0.0106327,0.489258
74283719000,0.350799,0.241892,0.0857403,-0.00784147,-0.022759,0.00800371,-0.871991,-0.0152348,0.010509,0.489171
74293719000,0.350723,0.241669,0.0834402,-0.0075337,-0.0219292,0.00736532,-0.872043,-0.0152593,0.0103877,0.489082
74303719000,0.350649,0.241454,0.083516,-0.00721666,-0.0210591,0.0077887,-0.872091,-0.0152689,0.0102622,0.488997
74313719000,0.350577,0.241247,0.083596,-0.00707529,-0.0203193,0.00821683,-0.872138,-0.0152746,0.0101488,0.488916
74323719000,0.350508,0.241049,0.0836792,-0.00676405,-0.0194028,0.00841753,-0.872187,-0.0152726,0.0100356,0.48883
74333719000,0.350443,0.240859,0.0837649,-0.00631415,-0.0185081,0.00873689,-0.872231,-0.0152558,0.00993284,0.488755
74343719000,0.350382,0.240678,0.0838539,-0.00577826,-0.0176806,0.0090493,-0.872275,-0.0152315,0.00982884,0.48868
74353719000,0.350327,0.240506,0.0839449,-0.0053559,-0.0167932,0.0091568,-0.872321,-0.0151953,0.00973145,0.488601
74363719000,0.350276,0.240342,0.0840381,-0.00485169,-0.0159101,0.00948065,-0.872363,-0.0151529,0.00963696,0.488529
74373719000,0.349977,0.239592,0.0829842,-0.005097,-0.0170736,0.00403361,-0.872403,-0.0150972,0.00954505,0.48846
74383719000,0.349929,0.239426,0.0830252,-0.00456548,-0.0160283,0.00416854,-0.872441,-0.0150298,0.00946149,0.488396
74393719000,0.349655,0.238776,0.0823018,-0.00488163,-0.0168539,0.000684306,-0.87248,-0.0149462,0.00937881,0.488332
74403719000,0.34961,0.238614,0.0823102,-0.00426801,-0.0156696,0.000980178,-0.872519,-0.0148431,0.00929807,0.488266
74413719000,0.34957,0.238464,0.0823217,-0.00364545,-0.0144049,0.00133248,-0.872554,-0.0147312,0.00922046,0.488208
74423719000,0.349536,0.238324,0.082336,-0.00317536,-0.013451,0.00151644,-0.872585,-0.014609,0.00914691,0.488157
74433719000,0.349507,0.238196,0.0823527,-0.00261846,-0.0122428,0.001822,-0.872616,-0.0144801,0.00907872,0.488107
74443719000,0.349484,0.238078,0.0823716,-0.00194835,-0.0112364,0.00196799,-0.872645,-0.0143409,0.00900785,0.488061
74453719000,0.349467,0.237971,0.0823921,-0.00139575,-0.0101797,0.00213036,-0.872672,-0.0141902,0.00894616,0.488018
74463719000,0.349456,0.237875,0.082414,-0.000812712,-0.00911316,0.00224417,-0.8727,-0.0140228,0.00887825,0.487974
74473719000,0.349186,0.237508,0.0815117,-0.00136156,-0.00909794,-0.00175542,-0.872725,-0.0138424,0.00881081,0.487936
74483719000,0.349176,0.237421,0.0814946,-0.000689916,-0.00818033,-0.00167142,-0.872749,-0.0136452,0.008741,0.487901
74493719000,0.349172,0.237345,0.0814781,-0.00023942,-0.00706542,-0.00162258,-0.872771,-0.0134327,0.00868117,0.487868
74503719000,0.349173,0.237279,0.0814619,0.000451183,-0.00628103,-0.00162688,-0.872794,-0.0132102,0.00862348,0.487834
74513719000,0.34918,0.23722,0.0814457,0.000993544,-0.00541135,-0.00160428,-0.872813,-0.0129778,0.00857047,0.487808
74523719000,0.349192,0.23717,0.0814299,0.00152484,-0.00459775,-0.00156614,-0.872831,-0.0127306,0.00851316,0.487782
74533719000,0.34921,0.237127,0.0814137,0.00193796,-0.00391761,-0.00166618,-0.872851,-0.012484,0.00845851,0.487754
74543719000,0.34923,0.237092,0.0813966,0.00222282,-0.00318731,-0.00174817,-0.872871,-0.0122332,0.00840362,0.487725
74553719000,0.349255,0.237063,0.0813788,0.00266027,-0.00265013,-0.00183024,-0.872888,-0.0119714,0.00834157,0.487702
74563719000,0.349283,0.237039,0.0813589,0.00306851,-0.00200525,-0.00214148,-0.872904,-0.011697,0.00828695,0.487682
74573719000,0.349316,0.237023,0.0813361,0.00350917,-0.00130156,-0.00241673,-0.872917,-0.0114057,0.00822718,0.487666
74583719000,0.349353,0.237013,0.0813101,0.00381037,-0.000714435,-0.00279034,-0.872932,-0.0111091,0.00816419,0.487648
74593719000,0.349266,0.23695,0.0803683,0.00356079,-0.000476157,-0.00675499,-0.872944,-0.0108037,0.00809466,0.487633
74603719000,0.349302,0.236947,0.0802992,0.00367453,-0.00016202,-0.0070495,-0.872957,-0.0104961,0.00803039,0.487617
74613719000,0.349242,0.236865,0.0796812,0.00361383,-4.24278e-05,-0.00956877,-0.872968,-0.0101845,0.00797028,0.487606
74623719000,0.34928,0.236866,0.079583,0.00392498,0.000210026,-0.010056,-0.87298,-0.00987046,0.00790742,0.487592
74633719000,0.34932,0.236869,0.0794796,0.00407606,0.000355453,-0.0106355,-0.872992,-0.00954586,0.00783839,0.487577
74643719000,0.349362,0.236873,0.0793709,0.00421844,0.000543026,-0.0110922,-0.873002,-0.0092204,0.00776884,0.487567
74653719000,0.349403,0.236879,0.0792579,0.00414182,0.000532071,-0.0115203,-0.873013,-0.00889171,0.00770133,0.487555
74663719000,0.349445,0.236884,0.0791394,0.00424831,0.000566659,-0.0121729,-0.873025,-0.00855255,0.00763251,0.48754
74673719000,0.349489,0.236891,0.0790149,0.00439738,0.000754507,-0.0127189,-0.873038,-0.00820957,0.00757145,0.487524
74683719000,0.349533,0.236898,0.0788836,0.00454126,0.000769201,-0.0135427,-0.873048,-0.0078714,0.00751585,0.487513
74693719000,0.349787,0.237354,0.0786319,0.0051354,0.00233252,-0.0147329,-0.87306,-0.00753591,0.00745143,0.487498
74703719000,0.349837,0.237377,0.0784806,0.00500497,0.00210387,-0.0155248,-0.873071,-0.00719153,0.00739383,0.487484
74713719000,0.349887,0.237397,0.0783205,0.00482321,0.00187499,-0.0164928,-0.873081,-0.00685014,0.00733411,0.487472
74723719000,0.349935,0.237414,0.0781515,0.00477016,0.0016324,-0.0173033,-0.873097,-0.00650168,0.00727552,0.487449
74733719000,0.349981,0.237429,0.0779738,0.00455719,0.00131081,-0.0182437,-0.873114,-0.00615512,0.00721753,0.487424
74743719000,0.350026,0.23744,0.0777868,0.00435236,0.000892272,-0.0191649,-0.873126,-0.00581602,0.00716534,0.487407
74753719000,0.350068,0.237447,0.0775905,0.00408887,0.000441312,-0.0200917,-0.87314,-0.00549007,0.00711018,0.487387
74763719000,0.350107,0.237448,0.0773848,0.00380109,-5.76394e-05,-0.0210468,-0.87315,-0.00515912,0.00705312,0.487374
74773719000,0.350144,0.237444,0.0771697,0.0034833,-0.000764751,-0.02197,-0.873159,-0.00482822,0.0069941,0.487362
74783719000,0.350176,0.237434,0.0769449,0.0030328,-0.00135511,-0.0229905,-0.873168,-0.00450632,0.0069363,0.48735
74793719000,0.350575,0.238156,0.0775734,0.00381171,0.000666427,-0.0206977,-0.873179,-0.00419614,0.00687318,0.487333
74803719000,0.350611,0.238159,0.0773617,0.00333667,-7.47072e-05,-0.0216505,-0.873191,-0.00388499,0.00681014,0.487316
74813719000,0.350937,0.238707,0.0778012,0.0036419,0.0013367,-0.020049,-0.873203,-0.00358472,0.00675609,0.487296
74823719000,0.35097,0.238716,0.0775964,0.00305888,0.00044088,-0.0209106,-0.873214,-0.00329095,0.006704,0.48728
74833719000,0.350999,0.238716,0.0773826,0.00261041,-0.000349193,-0.0218373,-0.873225,-0.00300335,0.00665223,0.487263
74843719000,0.351022,0.238708,0.0771591,0.00205087,-0.00134082,-0.0228566,-0.873236,-0.00272214,0.00659804,0.487245
74853719000,0.35104,0.23869,0.0769253,0.00158451,-0.00224206,-0.0239075,-0.873248,-0.00243654,0.00654157,0.487225
74863719000,0.351054,0.238664,0.0766821,0.00116728,-0.00298141,-0.0247387,-0.873259,-0.00215851,0.00648702,0.487209
74873719000,0.351063,0.23863,0.0764304,0.000567763,-0.00383679,-0.0255924,-0.87327,-0.00187651,0.00643328,0.48719
74883719000,0.351064,0.238587,0.0761701,-0.000254581,-0.00468395,-0.0264839,-0.873279,-0.00160946,0.0063806,0.487176
74893719000,0.351058,0.238536,0.0759021,-0.000960615,-0.00559239,-0.0271069,-0.873291,-0.00134481,0.00632542,0.487156
74903719000,0.351045,0.238475,0.0756274,-0.00172987,-0.00653757,-0.0278371,-0.873301,-0.00108747,0.00626648,0.48714
74913719000,0.351023,0.238405,0.0753452,-0.00259906,-0.00740378,-0.0286037,-0.873311,-0.000844884,0.006202,0.487123
74923719000,0.351727,0.239182,0.0769238,-0.000464469,-0.00512093,-0.0222349,-0.87332,-0.000602676,0.00614175,0.487107
74933719000,0.35172,0.239126,0.0766982,-0.00093386,-0.00609771,-0.0228846,-0.873331,-0.000360638,0.00608673,0.487089
74943719000,0.351708,0.239062,0.0764663,-0.00156519,-0.00685522,-0.0235074,-0.873343,-0.000124334,0.00602801,0.487069
74953719000,0.351689,0.238988,0.0762288,-0.002189,-0.00782397,-0.0239883,-0.873352,0.000106515,0.00596881,0.487052
74963719000,0.351663,0.238906,0.0759859,-0.00293673,-0.00869067,-0.0245869,-0.873361,0.000332707,0.00591239,0.487038
74973719000,0.351632,0.238815,0.0757374,-0.00344163,-0.00948125,-0.0251099,-0.873369,0.000543675,0.00585791,0.487023
74983719000,0.351594,0.238715,0.0754839,-0.00406529,-0.0104935,-0.0256047,-0.873378,0.000752297,0.00580291,0.487007
74993719000,0.35155,0.238606,0.0752257,-0.00474909,-0.011313,-0.0260262,-0.873387,0.000956352,0.00574748,0.486992
75003719000,0.351501,0.238488,0.0749642,-0.0051028,-0.0122419,-0.0262734,-0.873395,0.00115553,0.00569544,0.486977
75013719000,0.351448,0.238361,0.0746998,-0.00551687,-0.0130874,-0.0266189,-0.873405,0.00134691,0.0056478,0.486959
75023719000,0.352027,0.238842,0.0769629,-0.00382528,-0.011729,-0.0175514,-0.873416,0.00153213,0.00559658,0.48694
75033719000,0.351986,0.238722,0.0767867,-0.00424254,-0.0123606,-0.0176909,-0.873426,0.00170687,0.00554619,0.486922
75043719000,0.352402,0.239069,0.0782115,-0.00300513,-0.0113623,-0.012015,-0.873435,0.00187112,0.00549693,0.486905
75053719000,0.35237,0.238953,0.0780912,-0.00332773,-0.0119861,-0.0120431,-0.873444,0.00202671,0.00545107,0.48689
75063719000,0.352335,0.23883,0.077971,-0.00374516,-0.0125885,-0.0119958,-0.873449,0.00216476,0.0054056,0.486882
75073719000,0.352296,0.238701,0.0778514,-0.00404585,-0.0131675,-0.0119376,-0.873456,0.00229209,0.00536423,0.486868
75083719000,0.352254,0.238567,0.0777327,-0.00434754,-0.0137115,-0.0117972,-0.873467,0.0024139,0.00532671,0.486848
75093719000,0.352209,0.238426,0.0776165,-0.00470326,-0.014311,-0.0114471,-0.873477,0.00252281,0.00529365,0.486831
75103719000,0.35216,0.238281,0.0775041,-0.00491521,-0.0148387,-0.0110311,-0.873487,0.00262141,0.00526394,0.486812
75113719000,0.352109,0.23813,0.0773958,-0.00535809,-0.0153371,-0.0106285,-0.873496,0.00270765,0.00523227,0.486795
75123719000,0.352055,0.237975,0.0772915,-0.00548145,-0.0157291,-0.0102382,-0.873508,0.00278467,0.00520214,0.486774
75133719000,0.352307,0.237927,0.0787963,-0.00465752,-0.015716,-0.00386828,-0.873519,0.00285549,0.0051775,0.486753
75143719000,0.352259,0.237767,0.0787606,-0.00499563,-0.016253,-0.00327894,-0.873532,0.00291193,0.00515209,0.486731
75153719000,0.35221,0.237603,0.0787311,-0.0049436,-0.0165921,-0.00262881,-0.873542,0.00295648,0.00513319,0.486712
75163719000,0.352159,0.237436,0.0787076,-0.00507062,-0.0167205,-0.00206537,-0.873551,0.00299653,0.00511876,0.486696
75173719000,0.352108,0.237267,0.0786897,-0.00527315,-0.0171134,-0.00151829,-0.873562,0.00302481,0.00511641,0.486676
75183719000,0.352055,0.237095,0.0786782,-0.00532283,-0.0172305,-0.000781657,-0.873572,0.00304104,0.0051109,0.486659
75193719000,0.352001,0.236923,0.0786735,-0.00536023,-0.017315,-0.000149956,-0.873585,0.00305088,0.00509899,0.486636
75203719000,0.351948,0.236749,0.0786751,-0.00539345,-0.0173839,0.000461351,-0.8736,0.00305696,0.00509143,0.486609
75213719000,0.351893,0.236576,0.0786842,-0.00545983,-0.0173665,0.00136581,-0.873613,0.00305758,0.00509158,0.486586
75223719000,0.35184,0.236401,0.0787017,-0.00527608,-0.0174427,0.00213108,-0.873626,0.00305621,0.00510517,0.486561
75233719000,0.351788,0.236227,0.0787277,-0.00496406,-0.0174282,0.0030714,-0.873639,0.00303984,0.00512375,0.486538
75243719000,0.35174,0.236052,0.0787628,-0.00476868,-0.0174993,0.00395517,-0.873653,0.00301362,0.00513655,0.486512
75253719000,0.351838,0.235601,0.0794908,-0.00394699,-0.018314,0.0071735,-0.873667,0.00298007,0.00515022,0.486488
75263719000,0.351799,0.235418,0.0795669,-0.00380432,-0.0183556,0.00804124,-0.873681,0.0029444,0.00516766,0.486463
75273719000,0.351823,0.235056,0.0799714,-0.00334001,-0.0188605,0.0100438,-0.873697,0.00289861,0.00518369,0.486434
75283719000,0.351791,0.23487,0.0800759,-0.00303343,-0.0183975,0.0108595,-0.873716,0.00285171,0.00520029,0.486401
75293719000,0.351762,0.234687,0.0801581,-0.00264978,-0.0180562,0.0118051,-0.873732,0.00279999,0.00521917,0.486371
75303719000,0.351737,0.234507,0.0802809,-0.00235614,-0.0179469,0.0127708,-0.873754,0.00274758,0.00523833,0.486332
75313719000,0.351716,0.23433,0.0804132,-0.00193784,-0.0176124,0.0136766,-0.873779,0.00268972,0.00525931,0.486288
75323719000,0.351699,0.234155,0.0805549,-0.00147742,-0.0173246,0.0146763,-0.873803,0.00262217,0.00528068,0.486244
75333719000,0.351686,0.233983,0.0807058,-0.00100151,-0.017009,0.0155,-0.873827,0.00255272,0.00529684,0.486202
75343719000,0.351679,0.233815,0.0808652,-0.000532805,-0.0165615,0.016368,-0.87385,0.00248559,0.00532202,0.48616
75353719000,0.351521,0.233162,0.0805497,-0.000873018,-0.0177289,0.0147721,-0.873873,0.00242774,0.00534321,0.48612
75363719000,0.351513,0.232987,0.0807019,-0.000562975,-0.0172939,0.0156836,-0.873897,0.00236795,0.0053669,0.486075
75373719000,0.35151,0.232816,0.0808631,-8.5629e-05,-0.016864,0.0165446,-0.873922,0.00230592,0.00538969,0.486031
75383719000,0.351512,0.232651,0.0810321,0.000513322,-0.0162723,0.0172499,-0.873947,0.00225205,0.00540729,0.485986
75393719000,0.351519,0.232491,0.0812077,0.00091071,-0.0156899,0.0178717,-0.873971,0.00219797,0.0054225,0.485942
75403719000,0.35153,0.232337,0.08139,0.00125751,-0.0151491,0.0185865,-0.873998,0.00215421,0.00543202,0.485894
75413719000,0.351546,0.232189,0.0815795,0.00189628,-0.0143679,0.0193253,-0.874024,0.00211778,0.00544305,0.485847
75423719000,0.351568,0.232049,0.0817755,0.00246105,-0.013726,0.0198698,-0.874053,0.00208306,0.00545449,0.485795
75433719000,0.351595,0.231915,0.0819779,0.00305147,-0.0130288,0.0206064,-0.874081,0.00205336,0.00546694,0.485746
75443719000,0.351629,0.231789,0.0821876,0.0036458,-0.0122447,0.0213326,-0.874109,0.00202544,0.00548144,0.485695
75453719000,0.351668,0.231671,0.0824048,0.00425965,-0.011364,0.022124,-0.874137,0.00200356,0.005497,0.485644
75463719000,0.351492,0.231037,0.0811277,0.00384243,-0.012587,0.0159981,-0.874166,0.00199016,0.00551703,0.485591
75473719000,0.351377,0.230558,0.080332,0.00371878,-0.012994,0.0122081,-0.874194,0.00197718,0.00553583,0.485541
75483719000,0.351417,0.230433,0.0804558,0.00438987,-0.0121859,0.0125642,-0.874224,0.00197392,0.00555256,0.485486
75493719000,0.351464,0.230315,0.0805836,0.0049102,-0.0113889,0.0129965,-0.874253,0.00198108,0.00556564,0.485434
75503719000,0.351515,0.230205,0.0807157,0.00527434,-0.0105838,0.0134151,-0.874284,0.00198438,0.00557772,0.485378
75513719000,0.35157,0.230103,0.0808521,0.00573141,-0.0096917,0.0138681,-0.874315,0.00199764,0.00558796,0.485324
75523719000,0.35163,0.23001,0.0809926,0.00631158,-0.00892984,0.0142274,-0.874347,0.00201884,0.00559846,0.485265
75533719000,0.351694,0.229926,0.0811366,0.00659231,-0.00798378,0.0145712,-0.874378,0.00204876,0.00560773,0.485208
75543719000,0.351762,0.229851,0.0812843,0.00687042,-0.00696922,0.0149759,-0.874407,0.00208415,0.00561296,0.485156
75553719000,0.351832,0.229786,0.0814351,0.00727551,-0.00613656,0.0151814,-0.874437,0.00213206,0.0056114,0.485101
75563719000,0.35195,0.229279,0.0801219,0.00784371,-0.00678011,0.00911626,-0.874466,0.00217858,0.00562107,0.485049
75573719000,0.35203,0.229217,0.0802143,0.00807479,-0.00573412,0.00936055,-0.874494,0.00222942,0.00563199,0.484998
75583719000,0.352111,0.229164,0.0803086,0.00824489,-0.00479119,0.0094895,-0.87452,0.00228223,0.00564523,0.484952
75593719000,0.352194,0.229122,0.0804045,0.00829905,-0.00364631,0.00968585,-0.874543,0.00233775,0.00565226,0.484909
75603719000,0.352277,0.22909,0.0805021,0.00828487,-0.00272502,0.00984618,-0.874567,0.00239571,0.00565703,0.484866
75613719000,0.35236,0.229067,0.0806008,0.0083169,-0.00188408,0.00988752,-0.87459,0.00246809,0.00566348,0.484825
75623719000,0.352443,0.229053,0.0807001,0.00835352,-0.000948697,0.00996595,-0.874611,0.00253836,0.00567922,0.484786
75633719000,0.352526,0.229048,0.0808001,0.00808628,-4.07144e-05,0.0100361,-0.874632,0.00260747,0.00568563,0.484747
75643719000,0.352605,0.229052,0.0809002,0.0078868,0.000842355,0.00999937,-0.874651,0.00268148,0.00569368,0.484713
75653719000,0.352683,0.229064,0.0809996,0.00771154,0.0016676,0.00986516,-0.87467,0.00275633,0.00570059,0.484677
75663719000,0.35276,0.229085,0.0810975,0.00750627,0.00235233,0.00972987,-0.874689,0.00283309,0.00570228,0.484643
75673719000,0.352832,0.229111,0.0811935,0.00704972,0.0030127,0.00945621,-0.874707,0.00290763,0.00570692,0.484609
75683719000,0.353248,0.228862,0.079698,0.00791152,0.00258024,0.00294704,-0.874725,0.00298082,0.00571502,0.484576
75693719000,0.353556,0.228686,0.0787802,0.00828491,0.00251183,-0.000791156,-0.874743,0.00305341,0.00572658,0.484544
75703719000,0.353636,0.228714,0.078771,0.00771592,0.00310165,-0.00104515,-0.874756,0.00312736,0.00573744,0.484519
75713719000,0.353711,0.228748,0.0787593,0.00724369,0.00366478,-0.00129718,-0.87477,0.00319854,0.00575051,0.484493
75723719000,0.35378,0.228788,0.0787449,0.00657273,0.0042787,-0.00159615,-0.874781,0.00325758,0.00576388,0.484473
75733719000,0.353842,0.228832,0.0787281,0.00582799,0.00461595,-0.00175935,-0.874791,0.00332102,0.00577796,0.484455
75743719000,0.353897,0.228881,0.0787095,0.00512776,0.00502503,-0.001958,-0.874803,0.00338669,0.00578982,0.484433
75753719000,0.353944,0.228932,0.0786881,0.00432963,0.00529433,-0.00231776,-0.874811,0.00344234,0.00581161,0.484418
75763719000,0.353983,0.228987,0.0786628,0.00339123,0.00568354,-0.00274463,-0.874818,0.00349868,0.00583339,0.484404
75773719000,0.354011,0.229045,0.0786343,0.00237323,0.00581796,-0.00294959,-0.874826,0.00354704,0.00586263,0.484389
75783719000,0.35403,0.229103,0.0786042,0.00140873,0.00584202,-0.00308508,-0.874833,0.00358998,0.00588676,0.484375
75793719000,0.354039,0.229162,0.0785717,0.000303779,0.00589147,-0.00340458,-0.874842,0.0036292,0.00592389,0.484359
75803719000,0.354829,0.229449,0.0778485,0.00210112,0.00663541,-0.00633551,-0.874849,0.00366502,0.00596294,0.484345
75813719000,0.354844,0.229515,0.0777837,0.000928677,0.0065104,-0.00662047,-0.874856,0.00368708,0.00600214,0.484332
75823719000,0.354847,0.229579,0.0777159,-0.000341673,0.00637668,-0.00694198,-0.874861,0.00370705,0.00604395,0.484323
75833719000,0.354837,0.229642,0.077645,-0.00171573,0.00608641,-0.00724218,-0.874867,0.00372636,0.00608649,0.48431
75843719000,0.354813,0.229702,0.0775714,-0.0030989,0.00599562,-0.00748405,-0.874873,0.00373763,0.00613528,0.484299
75853719000,0.354775,0.22976,0.0774952,-0.00438583,0.00559008,-0.00775683,-0.87488,0.00374299,0.00618346,0.484286
75863719000,0.354724,0.229813,0.0774158,-0.00580592,0.00500194,-0.00811387,-0.87489,0.00374333,0.00624189,0.484267
75873719000,0.354661,0.22986,0.0773333,-0.00693477,0.00444933,-0.00839364,-0.8749,0.00373631,0.0063019,0.484249
75883719000,0.354584,0.229901,0.0772477,-0.00828272,0.00368465,-0.00871816,-0.874909,0.00372347,0.00636517,0.484231
75893719000,0.354494,0.229935,0.07716,-0.00987737,0.00315709,-0.00882752,-0.874921,0.00369798,0.00643337,0.484209
75903719000,0.355358,0.230674,0.0769043,-0.00807642,0.00501271,-0.00966577,-0.874934,0.00367393,0.0064981,0.484184
75913719000,0.35527,0.23072,0.0768064,-0.00947697,0.00423197,-0.00992483,-0.87495,0.00365008,0.00656259,0.484156
75923719000,0.35596,0.23129,0.0766309,-0.00803741,0.00529442,-0.0103789,-0.874961,0.00361977,0.00663663,0.484134
75933719000,0.355873,0.231337,0.0765262,-0.00940228,0.00420637,-0.0105565,-0.874977,0.00357858,0.00671487,0.484105
75943719000,0.355772,0.231374,0.0764192,-0.0108632,0.00321406,-0.0108334,-0.874994,0.00352566,0.00678817,0.484074
75953719000,0.355656,0.231401,0.07631,-0.0122838,0.00218424,-0.0110238,-0.875011,0.00346572,0.00686587,0.484041
75963719000,0.355527,0.231417,0.0761995,-0.0134776,0.000961843,-0.0110779,-0.875029,0.00340933,0.00693987,0.484008
75973719000,0.355386,0.231421,0.0760886,-0.0147565,-0.000215801,-0.0110929,-0.875051,0.0033456,0.00702026,0.483968
75983719000,0.355232,0.231412,0.0759769,-0.0160005,-0.00150268,-0.0112512,-0.875074,0.00328308,0.00710184,0.483926
75993719000,0.355066,0.231391,0.075864,-0.0173283,-0.00270563,-0.0113227,-0.8751,0.00321189,0.0071877,0.483879
76003719000,0.354887,0.231357,0.0757502,-0.0183325,-0.00410205,-0.0114392,-0.875128,0.00313734,0.00727637,0.483826
76013719000,0.355343,0.232093,0.0758882,-0.0170559,-0.00266272,-0.0107581,-0.875154,0.00304888,0.00736202,0.483778
76023719000,0.355167,0.23206,0.0757806,-0.0181218,-0.00398995,-0.0107774,-0.875182,0.00295225,0.00745013,0.483728
76033719000,0.354981,0.232013,0.0756717,-0.0190952,-0.00539291,-0.0109945,-0.875212,0.00284649,0.00754206,0.483673
76043719000,0.354785,0.231952,0.0755609,-0.0199272,-0.00680057,-0.0111672,-0.875245,0.00272732,0.00762606,0.483612
76053719000,0.354582,0.231877,0.0754491,-0.0206529,-0.00813938,-0.0111843,-0.875278,0.00259876,0.00772032,0.483552
76063719000,0.354372,0.231789,0.075337,-0.0214004,-0.00947234,-0.01124,-0.875312,0.00246931,0.00781043,0.483489
76073719000,0.354154,0.231687,0.0752236,-0.0222736,-0.0108928,-0.0114374,-0.875348,0.00233683,0.00790175,0.483423
76083719000,0.353928,0.231571,0.0751097,-0.0228962,-0.0123921,-0.0113452,-0.875385,0.00219575,0.00798903,0.483355
76093719000,0.353697,0.23144,0.074996,-0.0233074,-0.0137806,-0.0113908,-0.875423,0.00204414,0.0080791,0.483286
76103719000,0.353461,0.231295,0.0748825,-0.0239074,-0.0152082,-0.0113214,-0.875461,0.00188532,0.00817233,0.483216
76113719000,0.353221,0.231136,0.0747683,-0.0241673,-0.0166189,-0.0115115,-0.8755,0.0017146,0.00827212,0.483144
76123719000,0.352978,0.230963,0.0746528,-0.0244502,-0.0179214,-0.0115889,-0.875541,0.00153894,0.0083714,0.483068
76133719000,0.352831,0.231942,0.0751149,-0.0243484,-0.0151318,-0.00957521,-0.875583,0.00134923,0.00846302,0.482991
76143719000,0.352661,0.232562,0.0753686,-0.0241909,-0.0137094,-0.00827881,-0.875624,0.00115088,0.00855512,0.482916
76153719000,0.352419,0.232419,0.0752857,-0.0241521,-0.0148311,-0.00828743,-0.875667,0.000940293,0.00864527,0.482836
76163719000,0.352178,0.232265,0.0752034,-0.0240342,-0.0159515,-0.00817241,-0.875711,0.0007254,0.00873082,0.482757
76173719000,0.351939,0.232101,0.0751221,-0.0236401,-0.0169437,-0.00809848,-0.875751,0.000512547,0.0088183,0.482682
76183719000,0.351705,0.231926,0.0750416,-0.0232696,-0.0180613,-0.00800289,-0.875793,0.000296032,0.00889834,0.482605
76193719000,0.351474,0.231739,0.0749627,-0.0229872,-0.0192654,-0.00776621,-0.875834,7.29276e-05,0.00898339,0.48253
76203719000,0.351246,0.23154,0.0748859,-0.0226103,-0.0204511,-0.00760484,-0.875876,-0.000156407,0.00906931,0.482451
76213719000,0.351022,0.231331,0.0748095,-0.0221363,-0.0215359,-0.00767415,-0.875918,-0.000389275,0.00914403,0.482373
76223719000,0.350803,0.231111,0.074733,-0.0215715,-0.0223133,-0.00762189,-0.875964,-0.000621303,0.00921136,0.482288
76233719000,0.35,0.231202,0.0750234,-0.023008,-0.0221136,-0.00622164,-0.876005,-0.000860282,0.00927661,0.482212
76243719000,0.349774,0.230977,0.0749613,-0.02221,-0.0228503,-0.00618076,-0.876047,-0.00110304,0.00933835,0.482135
76253719000,0.349555,0.230744,0.0748999,-0.0215389,-0.0236939,-0.00611542,-0.876087,-0.0013493,0.00940108,0.482059
76263719000,0.349344,0.230504,0.0748402,-0.0206079,-0.0244456,-0.00582092,-0.876129,-0.00159856,0.00945235,0.481982
76273719000,0.349143,0.230256,0.0747818,-0.019616,-0.025104,-0.00584648,-0.876169,-0.00184805,0.00949808,0.481907
76283719000,0.348951,0.230003,0.0747232,-0.0187322,-0.0255351,-0.00588255,-0.876209,-0.00210022,0.00954548,0.481832
76293719000,0.348769,0.229746,0.0746654,-0.0177577,-0.0258482,-0.00568507,-0.876248,-0.00235552,0.00959027,0.481759
76303719000,0.348596,0.229485,0.0746091,-0.0168509,-0.0263805,-0.00556163,-0.876286,-0.00260508,0.00962551,0.481687
76313719000,0.348432,0.229219,0.0745536,-0.0159073,-0.0268168,-0.0055537,-0.876322,-0.00285304,0.00965648,0.481621
76323719000,0.348278,0.22895,0.0744984,-0.0149411,-0.0269807,-0.00547497,-0.876357,-0.00309782,0.00967933,0.481555
76333719000,0.348133,0.228679,0.0744439,-0.0139472,-0.0271232,-0.00543314,-0.87639,-0.00333682,0.0096998,0.481493
76343719000,0.347999,0.228408,0.074389,-0.0129829,-0.0271246,-0.00553325,-0.876423,-0.00357729,0.00971167,0.48143
76353719000,0.34659,0.228015,0.0745736,-0.0164315,-0.0273586,-0.00472222,-0.876456,-0.00380618,0.00971215,0.481369
76363719000,0.346432,0.227742,0.0745262,-0.015166,-0.0273406,-0.00474382,-0.876488,-0.00403727,0.00971142,0.48131
76373719000,0.345348,0.227379,0.074629,-0.0173849,-0.0274922,-0.00411186,-0.876519,-0.0042653,0.00970822,0.481251
76383719000,0.345179,0.227105,0.0745864,-0.0164628,-0.0274322,-0.00440665,-0.876548,-0.00448638,0.00969537,0.481195
76393719000,0.345019,0.226833,0.0768226,-0.0153653,-0.0269454,-0.00394006,-0.876575,-0.00471146,0.00967868,0.481145
76403719000,0.344871,0.226565,0.0767827,-0.0142962,-0.026575,-0.00405009,-0.876603,-0.00492495,0.00966425,0.481091
76413719000,0.344733,0.226301,0.0767407,-0.0133124,-0.0261725,-0.0043399,-0.87663,-0.0051406,0.00963688,0.481042
76423719000,0.344605,0.226041,0.0766966,-0.0122645,-0.0257812,-0.00448546,-0.876653,-0.00534647,0.00959971,0.480997
76433719000,0.344487,0.225786,0.0766504,-0.0113276,-0.0252498,-0.00475025,-0.876678,-0.00555138,0.00956235,0.480951
76443719000,0.344379,0.225537,0.076601,-0.0103811,-0.0246619,-0.00513973,-0.876701,-0.00574793,0.00951669,0.480907
76453719000,0.34428,0.225293,0.0765476,-0.00932356,-0.0240241,-0.00553974,-0.876723,-0.00593902,0.00946737,0.480865
76463719000,0.344191,0.225057,0.0764896,-0.00854411,-0.0232407,-0.00604749,-0.876744,-0.00611331,0.00941063,0.480826
76473719000,0.343999,0.224046,0.0765661,-0.00814052,-0.0253313,-0.00581638,-0.876765,-0.00628121,0.00935302,0.480787
76483719000,0.343921,0.223796,0.0765054,-0.00754889,-0.0246391,-0.00632327,-0.876784,-0.00644362,0.00928829,0.480752
76493719000,0.343849,0.223553,0.0764404,-0.00681383,-0.0238968,-0.0066753,-0.876802,-0.00660385,0.00922059,0.480717
76503719000,0.343784,0.223318,0.0763715,-0.00623755,-0.0232003,-0.00709434,-0.876823,-0.00675829,0.00915028,0.480679
76513719000,0.343724,0.22309,0.0762978,-0.00567107,-0.0223837,-0.00765599,-0.876841,-0.0068997,0.00908269,0.480645
76523719000,0.34367,0.222869,0.0762182,-0.00511957,-0.0217216,-0.0082465,-0.876862,-0.00703839,0.00900887,0.480606
76533719000,0.343621,0.222657,0.0761315,-0.00462033,-0.0207202,-0.00909534,-0.876882,-0.00717317,0.00892994,0.48057
76543719000,0.343577,0.222455,0.0760372,-0.0043389,-0.0197137,-0.00976735,-0.876902,-0.00729795,0.00883774,0.480533
76553719000,0.343535,0.222263,0.075936,-0.00396088,-0.0187022,-0.0104703,-0.87692,-0.00742717,0.00875361,0.480499
76563719000,0.344016,0.221318,0.0763198,-0.00197041,-0.0205766,-0.00895238,-0.876938,-0.00754766,0.00867804,0.480466
76573719000,0.343997,0.221116,0.0762266,-0.00177329,-0.0196177,-0.00968696,-0.876958,-0.00766816,0.00860159,0.480429
76583719000,0.344288,0.220335,0.0765123,-0.000594755,-0.0208235,-0.00881145,-0.876978,-0.00778197,0.0085296,0.480391
76593719000,0.344283,0.220131,0.0764199,-0.000384999,-0.0199819,-0.00966499,-0.876998,-0.00788841,0.00845627,0.480354
76603719000,0.344279,0.219936,0.0763188,-0.000579453,-0.0190159,-0.0105656,-0.877018,-0.00798842,0.00838155,0.480319
76613719000,0.344272,0.219751,0.0762089,-0.000676249,-0.0179828,-0.011405,-0.87704,-0.0080767,0.00830491,0.480278
76623719000,0.344266,0.219575,0.0760904,-0.000629807,-0.0172609,-0.0122988,-0.877062,-0.00815727,0.00823386,0.480238
76633719000,0.344259,0.219406,0.0759633,-0.000733809,-0.0164904,-0.0131158,-0.877086,-0.00823781,0.00817194,0.480193
76643719000,0.34425,0.219245,0.0758281,-0.000965151,-0.0157511,-0.013936,-0.877111,-0.00830921,0.00811577,0.480146
76653719000,0.34424,0.219092,0.0756834,-0.00113832,-0.0148556,-0.0149923,-0.877139,-0.0083879,0.00805471,0.480096
76663719000,0.344227,0.218947,0.0755286,-0.00139573,-0.0140933,-0.0159701,-0.87717,-0.00846357,0.00799351,0.480038
76673719000,0.344211,0.21881,0.0753651,-0.0018883,-0.0133798,-0.0167231,-0.877202,-0.00853748,0.00794473,0.47998
76683719000,0.34419,0.218679,0.0751941,-0.00223104,-0.01284,-0.0174826,-0.877235,-0.00860185,0.00790288,0.479919
76693719000,0.345007,0.218231,0.0763372,0.00034458,-0.0131656,-0.0129419,-0.877268,-0.00866316,0.00786766,0.479857
76703719000,0.345008,0.218102,0.0762037,-0.000125951,-0.0126358,-0.0137622,-0.877303,-0.00872367,0.00784156,0.479793
76713719000,0.345004,0.217978,0.0760615,-0.00066662,-0.0121527,-0.0146736,-0.877338,-0.00877685,0.00781786,0.47973
76723719000,0.344995,0.217858,0.0759109,-0.00128946,-0.0118386,-0.015446,-0.877376,-0.00883028,0.00778801,0.479659
76733719000,0.344978,0.217743,0.0757527,-0.00198769,-0.0112005,-0.0161933,-0.877416,-0.00887843,0.0077703,0.479584
76743719000,0.344955,0.217633,0.0755878,-0.00270993,-0.0107551,-0.0167826,-0.877456,-0.00892341,0.00775123,0.479511
76753719000,0.344924,0.217528,0.0754167,-0.00353754,-0.010235,-0.0174511,-0.877497,-0.00896507,0.007739,0.479435
76763719000,0.344886,0.217427,0.0752397,-0.00405005,-0.00997364,-0.0179346,-0.877541,-0.00899674,0.00772617,0.479356
76773719000,0.344842,0.217329,0.0750576,-0.00462996,-0.00960677,-0.0184894,-0.877586,-0.00903676,0.00772232,0.479272
76783719000,0.344792,0.217235,0.0748699,-0.00537984,-0.00921895,-0.0190478,-0.877633,-0.00906898,0.0077217,0.479185
76793719000,0.345827,0.21719,0.0768781,-0.00227071,-0.00881156,-0.0110241,-0.877682,-0.00911091,0.0077188,0.479094
76803719000,0.346509,0.217116,0.0781377,-0.000447315,-0.00857912,-0.00597276,-0.877732,-0.00914045,0.00773108,0.479003
76813719000,0.3465,0.217031,0.0780768,-0.00126597,-0.00840601,-0.00621867,-0.877783,-0.00915961,0.00774193,0.478908
76823719000,0.346485,0.216947,0.0780127,-0.00168534,-0.00831257,-0.00658911,-0.877834,-0.00917871,0.00775283,0.478814
76833719000,0.346465,0.216865,0.0779457,-0.00235104,-0.0080824,-0.00682187,-0.877884,-0.00919879,0.00777548,0.478722
76843719000,0.346438,0.216785,0.0778766,-0.00315295,-0.00805413,-0.00700235,-0.877934,-0.00920864,0.00779123,0.47863
76853719000,0.346403,0.216704,0.0778067,-0.00376987,-0.00797723,-0.00696492,-0.877986,-0.00922551,0.00781091,0.478534
76863719000,0.346362,0.216624,0.0777374,-0.00435182,-0.00803179,-0.00690106,-0.878036,-0.00923642,0.00783594,0.478441
76873719000,0.346316,0.216545,0.0776691,-0.00486928,-0.00784429,-0.00676055,-0.878085,-0.00924357,0.00786485,0.47835
76883719000,0.346265,0.216468,0.0776033,-0.00544969,-0.00761124,-0.00638968,-0.878138,-0.00923715,0.00790082,0.478253
76893719000,0.346208,0.216391,0.077541,-0.00587672,-0.00766281,-0.00607823,-0.87819,-0.00922933,0.00793581,0.478156
76903719000,0.346148,0.216315,0.0774817,-0.00615295,-0.0075796,-0.00578591,-0.87824,-0.00922413,0.00797472,0.478065
76913719000,0.346643,0.216592,0.0792343,-0.00449076,-0.00605235,0.00157289,-0.878288,-0.00922143,0.0080153,0.477977
76923719000,0.346595,0.216532,0.0792524,-0.00494634,-0.00592787,0.00206157,-0.878335,-0.00920947,0.00805236,0.477889
76933719000,0.346545,0.216472,0.0792757,-0.00518206,-0.00596799,0.00259461,-0.878381,-0.00919821,0.00809566,0.477804
76943719000,0.346493,0.216414,0.0793047,-0.00524525,-0.00577978,0.0032095,-0.878426,-0.00918394,0.00813089,0.477722
76953719000,0.346439,0.216356,0.0793408,-0.00550366,-0.00570777,0.00400843,-0.878468,-0.0091762,0.00817053,0.477644
76963719000,0.346383,0.2163,0.0793856,-0.00573604,-0.00554055,0.00495342,-0.878508,-0.00916554,0.00820841,0.47757
76973719000,0.346325,0.216246,0.0794401,-0.00588677,-0.00528023,0.00593147,-0.878544,-0.00915596,0.00824842,0.477502
76983719000,0.346266,0.216194,0.0795048,-0.005879,-0.00497587,0.00702174,-0.878581,-0.0091455,0.0082902,0.477434
76993719000,0.346208,0.216146,0.0795801,-0.00575197,-0.00462154,0.00803565,-0.878614,-0.00914032,0.00834042,0.477372
77003719000,0.34615,0.216102,0.0796666,-0.00581732,-0.00432364,0.00925575,-0.878647,-0.00913788,0.00839089,0.47731
77013719000,0.346408,0.216372,0.0807518,-0.00465792,-0.00294618,0.0141659,-0.878676,-0.00913989,0.00844611,0.477257
77023719000,0.346362,0.216344,0.0809002,-0.0046069,-0.00268505,0.0155258,-0.878704,-0.00913913,0.008502,0.477205
77033719000,0.346508,0.216482,0.0815251,-0.00391202,-0.00187816,0.0186496,-0.87873,-0.00914333,0.00855086,0.477155
77043719000,0.346469,0.216464,0.0817194,-0.00370884,-0.00174538,0.0202022,-0.878755,-0.0091519,0.00861298,0.477108
77053719000,0.346433,0.216448,0.0819286,-0.00354715,-0.00132219,0.0216511,-0.878779,-0.00915623,0.00867509,0.477063
77063719000,0.346399,0.216436,0.0821525,-0.00331032,-0.00105242,0.0231295,-0.878803,-0.00916814,0.00873294,0.477017
77073719000,0.346367,0.216427,0.0823911,-0.00308523,-0.000803293,0.0245779,-0.878822,-0.009177,0.00878911,0.47698
77083719000,0.346338,0.21642,0.0826453,-0.00268224,-0.000653238,0.02626,-0.878838,-0.00918673,0.00885012,0.476949
77093719000,0.346312,0.216415,0.0829164,-0.00243211,-0.00023789,0.0279734,-0.87885,-0.00920606,0.00891008,0.476926
77103719000,0.34629,0.216415,0.0832045,-0.00206079,9.69053e-05,0.0296317,-0.878859,-0.00923007,0.00897169,0.476908
77113719000,0.346372,0.216531,0.0825844,-0.00130913,0.000896563,0.0279318,-0.878869,-0.00925758,0.0090388,0.476888
77123719000,0.34636,0.21654,0.0828721,-0.00101586,0.000994168,0.0296061,-0.878878,-0.00928845,0.00910071,0.47687
77133719000,0.346352,0.21655,0.0831773,-0.000676685,0.000980029,0.0314328,-0.878884,-0.00932428,0.00916502,0.476856
77143719000,0.346348,0.21656,0.0835,-0.000117028,0.00108593,0.0331102,-0.878889,-0.00936543,0.00923504,0.476844
77153719000,0.346349,0.216571,0.0838399,0.000340889,0.00108505,0.0348725,-0.878894,-0.00940365,0.00930979,0.476834
77163719000,0.346355,0.216583,0.0841973,0.000853422,0.00133474,0.0366157,-0.878899,-0.00944668,0.0093823,0.476822
77173719000,0.346365,0.216597,0.0845717,0.00118655,0.00146229,0.0382607,-0.878903,-0.00948679,0.00946401,0.476811
77183719000,0.346379,0.216612,0.0849634,0.00162441,0.00152586,0.0400833,-0.878908,-0.00952328,0.00954451,0.476801
77193719000,0.346398,0.216628,0.0853733,0.00204693,0.00157891,0.0418809,-0.878912,-0.00956686,0.00962127,0.47679
77203719000,0.346421,0.216644,0.0858002,0.0025278,0.00170179,0.0435061,-0.878915,-0.00961678,0.00969524,0.476782
77213719000,0.346448,0.21666,0.0862429,0.00303567,0.00150916,0.0450425,-0.878917,-0.00965716,0.00977247,0.476777
77223719000,0.346481,0.216674,0.0867013,0.0034107,0.0013472,0.0466403,-0.878921,-0.00969764,0.00985625,0.476767
77233719000,0.346517,0.216687,0.0871751,0.00378703,0.00126296,0.048111,-0.878926,-0.00973481,0.00994031,0.476756
77243719000,0.346748,0.216974,0.0840193,0.00488312,0.00210007,0.0365014,-0.878933,-0.00977102,0.0100243,0.476739
77253719000,0.346886,0.217167,0.0821301,0.00557289,0.00262294,0.0297582,-0.878941,-0.00981337,0.0101214,0.476721
77263719000,0.346943,0.217192,0.0824336,0.00586036,0.00241508,0.0309478,-0.87895,-0.00984818,0.010214,0.476703
77273719000,0.347005,0.217215,0.0827481,0.00647142,0.00213042,0.0319413,-0.878962,-0.00987502,0.0103063,0.476678
77283719000,0.347071,0.217235,0.0830718,0.0067609,0.00192497,0.03281,-0.878977,-0.00989856,0.0103917,0.476648
77293719000,0.347141,0.217252,0.0834031,0.00721337,0.00157719,0.0334459,-0.878992,-0.00991753,0.0104863,0.476619
77303719000,0.347216,0.217265,0.0837416,0.007665,0.00101466,0.0342489,-0.879009,-0.00993352,0.0105849,0.476584
77313719000,0.347293,0.217272,0.0840871,0.00781034,0.000276114,0.0348609,-0.87903,-0.00994004,0.0106807,0.476542
77323719000,0.347373,0.217273,0.0844383,0.00818003,-2.221e-05,0.0353648,-0.879053,-0.00994165,0.0107702,0.476498
77333719000,0.347456,0.21727,0.0847943,0.00850683,-0.000674983,0.0358365,-0.87908,-0.00992794,0.0108609,0.476447
77343719000,0.347816,0.217697,0.081699,0.00978093,0.00050326,0.0235026,-0.879113,-0.0099094,0.0109513,0.476385
77353719000,0.347915,0.2177,0.0819343,0.0100996,-3.43304e-05,0.0235505,-0.879145,-0.00988266,0.0110425,0.476323
77363719000,0.348017,0.217696,0.0821701,0.010284,-0.000663318,0.023606,-0.879186,-0.0098518,0.0111374,0.476246
77373719000,0.348121,0.217686,0.0824057,0.0105464,-0.00146199,0.0235273,-0.879229,-0.00980595,0.0112374,0.476166
77383719000,0.348227,0.217669,0.0826404,0.0105822,-0.00195816,0.0234006,-0.879274,-0.00975324,0.0113318,0.476082
77393719000,0.348334,0.217646,0.0817672,0.010842,-0.0025906,0.0226489,-0.879322,-0.0096955,0.0114182,0.475992
77403719000,0.348442,0.217617,0.0819919,0.0107374,-0.00316979,0.02229,-0.879374,-0.00962999,0.011504,0.475896
77413719000,0.348549,0.217581,0.0822123,0.0108202,-0.00398547,0.0217899,-0.879428,-0.00955242,0.0115881,0.475796
77423719000,0.348657,0.217537,0.0824272,0.0107596,-0.0047884,0.02119,-0.879488,-0.00946762,0.0116687,0.475684
77433719000,0.348765,0.217486,0.0826346,0.0107332,-0.00555415,0.0202952,-0.87955,-0.00936833,0.0117506,0.47557
77443719000,0.348872,0.217427,0.0828335,0.0106773,-0.006145,0.0194759,-0.879615,-0.00926226,0.0118192,0.47545
77453719000,0.348977,0.217362,0.0830234,0.0104273,-0.00689526,0.0185108,-0.879684,-0.0091507,0.0118929,0.475322
77463719000,0.34908,0.217289,0.0832018,0.0101048,-0.00765569,0.0171734,-0.879756,-0.00903546,0.0119639,0.475189
77473719000,0.34918,0.217209,0.0833681,0.00993042,-0.00842593,0.01607,-0.879831,-0.00891511,0.0120283,0.47505
77483719000,0.349278,0.21712,0.0835218,0.00970947,-0.00928641,0.0146709,-0.879911,-0.00878921,0.0120854,0.474903
77493719000,0.349616,0.218266,0.0817944,0.0102283,-0.00572403,0.00454795,-0.879993,-0.00865769,0.0121421,0.474753
77503719000,0.349716,0.218205,0.0818331,0.00989107,-0.00641808,0.00318957,-0.880076,-0.00851885,0.0121925,0.4746
77513719000,0.349813,0.218137,0.0818571,0.00950267,-0.00714181,0.00160033,-0.880161,-0.00838038,0.0122328,0.474443
77523719000,0.349907,0.218061,0.0818649,0.00923416,-0.00811115,-2.92286e-05,-0.880247,-0.00823349,0.0122731,0.474286
77533719000,0.349998,0.217975,0.0818561,0.00904279,-0.00905169,-0.00173861,-0.880336,-0.00808197,0.0123058,0.474123
77543719000,0.350087,0.217881,0.0818301,0.00866323,-0.00990867,-0.00345816,-0.880425,-0.00792285,0.0123423,0.473959
77553719000,0.350172,0.217778,0.0817858,0.00834016,-0.0106932,-0.00539232,-0.880516,-0.00776838,0.0123728,0.473792
77563719000,0.350254,0.217667,0.0817224,0.00804821,-0.0114021,-0.0072924,-0.880607,-0.00760565,0.0124009,0.473624
77573719000,0.350332,0.21755,0.0816396,0.00769862,-0.0120571,-0.00927406,-0.8807,-0.00744877,0.0124197,0.473453
77583719000,0.350407,0.217426,0.0815371,0.00714947,-0.0127033,-0.0112246,-0.880793,-0.00728909,0.0124316,0.473282
77593719000,0.350476,0.217296,0.0814151,0.00676611,-0.0133437,-0.0131656,-0.880887,-0.00713187,0.0124314,0.473109
77603719000,0.350542,0.217159,0.0812734,0.00634159,-0.0138942,-0.0151796,-0.88098,-0.00697361,0.0124313,0.472938
77613719000,0.350602,0.217019,0.081111,0.00568123,-0.0142629,-0.0173133,-0.881069,-0.00681713,0.0124251,0.472775
77623719000,0.350655,0.216874,0.0809273,0.00504845,-0.0147299,-0.0194262,-0.881158,-0.00665938,0.012412,0.472611
77633719000,0.350703,0.216724,0.080723,0.00448824,-0.0152046,-0.0214341,-0.881247,-0.00649998,0.0123907,0.472449
77643719000,0.350745,0.21657,0.0804988,0.00398264,-0.0156404,-0.023406,-0.881331,-0.00634959,0.0123609,0.472295
77653719000,0.350782,0.216413,0.0802546,0.00342396,-0.0158,-0.0254222,-0.881413,-0.00620327,0.0123245,0.472145
77663719000,0.350814,0.216253,0.0799903,0.00280092,-0.0160862,-0.0274316,-0.881494,-0.00605514,0.0122895,0.471996
77673719000,0.350838,0.216091,0.0797064,0.00205845,-0.0162786,-0.0293603,-0.88157,-0.00591717,0.0122483,0.471857
77683719000,0.350856,0.215927,0.0794033,0.00149768,-0.0166044,-0.0312489,-0.881643,-0.00577856,0.0121911,0.471723
77693719000,0.350868,0.215759,0.0790821,0.000954569,-0.0170081,-0.0330011,-0.881713,-0.00564626,0.0121238,0.471597
77703719000,0.350874,0.215588,0.0787434,0.000263228,-0.0171891,-0.0347317,-0.88178,-0.00551813,0.0120584,0.471475
77713719000,0.350873,0.215415,0.0783872,-0.000384281,-0.0173756,-0.0365185,-0.881841,-0.00539351,0.0119836,0.471364
77723719000,0.350866,0.215241,0.0780136,-0.00104831,-0.0174407,-0.0382039,-0.881898,-0.00526879,0.0119065,0.47126
77733719000,0.353014,0.215789,0.0818156,0.00461512,-0.0154223,-0.0256709,-0.881952,-0.00515031,0.0118259,0.471162
77743719000,0.353056,0.215635,0.0815521,0.00389637,-0.0154116,-0.0270181,-0.882004,-0.00503076,0.0117314,0.471069
77753719000,0.354321,0.215859,0.0836733,0.00696409,-0.0142249,-0.0203608,-0.882051,-0.00492414,0.0116302,0.470985
77763719000,0.354387,0.215716,0.0834638,0.00623605,-0.0142437,-0.0215534,-0.882093,-0.00482409,0.011529,0.47091
77773719000,0.354446,0.215574,0.0832428,0.00551331,-0.0141816,-0.0226335,-0.882128,-0.00473347,0.0114236,0.470847
77783719000,0.354497,0.215433,0.0830115,0.00471826,-0.014049,-0.0236349,-0.882159,-0.00464637,0.0113199,0.470793
77793719000,0.35454,0.215293,0.0827701,0.00374533,-0.0139826,-0.0246332,-0.882186,-0.0045675,0.0112147,0.470746
77803719000,0.354574,0.215154,0.0825201,0.00305618,-0.0137814,-0.0253687,-0.88221,-0.00449315,0.0111006,0.470704
77813719000,0.355469,0.214937,0.0858556,0.00492091,-0.013715,-0.0140901,-0.882232,-0.00442967,0.0109772,0.470666
77823719000,0.355515,0.214801,0.0857118,0.00412754,-0.0135643,-0.0146612,-0.882248,-0.00437635,0.010851,0.470639
77833719000,0.355553,0.214666,0.0855634,0.00355434,-0.0134221,-0.0150148,-0.882262,-0.00432147,0.0107205,0.470617
77843719000,0.355585,0.214533,0.0854116,0.00280428,-0.013145,-0.0153551,-0.882273,-0.00426861,0.0105909,0.470599
77853719000,0.355609,0.214402,0.085257,0.0019611,-0.0129353,-0.0155543,-0.882281,-0.00423068,0.0104633,0.470587
77863719000,0.355623,0.214275,0.0851012,0.000909309,-0.0125836,-0.0156036,-0.882283,-0.00420358,0.0103325,0.470588
77873719000,0.355628,0.214151,0.0849457,9.98091e-05,-0.0122395,-0.0154972,-0.882281,-0.00417957,0.0101969,0.470594
77883719000,0.355626,0.214029,0.0847909,-0.000566278,-0.0120916,-0.0154689,-0.882277,-0.00416524,0.0100622,0.470605
77893719000,0.355616,0.21391,0.0846382,-0.00127756,-0.011643,-0.0150725,-0.882273,-0.00415193,0.00992827,0.470615
77903719000,0.3556,0.213796,0.0844901,-0.00198489,-0.0112623,-0.0145533,-0.882266,-0.00414038,0.00979255,0.470631
77913719000,0.355577,0.213685,0.0843473,-0.00258076,-0.010879,-0.0140017,-0.882258,-0.00413459,0.00965962,0.470649
77923719000,0.355548,0.213578,0.0842111,-0.0032554,-0.0105379,-0.0132377,-0.882249,-0.00414057,0.00952914,0.470669
77933719000,0.356455,0.213128,0.0880242,-0.000995913,-0.0112868,0.000592616,-0.882239,-0.0041496,0.00939643,0.47069
77943719000,0.356443,0.213016,0.0880355,-0.00151027,-0.0110271,0.00166917,-0.882227,-0.00417297,0.00926376,0.470715
77953719000,0.357079,0.212657,0.0903149,0.000189626,-0.0112793,0.0101316,-0.882215,-0.00419468,0.00913564,0.470739
77963719000,0.357079,0.212546,0.0904225,-0.00017662,-0.0109784,0.0113873,-0.882204,-0.00421852,0.00900835,0.470762
77973719000,0.357074,0.212438,0.0905423,-0.000745069,-0.0105173,0.0125909,-0.882192,-0.00424103,0.00888617,0.470787
77983719000,0.357065,0.212334,0.0906766,-0.00121592,-0.01028,0.0142515,-0.882182,-0.00426757,0.00876032,0.470808
77993719000,0.357051,0.212232,0.0908263,-0.00155255,-0.0100389,0.0157041,-0.882174,-0.00430163,0.00863983,0.470825
78003719000,0.357033,0.212133,0.0909923,-0.00198026,-0.0097609,0.0174814,-0.882169,-0.0043439,0.00852383,0.470837
78013719000,0.357011,0.212038,0.0911768,-0.00237993,-0.00932401,0.0194292,-0.882166,-0.00438299,0.00839975,0.470843
78023719000,0.356986,0.211947,0.0913806,-0.00269583,-0.00896251,0.0213204,-0.882164,-0.00441928,0.00828539,0.470848
78033719000,0.357318,0.211701,0.0925242,-0.00185917,-0.00904207,0.0263444,-0.882165,-0.00445058,0.00817695,0.470849
78043719000,0.357299,0.211612,0.0927979,-0.00201414,-0.00863959,0.0283998,-0.882166,-0.00448409,0.00807427,0.470848
78053719000,0.357279,0.211527,0.0930923,-0.00205181,-0.00844832,0.0304647,-0.882169,-0.0045236,0.00797469,0.470843
78063719000,0.357258,0.211444,0.0934077,-0.0021492,-0.00815566,0.0326296,-0.882177,-0.00456924,0.00787733,0.470829
78073719000,0.357237,0.211363,0.0937446,-0.00197216,-0.00800917,0.0347446,-0.882188,-0.00460897,0.00778456,0.470811
78083719000,0.357217,0.211284,0.0941034,-0.00201642,-0.00771064,0.0370097,-0.882202,-0.00464551,0.0076978,0.470785
78093719000,0.357196,0.211209,0.0944849,-0.00208222,-0.00735936,0.0393001,-0.882221,-0.00468108,0.00761714,0.470751
78103719000,0.357176,0.211136,0.09489,-0.00196166,-0.00724151,0.0417029,-0.882244,-0.00471221,0.00754232,0.470708
78113719000,0.357157,0.211065,0.0953187,-0.00197678,-0.00702312,0.0440454,-0.882272,-0.00473842,0.00747299,0.470656
78123719000,0.357138,0.210996,0.0957714,-0.00178144,-0.0068169,0.0465007,-0.882303,-0.00476784,0.00741125,0.4706
78133719000,0.357166,0.210908,0.0942565,-0.00161298,-0.00654791,0.0419168,-0.882336,-0.00478544,0.00734569,0.470538
78143719000,0.357177,0.210809,0.0933278,-0.00141012,-0.00654629,0.0394546,-0.882373,-0.00478961,0.00727763,0.47047
78153719000,0.357164,0.210745,0.0937345,-0.00136351,-0.00638612,0.0418778,-0.882416,-0.00478486,0.00721874,0.47039
78163719000,0.35715,0.210682,0.0941642,-0.0013974,-0.00616981,0.0440681,-0.882462,-0.0047843,0.00717091,0.470304
78173719000,0.357137,0.21062,0.094616,-0.0011222,-0.00615996,0.0462965,-0.882515,-0.00477923,0.00712032,0.470206
78183719000,0.357126,0.21056,0.09509,-0.00103482,-0.0059657,0.0484999,-0.882571,-0.00476831,0.00708089,0.470102
78193719000,0.357117,0.210501,0.0955856,-0.000814657,-0.00576046,0.0506113,-0.88263,-0.00474787,0.00704028,0.469992
78203719000,0.35711,0.210445,0.096102,-0.000528708,-0.0055304,0.0526712,-0.882693,-0.00471744,0.00700303,0.469874
78213719000,0.357106,0.21039,0.0966383,-0.000439024,-0.00534485,0.0545982,-0.882759,-0.00468233,0.0069711,0.469751
78223719000,0.357102,0.210338,0.0971938,-0.000268017,-0.00502384,0.0565012,-0.882831,-0.00464346,0.00693606,0.469617
78233719000,0.357037,0.210447,0.0939201,-0.000302861,-0.00427544,0.0446637,-0.882906,-0.00459588,0.00689936,0.469477
78243719000,0.357035,0.210404,0.0943752,-6.65942e-05,-0.0042286,0.0463569,-0.882984,-0.00454067,0.00686738,0.46933
78253719000,0.357035,0.210363,0.0948463,3.98357e-05,-0.00394533,0.0478628,-0.883065,-0.00448183,0.00684203,0.469179
78263719000,0.357037,0.210325,0.095332,0.000310005,-0.00366631,0.049284,-0.88315,-0.00441444,0.00681136,0.46902
78273719000,0.357041,0.210289,0.095832,0.000540586,-0.00349107,0.0507202,-0.883236,-0.00433637,0.00679431,0.468859
78283719000,0.357048,0.210257,0.0963463,0.000841081,-0.00305044,0.0521349,-0.883327,-0.00424811,0.00677665,0.46869
78293719000,0.357057,0.210228,0.0968736,0.00100028,-0.00261626,0.0533179,-0.883418,-0.00415084,0.00675423,0.468518
78303719000,0.357068,0.210204,0.0974119,0.00115518,-0.00228384,0.0543477,-0.883509,-0.00404838,0.00673378,0.468349
78313719000,0.357081,0.210183,0.09796,0.00136005,-0.00196938,0.0552677,-0.883601,-0.00394567,0.00671592,0.468176
78323719000,0.357095,0.210165,0.0985169,0.00149261,-0.00147634,0.0561197,-0.883696,-0.00382667,0.0066965,0.467998
78333719000,0.357084,0.210344,0.0934735,0.00154326,-0.000194004,0.0368213,-0.883792,-0.00370554,0.00668236,0.467817
78343719000,0.357099,0.210344,0.0938448,0.00150294,0.000182426,0.0374331,-0.883888,-0.00357625,0.00666653,0.467637
78353719000,0.357089,0.210409,0.090576,0.00134025,0.000843223,0.024802,-0.883984,-0.00345077,0.00664981,0.467457
78363719000,0.357102,0.210419,0.090825,0.00115767,0.00124575,0.0250032,-0.884082,-0.00331683,0.00662928,0.467273
78373719000,0.357113,0.210434,0.0910754,0.00110553,0.00175637,0.0250756,-0.884181,-0.00317826,0.00660647,0.467088
78383719000,0.357124,0.210454,0.0913266,0.00103892,0.00224065,0.0251586,-0.884276,-0.00303497,0.00658532,0.466908
78393719000,0.357134,0.210479,0.0915774,0.00103347,0.00269243,0.0250032,-0.884367,-0.00288288,0.00657089,0.466737
78403719000,0.357144,0.210508,0.091825,0.000913835,0.00310466,0.0245107,-0.884458,-0.00273168,0.00654763,0.466566
78413719000,0.357153,0.210542,0.0920666,0.000840275,0.00368212,0.0238239,-0.884551,-0.00256976,0.00653204,0.46639
78423719000,0.35716,0.210581,0.0923018,0.000725798,0.0041557,0.0232143,-0.884641,-0.00240432,0.00651768,0.46622
78433719000,0.357167,0.210625,0.0925303,0.000607246,0.0046136,0.0224797,-0.884727,-0.0022391,0.00651572,0.466059
78443719000,0.357172,0.210674,0.0927505,0.000449241,0.00515278,0.0215562,-0.884813,-0.00207413,0.00651008,0.465896
78453719000,0.357175,0.210727,0.0929611,4.77934e-05,0.00552651,0.0205611,-0.884899,-0.00190187,0.00650043,0.465734
78463719000,0.357173,0.210785,0.0931606,-0.000330345,0.00616781,0.0193523,-0.884981,-0.00173259,0.0064981,0.465579
78473719000,0.357564,0.210859,0.0895302,0.000689176,0.00670239,0.00433398,-0.885056,-0.00156627,0.00649972,0.465436
78483719000,0.35757,0.210928,0.0895668,0.000449027,0.00720858,0.00299736,-0.885131,-0.00139598,0.00649821,0.465294
78493719000,0.357574,0.211003,0.0809698,0.000276437,0.00769746,-0.00161528,-0.885201,-0.00123666,0.00649667,0.465161
78503719000,0.357576,0.211083,0.0809463,-4.13786e-05,0.00830234,-0.00308661,-0.885267,-0.00107147,0.00650057,0.465036
78513719000,0.357573,0.211169,0.0809075,-0.000436845,0.00887266,-0.00467899,-0.885327,-0.000903496,0.00650657,0.464923
78523719000,0.357567,0.21126,0.0808522,-0.000719722,0.0093419,-0.00637262,-0.885384,-0.000743369,0.0065158,0.464814
78533719000,0.357559,0.211356,0.0807806,-0.00090032,0.00977887,-0.00795382,-0.885438,-0.000587723,0.00652332,0.464712
78543719000,0.357548,0.211456,0.080692,-0.00134459,0.010163,-0.009749,-0.885489,-0.000430072,0.00653249,0.464613
78553719000,0.357533,0.211559,0.080586,-0.00159495,0.0105889,-0.0114649,-0.885536,-0.00027438,0.00655034,0.464524
78563719000,0.357515,0.211666,0.0804616,-0.00210183,0.0108262,-0.013402,-0.885582,-0.000122461,0.00656903,0.464438
78573719000,0.358112,0.211951,0.0794428,-0.000389096,0.0116744,-0.0196761,-0.885623,1.3647e-05,0.00659493,0.464359
78583719000,0.358107,0.212069,0.0792373,-0.000593944,0.0119476,-0.0214313,-0.885659,0.000149997,0.00662145,0.464288
78593719000,0.358524,0.212265,0.0786048,0.000570237,0.0124042,-0.0253298,-0.885691,0.000274671,0.00664436,0.464227
78603719000,0.358528,0.21239,0.0783422,0.000254711,0.0124917,-0.0271886,-0.885719,0.000393777,0.00667438,0.464174
78613719000,0.35853,0.212514,0.0780611,4.14401e-05,0.0123514,-0.0290329,-0.88574,0.000500228,0.0067094,0.464133
78623719000,0.358529,0.212639,0.0777621,-0.000196243,0.0125194,-0.0307598,-0.885758,0.000608212,0.00675092,0.464099
78633719000,0.358526,0.212764,0.0774455,-0.000326524,0.0124988,-0.0325625,-0.88577,0.000701006,0.00678613,0.464073
78643719000,0.358522,0.212889,0.0771105,-0.000495104,0.012524,-0.0344397,-0.885781,0.000787869,0.00682199,0.464053
78653719000,0.358517,0.213013,0.0767575,-0.000617582,0.0123147,-0.0361549,-0.88579,0.000873159,0.00685751,0.464035
78663719000,0.35851,0.213135,0.0763862,-0.000799623,0.0120382,-0.038105,-0.885795,0.000952048,0.00688987,0.464025
78673719000,0.358899,0.213546,0.0771702,0.00057499,0.0127406,-0.0346904,-0.885796,0.00100997,0.00692477,0.464022
78683719000,0.358903,0.213671,0.0768146,0.000232277,0.0123797,-0.03644,-0.885796,0.0010667,0.00695854,0.464022
78693719000,0.358905,0.213793,0.0764414,4.9566e-05,0.0119097,-0.0381903,-0.885791,0.0011235,0.00698553,0.464031
78703719000,0.358905,0.213909,0.0760515,4.01126e-05,0.0113626,-0.0397954,-0.885785,0.00117058,0.00701682,0.464041
78713719000,0.358905,0.21402,0.0756457,-5.60338e-05,0.0107898,-0.0413694,-0.885775,0.00121252,0.00704991,0.464059
78723719000,0.358905,0.214124,0.0752244,-6.43442e-05,0.0100125,-0.0428775,-0.885765,0.00124823,0.00708142,0.464077
78733719000,0.358904,0.21422,0.0747883,-0.000122534,0.00917853,-0.044348,-0.885758,0.00128046,0.00711585,0.46409
78743719000,0.358903,0.214308,0.0743385,-4.10365e-05,0.00841842,-0.0456087,-0.885747,0.00130313,0.00714351,0.464111
78753719000,0.358902,0.214387,0.0738773,-0.000115271,0.00749069,-0.0466356,-0.885738,0.00132074,0.00716939,0.464128
78763719000,0.358901,0.214458,0.0734056,-0.000138652,0.00658925,-0.0477035,-0.88573,0.00132755,0.00718995,0.464143
78773719000,0.3589,0.214518,0.0729229,-3.37988e-05,0.00557897,-0.0488385,-0.88572,0.00133306,0.00721346,0.464162
78783719000,0.358899,0.21457,0.07243,-9.62415e-05,0.00462941,-0.0497315,-0.88571,0.00133176,0.0072332,0.464181
78793719000,0.358898,0.214611,0.0719292,-6.39238e-05,0.0036258,-0.0504402,-0.8857,0.00132093,0.007242,0.464199
78803719000,0.359301,0.215601,0.0750544,0.0015134,0.00610106,-0.0364968,-0.88569,0.00130277,0.00724679,0.464218
78813719000,0.359546,0.216282,0.0769077,0.00252127,0.0071601,-0.0281928,-0.885685,0.00127801,0.00724689,0.464229
78823719000,0.359572,0.216347,0.0766232,0.00266291,0.00594663,-0.0287162,-0.885682,0.00124998,0.00724363,0.464235
78833719000,0.3596,0.216401,0.0763336,0.00276914,0.00477566,-0.0291936,-0.885679,0.00121685,0.00722363,0.46424
78843719000,0.359628,0.216443,0.0760407,0.00295686,0.00357458,-0.0293853,-0.885677,0.00118613,0.00721059,0.464244
78853719000,0.359659,0.216473,0.0757454,0.00321922,0.00247649,-0.0296732,-0.885679,0.00114443,0.00719178,0.464241
78863719000,0.359693,0.216492,0.0754473,0.00357084,0.00130285,-0.0299477,-0.885683,0.00110008,0.00716233,0.464235
78873719000,0.35973,0.216498,0.0751477,0.00390708,-1.32624e-05,-0.0299697,-0.885687,0.00105271,0.00713191,0.464227
78883719000,0.359772,0.216493,0.0748477,0.00448062,-0.000987335,-0.0300443,-0.885697,0.00099952,0.00709507,0.464209
78893719000,0.359818,0.216477,0.0745477,0.00468893,-0.00222234,-0.029947,-0.885712,0.000940641,0.0070605,0.46418
78903719000,0.359867,0.216449,0.0742496,0.00505554,-0.00336111,-0.0296709,-0.885729,0.000880887,0.00701577,0.464148
78913719000,0.360062,0.217214,0.0770387,0.00604799,-0.00160505,-0.0172051,-0.885749,0.000815404,0.00696019,0.464111
78923719000,0.360124,0.217192,0.0768684,0.00638345,-0.00278636,-0.0168626,-0.885773,0.000746508,0.0068982,0.464066
78933719000,0.36019,0.217159,0.0767023,0.00672939,-0.00384784,-0.016339,-0.885801,0.000684112,0.00683265,0.464014
78943719000,0.36026,0.217115,0.0765423,0.00725685,-0.00492717,-0.0156644,-0.88583,0.000614438,0.00676417,0.46396
78953719000,0.360335,0.217061,0.0763883,0.00776327,-0.00593084,-0.0151416,-0.885862,0.000535668,0.00669187,0.463899
78963719000,0.360415,0.216996,0.0762407,0.00822529,-0.00698201,-0.0143734,-0.8859,0.000453742,0.00661277,0.463828
78973719000,0.3605,0.21692,0.0761006,0.00877305,-0.00819312,-0.0136571,-0.885942,0.000371695,0.00652927,0.463749
78983719000,0.36059,0.216833,0.0759679,0.00932992,-0.00917311,-0.0128705,-0.885986,0.000294479,0.00643999,0.463667
78993719000,0.360685,0.216737,0.0758429,0.00952249,-0.010071,-0.0121431,-0.886032,0.000203086,0.00634513,0.463582
79003719000,0.361008,0.217104,0.0781197,0.010799,-0.00920887,-0.00227033,-0.88608,0.000116132,0.00626059,0.46349
79013719000,0.361117,0.217008,0.0781008,0.0111714,-0.00996565,-0.00151318,-0.886131,3.64612e-05,0.00617288,0.463394
79023719000,0.361324,0.217298,0.0795305,0.0117911,-0.00924322,0.00481368,-0.886184,-4.53093e-05,0.00608112,0.463293
79033719000,0.361444,0.217204,0.0795825,0.0121452,-0.00965752,0.00559508,-0.886241,-0.00013329,0.00599016,0.463185
79043719000,0.361566,0.217105,0.079643,0.0123816,-0.0101144,0.00648807,-0.8863,-0.0002165,0.00589377,0.463073
79053719000,0.361691,0.217003,0.0797128,0.0126213,-0.0103425,0.00748758,-0.88636,-0.000304989,0.00579247,0.46296
79063719000,0.361819,0.216897,0.0797921,0.0128593,-0.0106868,0.00836616,-0.886419,-0.000392864,0.00569762,0.462848
79073719000,0.361948,0.21679,0.0798807,0.0130423,-0.010783,0.00936044,-0.886482,-0.000485546,0.00560596,0.462729
79083719000,0.36208,0.216681,0.0799794,0.0132526,-0.0109929,0.010368,-0.886544,-0.000584291,0.0055166,0.462611
79093719000,0.362213,0.21657,0.0800876,0.0135101,-0.0111703,0.0112774,-0.886608,-0.000681373,0.00542543,0.462489
79103719000,0.36279,0.216238,0.0806578,0.0153123,-0.0120287,0.0139826,-0.886674,-0.000770479,0.00533634,0.462364
79113719000,0.362943,0.216118,0.0808024,0.0153322,-0.0119651,0.0149416,-0.88674,-0.000860514,0.00525002,0.462238
79123719000,0.363096,0.215999,0.0809564,0.0153522,-0.0118794,0.0158514,-0.886805,-0.000949311,0.00516637,0.462114
79133719000,0.363249,0.215881,0.0811191,0.0152599,-0.0116635,0.0166876,-0.88687,-0.00103981,0.00508394,0.46199
79143719000,0.363402,0.215766,0.0812902,0.0152725,-0.0114317,0.0175416,-0.886935,-0.00112482,0.00500556,0.461865
79153719000,0.363554,0.215653,0.0814701,0.0152345,-0.0110384,0.0184457,-0.887001,-0.0012065,0.00493763,0.46174
79163719000,0.363705,0.215544,0.0816586,0.0148571,-0.0108739,0.0192439,-0.887066,-0.00127912,0.00487391,0.461616
79173719000,0.363853,0.215437,0.0818549,0.0146992,-0.0105654,0.0200253,-0.887127,-0.00134976,0.0048106,0.461498
79183719000,0.363999,0.215333,0.0820595,0.0145661,-0.0101783,0.020896,-0.88719,-0.00142207,0.00475258,0.461378
79193719000,0.364144,0.215234,0.0822722,0.0143354,-0.00966788,0.0216275,-0.887252,-0.00149383,0.00470338,0.461259
79203719000,0.364285,0.215141,0.0824914,0.0138947,-0.00892845,0.0222197,-0.887312,-0.00156294,0.00465564,0.461143
79213719000,0.364422,0.215055,0.0827166,0.0134729,-0.00824926,0.0228277,-0.887371,-0.00162625,0.00461423,0.461031
79223719000,0.364554,0.214976,0.082949,0.0130334,-0.0074823,0.023644,-0.887431,-0.0016957,0.00457799,0.460916
79233719000,0.365498,0.213931,0.0821484,0.0153775,-0.0101457,0.0204449,-0.887487,-0.00175714,0.004542,0.460807
79243719000,0.366171,0.213202,0.0816978,0.0167071,-0.0115589,0.0186877,-0.887541,-0.00181705,0.0045218,0.460702
79253719000,0.366336,0.21309,0.0818882,0.0161405,-0.0108792,0.019386,-0.887591,-0.00188033,0.00450395,0.460606
79263719000,0.366495,0.212985,0.0820841,0.0157382,-0.0101044,0.019803,-0.887641,-0.00193647,0.00448934,0.46051
79273719000,0.36665,0.212888,0.082285,0.0151828,-0.00923939,0.0203609,-0.887689,-0.00199264,0.00447851,0.460417
79283719000,0.366798,0.2128,0.0824913,0.0145586,-0.00846121,0.0209051,-0.887733,-0.00205169,0.00448078,0.460333
79293719000,0.36694,0.21272,0.0827021,0.0137364,-0.00758642,0.0212623,-0.887773,-0.00211209,0.00449038,0.460254
79303719000,0.367074,0.212648,0.0829173,0.0130822,-0.00674926,0.0217723,-0.887813,-0.0021625,0.00450219,0.460177
79313719000,0.367201,0.212584,0.0831369,0.01226,-0.00594723,0.0221418,-0.887851,-0.00221599,0.00451965,0.460104
79323719000,0.367319,0.212529,0.0833599,0.0115166,-0.00507533,0.0224652,-0.887887,-0.00226961,0.00454558,0.460034
79333719000,0.368124,0.211999,0.0821992,0.013139,-0.00602382,0.0175424,-0.887921,-0.00231692,0.00457606,0.459967
79343719000,0.368251,0.211943,0.0823752,0.0121801,-0.0052577,0.0176586,-0.887953,-0.00236219,0.00461487,0.459905
79353719000,0.368368,0.211895,0.0825532,0.0113197,-0.00436643,0.0179404,-0.887984,-0.00241123,0.00465423,0.459845
79363719000,0.368476,0.211856,0.0827331,0.0103481,-0.00348654,0.0180372,-0.888011,-0.00245484,0.00470543,0.459791
79373719000,0.368574,0.211825,0.082913,0.00915574,-0.00269648,0.0179481,-0.888037,-0.00250542,0.00476028,0.45974
79383719000,0.368661,0.211802,0.0830935,0.00817871,-0.00183605,0.0181369,-0.888061,-0.0025549,0.00482502,0.459692
79393719000,0.368737,0.211787,0.0832755,0.00702578,-0.00107596,0.0182703,-0.888084,-0.00260756,0.00489691,0.459647
79403719000,0.368801,0.21178,0.0834582,0.00585194,-0.000345658,0.018265,-0.888106,-0.00265758,0.00497182,0.459605
79413719000,0.368856,0.21178,0.0836413,0.00506518,0.000286288,0.0183538,-0.888126,-0.00270789,0.00505315,0.459563
79423719000,0.368902,0.211786,0.0838249,0.00418326,0.000978631,0.0183758,-0.888144,-0.00276247,0.00513499,0.459528
79433719000,0.368939,0.211799,0.0840091,0.00311917,0.00147423,0.0184668,-0.888161,-0.00281846,0.00521897,0.459494
79443719000,0.369922,0.211601,0.0826002,0.00542516,0.00123855,0.0127252,-0.888182,-0.0028812,0.00530948,0.459451
79453719000,0.370617,0.211454,0.0817605,0.00652292,0.00107809,0.00937376,-0.888202,-0.00293892,0.00539998,0.459413
79463719000,0.370677,0.211466,0.0818545,0.00549054,0.00144576,0.00942163,-0.888221,-0.00300279,0.0054978,0.459373
79473719000,0.370727,0.211483,0.081949,0.00447942,0.00193557,0.00947285,-0.888241,-0.003069,0.00560357,0.459334
79483719000,0.370767,0.211505,0.082044,0.00350735,0.00239509,0.00953091,-0.888263,-0.00313992,0.00570412,0.459289
79493719000,0.370797,0.211531,0.0812818,0.00247942,0.00283704,0.00939496,-0.888285,-0.00321073,0.0058033,0.459244
79503719000,0.370817,0.211561,0.081377,0.00149238,0.00311857,0.00964475,-0.888305,-0.00327888,0.00590799,0.459205
79513719000,0.370827,0.211594,0.0814741,0.000547864,0.00345894,0.00976486,-0.888325,-0.00335442,0.00600821,0.459164
79523719000,0.370828,0.21163,0.081572,-0.000315234,0.00368768,0.00981731,-0.888348,-0.00343303,0.00611281,0.459118
79533719000,0.370821,0.211667,0.0816711,-0.00113338,0.00384759,0.0100035,-0.888375,-0.00351279,0.00622412,0.459063
79543719000,0.370806,0.211706,0.081772,-0.00180708,0.00388571,0.0101821,-0.888402,-0.00359903,0.00632932,0.459009
79553719000,0.371399,0.211898,0.081227,-0.000479007,0.00471542,0.00686787,-0.888431,-0.00369231,0.00643376,0.45895
79563719000,0.371391,0.211946,0.0812964,-0.0010535,0.00489566,0.00700928,-0.888461,-0.00378629,0.00654249,0.45889
79573719000,0.371376,0.211995,0.0813663,-0.00192727,0.0050812,0.00697847,-0.888497,-0.00387932,0.00664718,0.458818
79583719000,0.371353,0.212047,0.081437,-0.00260198,0.00529934,0.00715351,-0.888534,-0.00397787,0.00674578,0.458744
79593719000,0.371323,0.2121,0.0815095,-0.00340014,0.00532017,0.00735898,-0.88857,-0.00407733,0.00684209,0.458671
79603719000,0.371287,0.212155,0.0815834,-0.00395043,0.00551279,0.00740606,-0.888609,-0.00418271,0.00693658,0.458594
79613719000,0.371244,0.21221,0.0816579,-0.004509,0.00555173,0.00749925,-0.888647,-0.00428121,0.00702788,0.458518
79623719000,0.371197,0.212265,0.0817331,-0.00493343,0.00550632,0.00755109,-0.888686,-0.00437601,0.00711766,0.458441
79633719000,0.371145,0.212321,0.0818097,-0.00557739,0.00560201,0.00776466,-0.888727,-0.00447675,0.00720477,0.458358
79643719000,0.371087,0.212377,0.0818884,-0.00602891,0.00561291,0.00796603,-0.888769,-0.00457927,0.00728813,0.458274
79653719000,0.371447,0.21276,0.0812716,-0.00476096,0.00681374,0.00500603,-0.888813,-0.00468264,0.00736128,0.458186
79663719000,0.371669,0.213027,0.0808773,-0.00414835,0.00752645,0.00314357,-0.888859,-0.00478354,0.00742699,0.458096
79673719000,0.371626,0.213102,0.0809094,-0.00443018,0.00744494,0.00327094,-0.888907,-0.00488841,0.0074955,0.458001
79683719000,0.371581,0.213177,0.0809425,-0.00463302,0.00744278,0.00335194,-0.888957,-0.00499195,0.00756405,0.457901
79693719000,0.371533,0.213251,0.080977,-0.00490063,0.00735986,0.00355613,-0.889008,-0.00509359,0.00762514,0.4578
79703719000,0.371484,0.213323,0.0810129,-0.00495283,0.0070304,0.0036283,-0.88906,-0.0052007,0.0076761,0.457697
79713719000,0.371434,0.213392,0.0810495,-0.00509827,0.0068844,0.00367894,-0.889112,-0.00530844,0.00773372,0.457593
79723719000,0.371382,0.21346,0.0810867,-0.00520254,0.00671895,0.00375775,-0.889164,-0.00541822,0.00778455,0.457491
79733719000,0.37133,0.213527,0.0811247,-0.0052345,0.00668792,0.00385884,-0.889216,-0.005529,0.00783172,0.457388
79743719000,0.371278,0.213594,0.0811642,-0.00522509,0.006585,0.00402498,-0.889267,-0.00563602,0.00787542,0.457285
79753719000,0.371226,0.213659,0.0812051,-0.00508673,0.00651069,0.00415755,-0.889319,-0.00573312,0.00791226,0.457183
79763719000,0.371235,0.214005,0.0807102,-0.00487869,0.00747714,0.00193752,-0.889373,-0.00582808,0.0079492,0.457075
79773719000,0.371188,0.214079,0.0807298,-0.0044938,0.00736784,0.00197682,-0.889428,-0.00592904,0.00797948,0.456967
79783719000,0.371142,0.214153,0.0807515,-0.00460733,0.00730294,0.00236559,-0.889483,-0.00602118,0.0080059,0.456859
79793719000,0.371098,0.214224,0.0807754,-0.00430141,0.00703607,0.00241516,-0.889536,-0.00611224,0.00802801,0.456754
79803719000,0.371055,0.214295,0.0808,-0.00425261,0.00714959,0.00250575,-0.889589,-0.00620469,0.00804859,0.456649
79813719000,0.371014,0.214367,0.0808248,-0.00403333,0.0071998,0.00245259,-0.889642,-0.0062991,0.00806925,0.456543
79823719000,0.370974,0.21444,0.08085,-0.00382211,0.00728435,0.00259515,-0.889694,-0.00638843,0.0080847,0.456442
79833719000,0.370936,0.214513,0.0808767,-0.00375798,0.00738854,0.00274626,-0.889746,-0.00647813,0.00810001,0.456337
79843719000,0.3709,0.214587,0.080905,-0.00358978,0.00744631,0.00291552,-0.889797,-0.00656416,0.00810427,0.456237
79853719000,0.370923,0.214918,0.0803621,-0.00304207,0.00841307,0.00075327,-0.889846,-0.00664798,0.00811153,0.45614
79863719000,0.370894,0.215002,0.0803698,-0.00264185,0.00835192,0.000805164,-0.889894,-0.0067242,0.00811529,0.456046
79873719000,0.370864,0.215251,0.0799972,-0.00224627,0.00907767,-0.000711123,-0.88994,-0.00679573,0.00812182,0.455954
79883719000,0.370844,0.215343,0.0799907,-0.00169844,0.00927639,-0.000579953,-0.889987,-0.00685875,0.00811997,0.455863
79893719000,0.370829,0.215436,0.0799857,-0.00127932,0.00939852,-0.000428556,-0.890028,-0.00692135,0.00811494,0.455781
79903719000,0.370818,0.215531,0.0799819,-0.000913711,0.00951935,-0.000334427,-0.890066,-0.00697869,0.00811806,0.455706
79913719000,0.370811,0.215627,0.0799789,-0.000546843,0.009771,-0.00026217,-0.890103,-0.00703845,0.00812483,0.455632
79923719000,0.370807,0.215726,0.079976,-0.000258913,0.0101029,-0.000318143,-0.890139,-0.00708765,0.00812277,0.455562
79933719000,0.370807,0.215828,0.0799731,0.000356391,0.0102855,-0.000248672,-0.890173,-0.00713885,0.00812278,0.455494
79943719000,0.370812,0.215932,0.0799714,0.00057135,0.0104633,-0.000103516,-0.890206,-0.00718677,0.00812469,0.455429
79953719000,0.370821,0.216037,0.0799711,0.00116861,0.0105811,5.35219e-05,-0.890236,-0.00722094,0.00812529,0.45537
79963719000,0.370834,0.216144,0.0799716,0.00157697,0.0107435,3.22093e-05,-0.890261,-0.00724782,0.00813249,0.45532
79973719000,0.370852,0.216253,0.0799723,0.00186495,0.0110173,0.000126211,-0.890282,-0.00727555,0.0081511,0.455278
79983719000,0.370941,0.216527,0.0794975,0.00250425,0.0119313,-0.00172488,-0.890302,-0.00729812,0.0081686,0.455238
79993719000,0.370968,0.216648,0.079481,0.00291128,0.0122604,-0.0015764,-0.890317,-0.00731284,0.00818572,0.455209
80003719000,0.370998,0.21677,0.0794642,0.0032111,0.0122586,-0.00179268,-0.890331,-0.00732578,0.00819975,0.45518
80013719000,0.371032,0.216894,0.0794463,0.00347515,0.0124936,-0.00177644,-0.890344,-0.00733416,0.00822575,0.455155
80023719000,0.371069,0.21702,0.0794289,0.00395824,0.0126464,-0.00171458,-0.890354,-0.0073372,0.008246,0.455135
80033719000,0.371109,0.217148,0.079412,0.00403687,0.0129582,-0.00166935,-0.890363,-0.00733753,0.00826021,0.455118
80043719000,0.37115,0.217277,0.0793957,0.00422729,0.0129551,-0.00157275,-0.890368,-0.00733098,0.00828046,0.455106
80053719000,0.371194,0.217408,0.0793796,0.00442774,0.0131046,-0.00166373,-0.890371,-0.00731538,0.00831421,0.455101
80063719000,0.371239,0.21754,0.0793631,0.00454572,0.0132836,-0.00162883,-0.890372,-0.00729573,0.0083526,0.455098
80073719000,0.371286,0.217673,0.0793468,0.00489464,0.0133466,-0.00163091,-0.89037,-0.00727877,0.00838302,0.455103
80083719000,0.371335,0.217808,0.0793306,0.00498962,0.0136124,-0.00160642,-0.890366,-0.00726168,0.00841232,0.45511
80093719000,0.371787,0.218145,0.0788906,0.00651923,0.0144299,-0.0030883,-0.890362,-0.00723969,0.00844014,0.455117
80103719000,0.371852,0.21829,0.07886,0.00651676,0.0145329,-0.00303421,-0.890359,-0.00720061,0.00847532,0.455123
80113719000,0.37216,0.218548,0.0785582,0.00748597,0.0151691,-0.0039395,-0.890351,-0.00716476,0.00850594,0.455138
80123719000,0.372235,0.2187,0.0785187,0.00748384,0.0151925,-0.00395484,-0.890344,-0.0071278,0.00854548,0.455153
80133719000,0.37231,0.218852,0.0784793,0.00742635,0.015148,-0.00392359,-0.890333,-0.00709347,0.00858459,0.455174
80143719000,0.372384,0.219003,0.0784405,0.00735521,0.0151258,-0.00384221,-0.890322,-0.00705579,0.0086146,0.455195
80153719000,0.372456,0.219154,0.0784026,0.00713544,0.0150079,-0.0037359,-0.890311,-0.00701895,0.00865588,0.455217
80163719000,0.372526,0.219303,0.0783655,0.00691749,0.0148261,-0.00368618,-0.890299,-0.00697712,0.00870146,0.455241
80173719000,0.372594,0.219451,0.0783292,0.00662603,0.0147494,-0.0035706,-0.890283,-0.0069376,0.00875245,0.45527
80183719000,0.372658,0.219597,0.0782943,0.00607893,0.014479,-0.00340981,-0.890267,-0.00689799,0.00879871,0.455301
80193719000,0.373306,0.22011,0.0780029,0.00780482,0.015636,-0.00411738,-0.890251,-0.00685743,0.008842,0.455332
80203719000,0.373381,0.220265,0.0779623,0.00732763,0.0154185,-0.00400628,-0.890239,-0.00682306,0.00888973,0.455355
80213719000,0.373452,0.220418,0.0779227,0.00688883,0.0151802,-0.00391117,-0.890227,-0.00679039,0.00892825,0.455378
80223719000,0.373519,0.220569,0.077884,0.00640929,0.0149147,-0.00381924,-0.890216,-0.0067599,0.00896977,0.455401
80233719000,0.373579,0.220716,0.0778454,0.00567909,0.0144154,-0.0039039,-0.890207,-0.00672589,0.00900678,0.455417
80243719000,0.373633,0.220858,0.0778068,0.00497892,0.0141023,-0.00381832,-0.8902,-0.00669217,0.00904584,0.455431
80253719000,0.37368,0.220998,0.0777688,0.0044153,0.0137871,-0.00378102,-0.890194,-0.00665724,0.00908453,0.455443
80263719000,0.37372,0.221132,0.0777314,0.00375069,0.0131098,-0.00369989,-0.890188,-0.00663183,0.00911901,0.455453
80273719000,0.373755,0.22126,0.0776948,0.00316562,0.0124971,-0.00362632,-0.890185,-0.00661015,0.00914901,0.455459
80283719000,0.373782,0.221383,0.0776586,0.00224354,0.012063,-0.00360092,-0.890185,-0.00658656,0.00918112,0.45546
80293719000,0.373801,0.2215,0.0776221,0.00157163,0.0113706,-0.00370133,-0.890185,-0.00657527,0.00921485,0.455459
80303719000,0.374787,0.222179,0.0772908,0.00448314,0.0126889,-0.00473636,-0.890187,-0.00656537,0.00925035,0.455455
80313719000,0.375454,0.222691,0.0770618,0.00587343,0.0133321,-0.00538117,-0.890191,-0.0065592,0.00928455,0.455445
80323719000,0.375508,0.222821,0.0770083,0.00498283,0.0125883,-0.00531585,-0.890198,-0.00654923,0.00931193,0.455431
80333719000,0.375554,0.222943,0.0769549,0.00416683,0.0118347,-0.00536942,-0.890208,-0.00653613,0.0093366,0.455412
80343719000,0.375591,0.223057,0.0769008,0.00339396,0.0109378,-0.00544658,-0.890221,-0.00652126,0.00935091,0.455387
80353719000,0.375622,0.223162,0.0768461,0.00269384,0.0101087,-0.0055059,-0.890238,-0.00651502,0.00937604,0.455353
80363719000,0.375645,0.223259,0.0767907,0.00188348,0.00924154,-0.00557101,-0.890256,-0.00651627,0.00939859,0.455317
80373719000,0.37566,0.223347,0.0767351,0.00126102,0.00837634,-0.0055349,-0.890276,-0.00651806,0.00941868,0.455277
80383719000,0.37567,0.223426,0.0766795,0.00060205,0.00751287,-0.00559823,-0.8903,-0.00652256,0.00943913,0.45523
80393719000,0.375672,0.223497,0.0766224,-0.000105667,0.00657692,-0.00582082,-0.890328,-0.00652716,0.00945268,0.455176
80403719000,0.375669,0.223558,0.0765636,-0.000629205,0.00574935,-0.00592691,-0.890359,-0.00653009,0.00947573,0.455113
80413719000,0.375659,0.223612,0.0765029,-0.00126527,0.00491009,-0.00622505,-0.890394,-0.00653987,0.0094995,0.455045
80423719000,0.376477,0.224285,0.0762811,0.00123986,0.00635553,-0.00706023,-0.890434,-0.0065551,0.00951514,0.454966
80433719000,0.376487,0.224344,0.07621,0.000861481,0.00545091,-0.00715762,-0.890477,-0.00656776,0.00953414,0.45488
80443719000,0.376493,0.224394,0.0761376,0.000284937,0.00458917,-0.00733206,-0.890525,-0.00658521,0.00954775,0.454787
80453719000,0.376493,0.224435,0.0760626,-0.000320162,0.00361601,-0.00766267,-0.890576,-0.00660403,0.00956103,0.454686
80463719000,0.376486,0.224468,0.0759848,-0.000974303,0.00290178,-0.00790074,-0.890628,-0.00662238,0.00957742,0.454583
80473719000,0.376473,0.224493,0.075904,-0.00161468,0.00217274,-0.0082622,-0.890684,-0.00664241,0.00959426,0.454472
80483719000,0.376454,0.224511,0.0758199,-0.00219293,0.00142219,-0.00855239,-0.890744,-0.00666994,0.0096117,0.454354
80493719000,0.376431,0.224521,0.0774885,-0.00244834,0.000593386,-0.00790562,-0.890806,-0.00670319,0.00963164,0.454232
80503719000,0.376405,0.224524,0.0774073,-0.00274057,-9.34753e-05,-0.00833365,-0.890871,-0.00672925,0.00964381,0.454105
80513719000,0.376377,0.22452,0.0773221,-0.00287319,-0.000630228,-0.00870398,-0.890937,-0.00676248,0.00966043,0.453973
80523719000,0.376348,0.224511,0.0772334,-0.00297652,-0.00129836,-0.00904919,-0.891007,-0.00679145,0.00968074,0.453836
80533719000,0.376908,0.22499,0.0772012,-0.000991091,-0.000131742,-0.00918793,-0.891081,-0.00682014,0.00970699,0.453689
80543719000,0.377259,0.22532,0.0771638,0.000313696,0.000567128,-0.00924592,-0.891157,-0.00685208,0.00972972,0.453539
80553719000,0.377263,0.225324,0.0770689,0.000423586,0.000301259,-0.00973877,-0.891234,-0.00688558,0.00975356,0.453387
80563719000,0.377267,0.225325,0.0769688,0.000458933,-5.02846e-05,-0.010282,-0.89131,-0.00692208,0.00978753,0.453235
80573719000,0.377272,0.225323,0.0768638,0.000525745,-0.000353588,-0.0107078,-0.891388,-0.00696199,0.00982882,0.453081
80583719000,0.377278,0.225318,0.0767547,0.000641892,-0.000650067,-0.0111114,-0.891467,-0.00700914,0.00987183,0.452924
80593719000,0.377285,0.22531,0.0766406,0.000772647,-0.00105543,-0.0117055,-0.891549,-0.00705372,0.00991455,0.45276
80603719000,0.377295,0.225298,0.0765215,0.00114622,-0.00124512,-0.0121243,-0.891633,-0.00709781,0.00995312,0.452594
80613719000,0.377307,0.225285,0.0763982,0.00132257,-0.00138993,-0.0125401,-0.891717,-0.00714496,0.0100023,0.452426
80623719000,0.377321,0.22527,0.0762706,0.00157195,-0.00153278,-0.0129654,-0.891803,-0.0071892,0.0100592,0.452254
80633719000,0.377427,0.225218,0.0765779,0.00221472,-0.00164089,-0.0113442,-0.891888,-0.0072359,0.0101167,0.452086
80643719000,0.377452,0.225202,0.0764617,0.00270008,-0.00157654,-0.011882,-0.891973,-0.00728167,0.0101808,0.451915
80653719000,0.377481,0.225186,0.0763403,0.00316208,-0.00154668,-0.0123938,-0.892055,-0.00732351,0.010243,0.451752
80663719000,0.377516,0.22517,0.0762143,0.00377882,-0.0016491,-0.0128067,-0.892137,-0.00737703,0.0103025,0.451587
80673719000,0.377556,0.225155,0.0760835,0.00425883,-0.00139227,-0.0133712,-0.892219,-0.00743297,0.0103637,0.451422
80683719000,0.377601,0.225143,0.0759474,0.00481356,-0.00106514,-0.0138333,-0.892297,-0.0074898,0.0104294,0.451266
80693719000,0.377652,0.225134,0.0758061,0.00538792,-0.000724001,-0.0144337,-0.892375,-0.00754045,0.0104955,0.45111
80703719000,0.37771,0.225128,0.0756594,0.00611417,-0.000371406,-0.0148979,-0.892452,-0.00759024,0.0105601,0.450955
80713719000,0.377775,0.225126,0.0755086,0.00689281,-0.000120389,-0.0152803,-0.892524,-0.0076395,0.0106261,0.450809
80723719000,0.377847,0.225127,0.0753531,0.00760222,0.000382031,-0.0158031,-0.892596,-0.00768535,0.0107041,0.450664
80733719000,0.377926,0.225133,0.0751929,0.00822227,0.000725955,-0.0162453,-0.892665,-0.00773151,0.0107896,0.450525
80743719000,0.378013,0.225142,0.075028,0.00920119,0.00115277,-0.0167272,-0.892734,-0.00777349,0.0108647,0.450387
80753719000,0.377857,0.224789,0.0759603,0.00909514,0.000361333,-0.012595,-0.8928,-0.0078165,0.0109316,0.450253
80763719000,0.377753,0.224545,0.0765239,0.00925426,0.000154635,-0.0101992,-0.892861,-0.00785592,0.0109994,0.450129
80773719000,0.37785,0.22455,0.0764198,0.0100241,0.000767206,-0.0106039,-0.892918,-0.007891,0.0110671,0.450014
80783719000,0.377954,0.22456,0.0763121,0.0108291,0.00121638,-0.0109409,-0.892974,-0.00792562,0.0111332,0.449901
80793719000,0.378067,0.224575,0.0762013,0.0118755,0.00192417,-0.0112262,-0.893027,-0.00795442,0.011194,0.449794
80803719000,0.37819,0.224597,0.0760873,0.0127241,0.00243292,-0.0115618,-0.893075,-0.00798039,0.0112439,0.449696
80813719000,0.378322,0.224624,0.0759704,0.0135609,0.00298718,-0.0118355,-0.893118,-0.00799777,0.0112934,0.44961
80823719000,0.378462,0.224658,0.0758517,0.0144844,0.00367969,-0.0118999,-0.89316,-0.00800391,0.0113301,0.449525
80833719000,0.378612,0.224697,0.0757316,0.0155285,0.00425547,-0.0121202,-0.893197,-0.00800481,0.0113686,0.44945
80843719000,0.378773,0.224743,0.0756096,0.0165836,0.00484423,-0.0122782,-0.893233,-0.00801384,0.0114055,0.449378
80853719000,0.378917,0.22442,0.0765795,0.0172703,0.00418286,-0.00795767,-0.893265,-0.00801432,0.0114373,0.449314
80863719000,0.379094,0.224465,0.0764998,0.0181326,0.004742,-0.00798328,-0.893294,-0.00800438,0.0114641,0.449256
80873719000,0.379279,0.224516,0.0764204,0.0189,0.00535366,-0.00791168,-0.893316,-0.00799754,0.0114878,0.449212
80883719000,0.379473,0.224573,0.076341,0.019924,0.00603783,-0.00795962,-0.893337,-0.00798715,0.0115037,0.44917
80893719000,0.379676,0.224637,0.0762616,0.0206608,0.00683611,-0.00791376,-0.893357,-0.00796784,0.01151,0.449129
80903719000,0.379887,0.224709,0.0761829,0.0214928,0.00759515,-0.00782533,-0.893375,-0.00794263,0.0115072,0.449095
80913719000,0.380107,0.224789,0.0761054,0.0224611,0.00830962,-0.00768197,-0.893389,-0.00791963,0.0114992,0.449067
80923719000,0.380335,0.224875,0.0760296,0.0231675,0.00892553,-0.00748702,-0.8934,-0.00789661,0.0114804,0.449046
80933719000,0.380571,0.224968,0.0759554,0.0240909,0.00961871,-0.0073527,-0.89341,-0.00787053,0.0114531,0.449027
80943719000,0.380816,0.225067,0.0758824,0.0248009,0.0103016,-0.00724727,-0.893416,-0.00783166,0.0114125,0.449018
80953719000,0.381067,0.225175,0.0758114,0.025537,0.0112551,-0.00694504,-0.893418,-0.0077916,0.0113684,0.449015
80963719000,0.381325,0.225291,0.0757429,0.0259305,0.0119313,-0.00674864,-0.893418,-0.00774844,0.0113209,0.449016
80973719000,0.381885,0.225019,0.0768228,0.0274626,0.0111141,-0.00220112,-0.89342,-0.00769502,0.0112593,0.449016
80983719000,0.382162,0.225133,0.0768015,0.0280112,0.0116689,-0.00206857,-0.89342,-0.00763869,0.0111871,0.449018
80993719000,0.382567,0.224939,0.0774739,0.0290117,0.011156,0.000828884,-0.893416,-0.00757777,0.0111095,0.449028
81003719000,0.382858,0.225054,0.077484,0.0293343,0.0118041,0.00119753,-0.893414,-0.00751973,0.0110278,0.449036
81013719000,0.383153,0.225175,0.0774974,0.0295651,0.0124367,0.00148855,-0.893411,-0.00745467,0.0109397,0.449045
81023719000,0.383449,0.225302,0.0775135,0.0296619,0.0129801,0.00173713,-0.893405,-0.00738763,0.0108396,0.44906
81033719000,0.383747,0.225435,0.0775333,0.029898,0.0136491,0.00221196,-0.893398,-0.00731274,0.0107321,0.449078
81043719000,0.384046,0.225574,0.0775568,0.0299576,0.0142504,0.00248801,-0.893391,-0.00724142,0.0106194,0.449096
81053719000,0.384344,0.225719,0.0775829,0.0296253,0.0147514,0.00274267,-0.893386,-0.00717225,0.0105008,0.449109
81063719000,0.384639,0.225869,0.0776118,0.0294213,0.0151723,0.00302995,-0.893381,-0.00709088,0.01038,0.449124
81073719000,0.385554,0.22597,0.077994,0.0315181,0.0154202,0.00455868,-0.893376,-0.00700879,0.0102487,0.449138
81083719000,0.385867,0.226127,0.0780413,0.0312127,0.0158949,0.00491529,-0.89337,-0.00692173,0.0101169,0.449155
81093719000,0.386177,0.226288,0.0780917,0.0307478,0.0164763,0.00515332,-0.893362,-0.006831,0.00997525,0.449175
81103719000,0.386483,0.226455,0.0781447,0.0303505,0.0169365,0.00545531,-0.893357,-0.00673824,0.00983366,0.44919
81113719000,0.386783,0.226627,0.0782015,0.02968,0.0173769,0.00589099,-0.893353,-0.00664496,0.00967922,0.449203
81123719000,0.387076,0.226802,0.0782617,0.0289341,0.0177113,0.00614704,-0.893347,-0.00654413,0.00952598,0.449218
81133719000,0.387361,0.226982,0.0783254,0.0281679,0.0182746,0.00659566,-0.893342,-0.00644978,0.00936541,0.449234
81143719000,0.387639,0.227167,0.0783938,0.0272771,0.0186608,0.00709146,-0.893338,-0.00635359,0.00920142,0.449246
81153719000,0.387907,0.227354,0.0784659,0.0264497,0.0187859,0.00732263,-0.893337,-0.00625096,0.00903004,0.449254
81163719000,0.388167,0.227544,0.078541,0.0255629,0.0191214,0.00771081,-0.893338,-0.00614825,0.00884823,0.449255
81173719000,0.389641,0.228212,0.0785609,0.0288628,0.0211131,0.0077425,-0.893341,-0.00604815,0.00866576,0.449255
81183719000,0.390741,0.228702,0.0785896,0.0306584,0.0225476,0.00800626,-0.893344,-0.00594847,0.00847928,0.449254
81193719000,0.391041,0.228929,0.078672,0.0291752,0.0228205,0.00846739,-0.893349,-0.00584862,0.00828744,0.44925
81203719000,0.391325,0.229159,0.078759,0.0276788,0.023147,0.008934,-0.893354,-0.0057483,0.00809448,0.449244
81213719000,0.391594,0.229392,0.0788507,0.0260754,0.0233958,0.00940936,-0.893362,-0.0056458,0.0079,0.449232
81223719000,0.391848,0.229626,0.0789479,0.0247148,0.0234811,0.0100189,-0.89337,-0.00553932,0.00770684,0.449221
81233719000,0.392088,0.229861,0.0790505,0.0232848,0.0235194,0.0105147,-0.893381,-0.00543127,0.00751439,0.449203
81243719000,0.392312,0.230097,0.0791582,0.0215553,0.0235618,0.0110282,-0.893394,-0.00532555,0.00732703,0.449183
81253719000,0.392519,0.230332,0.0792714,0.0198949,0.0234633,0.0116079,-0.893409,-0.00521459,0.00713353,0.449157
81263719000,0.392709,0.230566,0.079389,0.0180463,0.0234362,0.0119147,-0.893427,-0.00510728,0.00693987,0.449125
81273719000,0.39288,0.230801,0.0795098,0.0160935,0.0234621,0.0122418,-0.893447,-0.00499053,0.00675308,0.449091
81283719000,0.393031,0.231035,0.0796346,0.0142154,0.0233356,0.0127075,-0.893468,-0.00487016,0.00656016,0.449053
81293719000,0.394581,0.231551,0.0791354,0.0175988,0.024289,0.010739,-0.89349,-0.00475405,0.00637904,0.449012
81303719000,0.394748,0.231794,0.079245,0.0157607,0.0242624,0.01117,-0.893513,-0.00464219,0.00620345,0.44897
81313719000,0.394896,0.232035,0.0793582,0.0138679,0.0241211,0.0114857,-0.893541,-0.00453438,0.00602887,0.448919
81323719000,0.395026,0.232276,0.0794755,0.0120664,0.02393,0.0119615,-0.893572,-0.00442389,0.00585417,0.44886
81333719000,0.395136,0.232513,0.0795967,0.00992353,0.0234875,0.0122808,-0.893603,-0.0043148,0.00568527,0.4488
81343719000,0.395225,0.232746,0.0797212,0.00794876,0.0231246,0.0126291,-0.893634,-0.00421247,0.0055319,0.448742
81353719000,0.395294,0.232976,0.0798495,0.00575491,0.022915,0.0130308,-0.893669,-0.00411948,0.00538669,0.448675
81363719000,0.395341,0.233203,0.0799815,0.0037799,0.0224641,0.0133672,-0.893705,-0.00403167,0.00525127,0.448607
81373719000,0.395369,0.233426,0.0801173,0.00179779,0.0220966,0.0137927,-0.893741,-0.00394483,0.00512743,0.448538
81383719000,0.395376,0.233644,0.0802575,-0.000348891,0.0215247,0.0142463,-0.893778,-0.00385653,0.00500978,0.448466
81393719000,0.395363,0.233856,0.0804026,-0.00234192,0.020828,0.0147603,-0.893818,-0.00376904,0.00489597,0.448388
81403719000,0.395329,0.234061,0.0805521,-0.00439862,0.020259,0.0151443,-0.893862,-0.00368631,0.00480405,0.448302
81413719000,0.39722,0.234721,0.0793402,0.000459422,0.0214003,0.0107375,-0.893908,-0.00359812,0.00472611,0.44821
81423719000,0.397215,0.234932,0.0794493,-0.00146417,0.0207983,0.0110855,-0.893954,-0.00351756,0.00466175,0.44812
81433719000,0.39863,0.235486,0.0786736,0.00179154,0.0213439,0.00831467,-0.894004,-0.0034401,0.00460695,0.448023
81443719000,0.398638,0.235696,0.0787591,-0.000107763,0.0206464,0.00877872,-0.894054,-0.00336852,0.00456502,0.447923
81453719000,0.398627,0.235899,0.0788483,-0.00200871,0.0199249,0.00907246,-0.894106,-0.00330351,0.00453525,0.447821
81463719000,0.398598,0.236094,0.0789405,-0.00382668,0.0190694,0.00937158,-0.89416,-0.00324456,0.00451575,0.447714
81473719000,0.398552,0.236281,0.0790359,-0.00549336,0.0183487,0.009701,-0.894216,-0.00318964,0.00450652,0.447601
81483719000,0.398488,0.23646,0.0791344,-0.00723504,0.0174417,0.0100049,-0.894272,-0.00314625,0.00452366,0.44749
81493719000,0.398839,0.237161,0.0782272,-0.00746263,0.0185176,0.0066179,-0.894329,-0.00310826,0.0045548,0.447376
81503719000,0.398757,0.237342,0.0782948,-0.00907798,0.0176519,0.00689362,-0.894387,-0.00306638,0.00459011,0.44726
81513719000,0.398658,0.237514,0.0783659,-0.0105952,0.0166974,0.00732602,-0.894447,-0.00304298,0.00464014,0.447139
81523719000,0.398545,0.237676,0.0784407,-0.0121119,0.0157212,0.00763544,-0.89451,-0.00302121,0.00470781,0.447013
81533719000,0.398416,0.237829,0.0785186,-0.013621,0.0147877,0.00794174,-0.894572,-0.00300699,0.00478512,0.446888
81543719000,0.398273,0.237973,0.0785997,-0.0149292,0.0139922,0.00828118,-0.894634,-0.00300214,0.00487733,0.446763
81553719000,0.398119,0.238108,0.0786838,-0.0159541,0.0130815,0.00853972,-0.894696,-0.0030022,0.00498274,0.446637
81563719000,0.397953,0.238234,0.078771,-0.0171322,0.0120487,0.00889837,-0.89476,-0.00300693,0.00510075,0.446507
81573719000,0.397777,0.238349,0.0788613,-0.0182155,0.0111396,0.00915789,-0.894825,-0.00301634,0.00522541,0.446376
81583719000,0.39759,0.238455,0.0789541,-0.0192018,0.00999024,0.0094151,-0.894891,-0.00303668,0.00536388,0.446242
81593719000,0.397393,0.238551,0.0794982,-0.0201516,0.00911686,0.00986814,-0.894955,-0.00306158,0.00551124,0.446112
81603719000,0.397187,0.238636,0.0795984,-0.021069,0.0080174,0.0101625,-0.895018,-0.00309448,0.00566753,0.445984
81613719000,0.396972,0.238711,0.0797003,-0.0218399,0.00699596,0.0102242,-0.895078,-0.00313698,0.00583186,0.44586
81623719000,0.397073,0.239644,0.0789149,-0.0213592,0.00919078,0.00548282,-0.895144,-0.00319275,0.00600789,0.445726
81633719000,0.39709,0.240307,0.0784106,-0.0211687,0.0103345,0.00265226,-0.89521,-0.00325047,0.00619487,0.44559
81643719000,0.396875,0.240405,0.0784372,-0.0217391,0.00929904,0.00266452,-0.895277,-0.00331822,0.0063855,0.445452
81653719000,0.396655,0.240493,0.0784645,-0.0221162,0.008376,0.00279137,-0.895341,-0.00339096,0.00658669,0.445319
81663719000,0.396433,0.240573,0.0784931,-0.0222712,0.00763637,0.00292917,-0.895403,-0.00346648,0.00677882,0.445191
81673719000,0.39621,0.240645,0.0785228,-0.0224729,0.00670702,0.00300144,-0.895466,-0.00355913,0.00698073,0.445061
81683719000,0.395984,0.240708,0.0785522,-0.0227397,0.00588361,0.00289427,-0.895526,-0.00365885,0.00718858,0.444935
81693719000,0.395756,0.240762,0.0785808,-0.022706,0.0049236,0.00280851,-0.895588,-0.00376069,0.00739849,0.444808
81703719000,0.39553,0.240806,0.0786092,-0.022629,0.00399431,0.00287561,-0.895645,-0.00386234,0.00761052,0.444688
81713719000,0.395306,0.240842,0.078638,-0.0221355,0.00310874,0.00289499,-0.895703,-0.00397021,0.00782373,0.444566
81723719000,0.39479,0.241245,0.0779743,-0.023075,0.00362202,-0.000606847,-0.895761,-0.00408716,0.0080328,0.444445
81733719000,0.394561,0.241277,0.0779673,-0.0226225,0.00280097,-0.000801491,-0.895816,-0.00420871,0.00823912,0.444329
81743719000,0.394338,0.241302,0.0779591,-0.0221218,0.00217346,-0.000842784,-0.895867,-0.00433883,0.00844071,0.44422
81753719000,0.39412,0.241321,0.0779506,-0.0214373,0.00171192,-0.00084903,-0.895916,-0.00447573,0.00864115,0.444116
81763719000,0.393909,0.241335,0.0779413,-0.0208332,0.00114759,-0.00101081,-0.895965,-0.00461164,0.00884415,0.444013
81773719000,0.393704,0.241344,0.0779301,-0.0201359,0.000651719,-0.00123243,-0.89601,-0.00475524,0.00904212,0.443917
81783719000,0.393506,0.241347,0.0779173,-0.0194106,-0.000116444,-0.00132123,-0.896053,-0.00490134,0.0092345,0.443824
81793719000,0.393317,0.241343,0.0779027,-0.0183922,-0.000706233,-0.00161242,-0.896093,-0.00504591,0.0094218,0.443737
81803719000,0.393138,0.241334,0.077886,-0.0173585,-0.00108886,-0.00173032,-0.896133,-0.00519459,0.00960613,0.443652
81813719000,0.392969,0.24132,0.0778675,-0.0164357,-0.00164276,-0.00195244,-0.896175,-0.00534571,0.0097841,0.443561
81823719000,0.392067,0.24131,0.0772873,-0.0179962,-0.0021221,-0.00477888,-0.896212,-0.00549811,0.00994668,0.443479
81833719000,0.391894,0.241287,0.0772391,-0.016629,-0.00255171,-0.00486781,-0.896248,-0.00565807,0.0101059,0.443401
81843719000,0.391117,0.24132,0.0768517,-0.0174466,-0.00267627,-0.00655857,-0.896284,-0.00581943,0.0102632,0.443323
81853719000,0.390949,0.241292,0.0767844,-0.0161893,-0.00290486,-0.00691351,-0.896316,-0.00597867,0.0104141,0.443253
81863719000,0.390794,0.241261,0.0767135,-0.0147372,-0.00332932,-0.00725625,-0.896346,-0.00614885,0.0105494,0.443186
81873719000,0.390653,0.241227,0.0766399,-0.013443,-0.00345005,-0.00746019,-0.896377,-0.00631517,0.0106796,0.44312
81883719000,0.390526,0.241191,0.0765638,-0.0120198,-0.00384376,-0.00776447,-0.896407,-0.00648506,0.0108027,0.443054
81893719000,0.390413,0.241151,0.0764849,-0.010479,-0.00414576,-0.0080134,-0.896435,-0.00665314,0.0109102,0.442991
81903719000,0.390317,0.241108,0.0764031,-0.00884665,-0.00447024,-0.00834847,-0.896464,-0.00682402,0.0110122,0.442928
81913719000,0.390236,0.241061,0.0763181,-0.007282,-0.00476173,-0.00866154,-0.896491,-0.00698735,0.0111021,0.442868
81923719000,0.390172,0.241013,0.0762296,-0.00561973,-0.00495592,-0.00902967,-0.896518,-0.00715365,0.0111801,0.442809
81933719000,0.390123,0.240962,0.0761376,-0.00419036,-0.00520636,-0.00937826,-0.896543,-0.00731649,0.0112529,0.442753
81943719000,0.390089,0.24091,0.0760418,-0.00259781,-0.00515401,-0.00977947,-0.89657,-0.00747541,0.0113157,0.442695
81953719000,0.389145,0.24074,0.075897,-0.00441683,-0.00565518,-0.0102664,-0.896597,-0.00763488,0.0113659,0.442636
81963719000,0.389109,0.240684,0.0757922,-0.00281671,-0.00553795,-0.0106997,-0.896622,-0.00779158,0.0114106,0.442582
81973719000,0.389088,0.240628,0.0756826,-0.00128843,-0.00559828,-0.0112081,-0.896649,-0.00794287,0.0114468,0.442523
81983719000,0.389082,0.240572,0.0755682,-1.00588e-05,-0.00551319,-0.0116859,-0.896677,-0.00809,0.0114795,0.442462
81993719000,0.389089,0.240518,0.0754489,0.00140381,-0.00543099,-0.0121729,-0.896707,-0.00823675,0.0114969,0.442398
82003719000,0.389109,0.240464,0.0753239,0.00266212,-0.00537691,-0.0128215,-0.896738,-0.00838317,0.0115134,0.442334
82013719000,0.389143,0.240411,0.0751931,0.00405993,-0.00519083,-0.0133451,-0.896769,-0.00852286,0.0115187,0.442267
82023719000,0.389191,0.240361,0.0750573,0.00550429,-0.00481199,-0.0138077,-0.896801,-0.00866573,0.0115085,0.4422
82033719000,0.389252,0.240314,0.074917,0.00682525,-0.00460427,-0.0142623,-0.896837,-0.00880206,0.0114895,0.442123
82043719000,0.388999,0.239952,0.0752321,0.00671053,-0.00526457,-0.0129888,-0.896873,-0.00892434,0.011476,0.44205
82053719000,0.389071,0.239902,0.0751002,0.00781934,-0.00479356,-0.0134,-0.896911,-0.00904945,0.0114509,0.44197
82063719000,0.388818,0.239599,0.075307,0.00746946,-0.00527372,-0.0126455,-0.896952,-0.00916507,0.0114254,0.441886
82073719000,0.388898,0.239548,0.0751775,0.00841222,-0.00481371,-0.0132438,-0.896994,-0.00927382,0.0113993,0.441798
82083719000,0.388986,0.239503,0.0750421,0.00927642,-0.00427876,-0.01385,-0.897037,-0.00937898,0.0113648,0.441709
82093719000,0.389083,0.239463,0.0748989,0.0101117,-0.0037514,-0.014775,-0.897083,-0.00948287,0.011323,0.441615
82103719000,0.389188,0.239427,0.0747477,0.010888,-0.00334522,-0.0154658,-0.89713,-0.00957851,0.0112835,0.441518
82113719000,0.3893,0.239397,0.0745894,0.0114219,-0.00272464,-0.0161941,-0.89718,-0.00966865,0.0112386,0.441417
82123719000,0.389416,0.239373,0.0744234,0.0119032,-0.0020072,-0.0170071,-0.897233,-0.00974822,0.0111908,0.441308
82133719000,0.389537,0.239355,0.0742499,0.0123208,-0.00152645,-0.0177026,-0.897284,-0.00982727,0.0111421,0.441203
82143719000,0.389662,0.239343,0.0740693,0.0126225,-0.000922892,-0.0184195,-0.897338,-0.00990298,0.0110936,0.441093
82153719000,0.390276,0.238932,0.0748837,0.014769,-0.00181,-0.0153214,-0.897396,-0.00997631,0.0110493,0.440976
82163719000,0.390425,0.238917,0.074727,0.0149436,-0.00121789,-0.0160129,-0.897453,-0.0100428,0.0109998,0.440859
82173719000,0.390574,0.238908,0.0745642,0.014959,-0.00062243,-0.0165569,-0.897512,-0.0101042,0.0109488,0.440738
82183719000,0.390724,0.238904,0.0743947,0.0150045,-0.000107783,-0.0173366,-0.897573,-0.0101602,0.0108994,0.440614
82193719000,0.390873,0.238906,0.0742188,0.0148939,0.000488164,-0.017843,-0.897635,-0.0102072,0.0108493,0.440487
82203719000,0.391023,0.238914,0.0740371,0.0149783,0.00105832,-0.0185059,-0.897698,-0.0102445,0.0108035,0.44036
82213719000,0.391172,0.238928,0.0738483,0.0148102,0.00175487,-0.0192494,-0.897766,-0.0102665,0.0107578,0.440222
82223719000,0.391319,0.238949,0.0736528,0.0147321,0.00252342,-0.0198517,-0.897834,-0.0102825,0.010708,0.440083
82233719000,0.391465,0.238978,0.0734513,0.0143462,0.00323714,-0.020441,-0.897904,-0.0102829,0.0106614,0.439942
82243719000,0.391605,0.239013,0.0732437,0.0137309,0.00379298,-0.0210922,-0.897975,-0.0102724,0.0106186,0.439798
82253719000,0.39174,0.239054,0.0730311,0.0132543,0.00434364,-0.0214157,-0.898044,-0.0102476,0.0105761,0.439659
82263719000,0.391869,0.2391,0.072816,0.0125636,0.00494196,-0.0216135,-0.898116,-0.0102134,0.010532,0.439514
82273719000,0.393184,0.238809,0.0744762,0.0161642,0.00466098,-0.015237,-0.89819,-0.0101832,0.0104908,0.439364
82283719000,0.393343,0.238857,0.0743222,0.0155584,0.0050577,-0.0155635,-0.898266,-0.0101434,0.0104549,0.439211
82293719000,0.394309,0.238616,0.0753798,0.017533,0.00462489,-0.0113754,-0.898343,-0.0100925,0.0104223,0.439056
82303719000,0.394481,0.238665,0.0752632,0.016816,0.00518679,-0.011931,-0.898416,-0.0100318,0.0103944,0.438908
82313719000,0.394645,0.238718,0.075142,0.0160226,0.00548295,-0.0123113,-0.898489,-0.00994876,0.0103699,0.43876
82323719000,0.394802,0.238777,0.0750166,0.0153473,0.00614191,-0.0127703,-0.89856,-0.00985172,0.0103516,0.438619
82333719000,0.394951,0.238838,0.0748861,0.014387,0.006247,-0.0133265,-0.89863,-0.00973488,0.0103356,0.438478
82343719000,0.39509,0.238902,0.074751,0.0134284,0.00652888,-0.0136943,-0.898698,-0.00960709,0.0103173,0.438342
82353719000,0.395218,0.238967,0.0746122,0.0121995,0.00646969,-0.01407,-0.898766,-0.00944764,0.0103004,0.438206
82363719000,0.395333,0.239029,0.07447,0.0108284,0.00594242,-0.0143725,-0.898831,-0.00925659,0.0102858,0.438076
82373719000,0.396522,0.239187,0.0758974,0.0146403,0.006875,-0.009628,-0.898894,-0.00903197,0.0102687,0.437953
82383719000,0.396665,0.239255,0.0757982,0.0138694,0.00674804,-0.0102228,-0.898956,-0.00876862,0.0102542,0.437832
82393719000,0.396802,0.239325,0.0756931,0.0136116,0.00733761,-0.0107926,-0.899013,-0.00847309,0.0102482,0.43772
82403719000,0.396932,0.239398,0.075585,0.0122905,0.0071912,-0.0108262,-0.899065,-0.00814624,0.0102353,0.43762
82413719000,0.397049,0.239469,0.0754777,0.0111609,0.00708974,-0.0106448,-0.899113,-0.00780113,0.0102271,0.437528
82423719000,0.397153,0.239541,0.075372,0.00974452,0.00727732,-0.0104772,-0.89916,-0.0074443,0.0102275,0.437437
82433719000,0.397244,0.239614,0.0752683,0.00835816,0.00729097,-0.0102645,-0.899206,-0.00708429,0.0102267,0.437349
82443719000,0.397323,0.239688,0.075167,0.00745269,0.00744754,-0.00999631,-0.899249,-0.00671938,0.0102299,0.437265
82453719000,0.39739,0.23976,0.0750687,0.00603866,0.00712019,-0.00967219,-0.899292,-0.00635428,0.0102502,0.437183
82463719000,0.397445,0.239831,0.0749756,0.00500276,0.00695247,-0.00894742,-0.899329,-0.00600233,0.0102791,0.43711
82473719000,0.397491,0.239899,0.0748901,0.00417796,0.00669393,-0.00814639,-0.899362,-0.00566998,0.0103147,0.437046
82483719000,0.39753,0.239963,0.0748149,0.00354,0.00616755,-0.00689681,-0.899389,-0.00537324,0.0103687,0.436994
82493719000,0.398831,0.240759,0.0763768,0.00754889,0.0086045,-5.48855e-06,-0.899407,-0.00512918,0.0104523,0.436957
82503719000,0.3989,0.240843,0.0763854,0.00638592,0.00818841,0.00172295,-0.899419,-0.00494056,0.0105652,0.436932
82513719000,0.399843,0.241416,0.0772481,0.00783195,0.0095642,0.00660589,-0.899426,-0.00483325,0.0107171,0.436915
82523719000,0.399909,0.241508,0.0773263,0.00554865,0.00881067,0.00901715,-0.899432,-0.00481063,0.0108917,0.436898
82533719000,0.399954,0.241593,0.0774305,0.00330836,0.00826757,0.0118293,-0.89944,-0.00489665,0.0110938,0.436876
82543719000,0.399974,0.241672,0.0775642,0.000845932,0.00736583,0.0149158,-0.89945,-0.00510664,0.011327,0.436847
82553719000,0.399972,0.241741,0.077729,-0.00140117,0.00655646,0.0180404,-0.899463,-0.00546362,0.0116006,0.436808
82563719000,0.399944,0.241802,0.0779273,-0.00403291,0.00565323,0.0216176,-0.89948,-0.00597704,0.0119184,0.436758
82573719000,0.399892,0.241855,0.0781617,-0.0064217,0.00493974,0.0252638,-0.899501,-0.00666073,0.0122748,0.436695
82583719000,0.399815,0.241899,0.0784346,-0.00909342,0.00382262,0.0293254,-0.899527,-0.00752452,0.0126791,0.436617
82593719000,0.401078,0.24269,0.0787739,-0.00686098,0.00550356,0.0300388,-0.899558,-0.0085807,0.0131322,0.436521
82603719000,0.400996,0.242739,0.0790947,-0.00940457,0.00444228,0.0341186,-0.899589,-0.0098516,0.0136385,0.436414
82613719000,0.40089,0.242778,0.0794566,-0.0117121,0.00339779,0.0382565,-0.899623,-0.0113332,0.0141939,0.436289
82623719000,0.400762,0.242806,0.0798585,-0.0139219,0.0023179,0.0421292,-0.899653,-0.0130474,0.0148196,0.436159
82633719000,0.400612,0.242824,0.0802966,-0.0159637,0.00130109,0.0454791,-0.899681,-0.0149843,0.0155078,0.436014
82643719000,0.400444,0.242832,0.0807667,-0.017812,0.00023775,0.048537,-0.899704,-0.0171418,0.0162581,0.43586
82653719000,0.400257,0.24283,0.0812668,-0.019665,-0.000659966,0.0514877,-0.899723,-0.0195033,0.017072,0.435692
82663719000,0.400051,0.242819,0.0817937,-0.0214483,-0.00175678,0.0538999,-0.899733,-0.0220584,0.0179445,0.435514
82673719000,0.399828,0.242796,0.0823444,-0.0232476,-0.00285208,0.0562397,-0.899733,-0.0247979,0.0188754,0.435328
82683719000,0.399587,0.242762,0.0829183,-0.0250386,-0.00389181,0.0585508,-0.899719,-0.0277201,0.0198674,0.435135
82693719000,0.399328,0.242718,0.0835143,-0.0267275,-0.00512779,0.0606446,-0.899692,-0.0308099,0.0209099,0.434934
82703719000,0.399054,0.242659,0.0841301,-0.0281606,-0.00666177,0.0625267,-0.899649,-0.0340769,0.0220055,0.434724
82713719000,0.399816,0.24214,0.0803294,-0.025856,-0.00953255,0.043429,-0.899587,-0.0375074,0.0231508,0.434512
82723719000,0.399548,0.242035,0.0807725,-0.0271174,-0.0109467,0.0451589,-0.899502,-0.0410987,0.0243464,0.434296
82733719000,0.400097,0.241817,0.0782099,-0.0253824,-0.012903,0.0326897,-0.899396,-0.0448567,0.0255939,0.434074
82743719000,0.399835,0.241677,0.0785444,-0.0264245,-0.0143752,0.0341994,-0.899262,-0.0487763,0.0268947,0.433849
82753719000,0.399564,0.241525,0.0788928,-0.0276162,-0.0159191,0.0354784,-0.899098,-0.0528585,0.0282471,0.433625
82763719000,0.399283,0.241355,0.0792546,-0.0284991,-0.0179027,0.0368711,-0.898902,-0.0571,0.0296617,0.433398
82773719000,0.398993,0.241167,0.0796297,-0.0294265,-0.0197734,0.0381479,-0.898671,-0.0615013,0.031125,0.433173
82783719000,0.398694,0.24096,0.0800181,-0.0304421,-0.021667,0.0395322,-0.898406,-0.0660735,0.0326335,0.432939
82793719000,0.398385,0.240736,0.0804188,-0.0314775,-0.0234109,0.0406074,-0.898102,-0.0708119,0.0342035,0.4327
82803719000,0.398067,0.240493,0.0808298,-0.0322443,-0.0252692,0.0416032,-0.897755,-0.0757117,0.0358348,0.432459
82813719000,0.397478,0.239408,0.075808,-0.0342232,-0.0301997,0.0184943,-0.897362,-0.0807729,0.0375313,0.432213
82823719000,0.397128,0.239093,0.075995,-0.0350772,-0.0320333,0.0188779,-0.89692,-0.0859935,0.0392726,0.431969
82833719000,0.396771,0.238761,0.0761861,-0.0360741,-0.0340245,0.0193376,-0.89643,-0.0913606,0.0410678,0.431717
82843719000,0.396403,0.238411,0.076382,-0.0373413,-0.036078,0.0198468,-0.895891,-0.0968726,0.0429126,0.431454
82853719000,0.396024,0.238038,0.0765829,-0.038549,-0.0384705,0.0203279,-0.895297,-0.102532,0.0448103,0.431188
82863719000,0.395633,0.237643,0.0767883,-0.0398141,-0.0406144,0.0207478,-0.894648,-0.108347,0.0467592,0.430904
82873719000,0.395229,0.237225,0.076996,-0.0411944,-0.0431325,0.0207984,-0.893943,-0.114306,0.0487543,0.430608
82883719000,0.394811,0.236784,0.0772033,-0.0423918,-0.0451354,0.0206743,-0.893176,-0.120408,0.0508003,0.430299
82893719000,0.394383,0.236323,0.0774076,-0.0434343,-0.0472988,0.0201962,-0.892348,-0.126642,0.0528957,0.429976
82903719000,0.393943,0.235841,0.0776056,-0.0445574,-0.0491424,0.0194015,-0.891459,-0.132997,0.0550373,0.429632
82913719000,0.393492,0.235342,0.0777946,-0.0457839,-0.0509778,0.0184028,-0.890505,-0.139457,0.0572232,0.429277
82923719000,0.393016,0.235513,0.0708042,-0.0474111,-0.0501589,-0.011593,-0.889488,-0.146018,0.0594416,0.428901
82933719000,0.392527,0.234996,0.0706844,-0.0492251,-0.0518948,-0.0124166,-0.888406,-0.152676,0.0616967,0.428506
82943719000,0.392336,0.235218,0.0660115,-0.0494612,-0.0509886,-0.0315913,-0.88726,-0.159438,0.0639903,0.428083
82953719000,0.391829,0.234696,0.0656896,-0.0508457,-0.0524237,-0.0328362,-0.886048,-0.166287,0.066313,0.427632
82963719000,0.391312,0.234162,0.065355,-0.0520907,-0.0538807,-0.0340963,-0.884773,-0.173217,0.0686522,0.427153
82973719000,0.390783,0.233617,0.0650078,-0.0536172,-0.0551118,-0.0353571,-0.883429,-0.180229,0.0710178,0.426646
82983719000,0.390237,0.23306,0.0646459,-0.0557925,-0.0564401,-0.0370254,-0.882021,-0.18731,0.0734047,0.426105
82993719000,0.38967,0.232488,0.0642688,-0.0576155,-0.057948,-0.0383947,-0.880547,-0.194455,0.0758063,0.425533
83003719000,0.389086,0.231904,0.063877,-0.0593499,-0.0590272,-0.0399398,-0.879008,-0.201653,0.0782239,0.424926
83013719000,0.388485,0.231309,0.0634696,-0.0610352,-0.0601184,-0.0415429,-0.877405,-0.208898,0.0806549,0.424283
83023719000,0.387867,0.230702,0.0630469,-0.0627448,-0.0614479,-0.0429941,-0.875736,-0.216189,0.0830949,0.423607
83033719000,0.387233,0.230083,0.0626108,-0.0642399,-0.0625257,-0.0442026,-0.874,-0.223536,0.085536,0.422893
83043719000,0.389651,0.22998,0.0584579,-0.0549223,-0.061976,-0.0597415,-0.872199,-0.230923,0.0879848,0.422139
83053719000,0.389088,0.229346,0.0578519,-0.0565497,-0.0635122,-0.0615166,-0.870332,-0.238336,0.0904361,0.421354
83063719000,0.388516,0.228706,0.0572309,-0.0573481,-0.0641095,-0.0626955,-0.868396,-0.245782,0.092887,0.420538
83073719000,0.387944,0.228067,0.0566006,-0.0570684,-0.0636402,-0.0633503,-0.866392,-0.253249,0.0953436,0.419691
83083719000,0.387356,0.227428,0.0559655,-0.0606609,-0.0643974,-0.0636664,-0.864326,-0.260709,0.0977887,0.418819
83093719000,0.386713,0.226764,0.0553252,-0.0679691,-0.0683562,-0.064445,-0.862203,-0.268149,0.100231,0.417918
83103719000,0.386008,0.22607,0.0546767,-0.0731971,-0.0706721,-0.0652452,-0.860015,-0.275575,0.102667,0.417003
83113719000,0.385256,0.225355,0.0540187,-0.0773777,-0.0725099,-0.0663362,-0.857774,-0.282967,0.10509,0.416064
83123719000,0.38447,0.224624,0.0533487,-0.0799935,-0.0737837,-0.0676473,-0.855478,-0.290314,0.107495,0.415115
83133719000,0.387739,0.225274,0.0492272,-0.0667281,-0.0694187,-0.0819079,-0.853131,-0.297607,0.109889,0.414153
83143719000,0.387057,0.224569,0.0484031,-0.0683584,-0.0703464,-0.0829718,-0.850744,-0.30483,0.11225,0.413175
83153719000,0.38929,0.225,0.0454082,-0.0589067,-0.0668698,-0.0925264,-0.848313,-0.311993,0.114593,0.412181
83163719000,0.388691,0.224323,0.0444779,-0.0597056,-0.0672115,-0.0935731,-0.845841,-0.319088,0.11691,0.411178
83173719000,0.38809,0.223647,0.0435362,-0.0602193,-0.067593,-0.0947771,-0.843338,-0.326105,0.1192,0.410156
83183719000,0.387487,0.222969,0.042582,-0.0602565,-0.0680814,-0.0960645,-0.840797,-0.333049,0.121465,0.409127
83193719000,0.386884,0.222286,0.0416155,-0.0603431,-0.0685517,-0.0972469,-0.838226,-0.339907,0.123704,0.408089
83203719000,0.38628,0.221599,0.0406379,-0.0605916,-0.0690114,-0.0982616,-0.835633,-0.346671,0.125905,0.407045
83213719000,0.385672,0.22091,0.0396512,-0.0611205,-0.068971,-0.0990804,-0.833017,-0.353336,0.128073,0.405997
83223719000,0.385059,0.220219,0.0386534,-0.0617249,-0.0693361,-0.100465,-0.830386,-0.359895,0.13022,0.404941
83233719000,0.384439,0.219524,0.0376449,-0.062303,-0.0698068,-0.101232,-0.827742,-0.366352,0.132338,0.403876
83243719000,0.383817,0.218829,0.0366271,-0.0623546,-0.0694265,-0.102318,-0.825087,-0.3727,0.134417,0.402813
83253719000,0.383192,0.218134,0.0355986,-0.0627378,-0.0696115,-0.103381,-0.822428,-0.378937,0.136459,0.401744
83263719000,0.38643,0.218768,0.033964,-0.0485686,-0.0651074,-0.10645,-0.819768,-0.385057,0.13847,0.400672
83273719000,0.385937,0.218114,0.0328979,-0.0490303,-0.0646611,-0.106784,-0.817115,-0.391056,0.140437,0.399595
83283719000,0.385448,0.217465,0.031825,-0.0484845,-0.0648476,-0.107816,-0.814465,-0.396933,0.142365,0.398526
83293719000,0.384961,0.216818,0.0307424,-0.04873,-0.0643709,-0.108693,-0.81183,-0.402685,0.144257,0.397451
83303719000,0.384472,0.216174,0.0296491,-0.0491806,-0.0645443,-0.109981,-0.809205,-0.408314,0.146115,0.396381
83313719000,0.383979,0.21553,0.0285437,-0.0495324,-0.0642678,-0.11108,-0.806595,-0.413827,0.147939,0.395305
83323719000,0.383483,0.214891,0.0274286,-0.0497886,-0.0637971,-0.111941,-0.804006,-0.41922,0.149726,0.394223
83333719000,0.382989,0.214252,0.0263026,-0.0491299,-0.0641076,-0.113254,-0.801437,-0.424488,0.151481,0.393143
83343719000,0.382502,0.213615,0.0251486,-0.0484466,-0.0633984,-0.117555,-0.798899,-0.42963,0.153202,0.392056
83353719000,0.38201,0.212979,0.0239696,-0.0501021,-0.0638651,-0.118252,-0.796385,-0.434677,0.154887,0.390944
83363719000,0.381526,0.212363,0.0227996,-0.0467999,-0.0595207,-0.115713,-0.793878,-0.439625,0.156554,0.389843
83373719000,0.383749,0.213971,0.0231725,-0.0395187,-0.0542649,-0.111172,-0.791408,-0.444447,0.15819,0.388737
83383719000,0.383334,0.213417,0.0220547,-0.0424981,-0.0554612,-0.112376,-0.78897,-0.449153,0.159797,0.387626
83393719000,0.384974,0.214545,0.021958,-0.0395042,-0.0523798,-0.112508,-0.786573,-0.453733,0.161365,0.38651
83403719000,0.384558,0.214006,0.0208267,-0.0427453,-0.0544258,-0.113792,-0.784207,-0.458212,0.16289,0.385392
83413719000,0.384135,0.213467,0.0196901,-0.0416006,-0.0531294,-0.113518,-0.781872,-0.462575,0.164408,0.38428
83423719000,0.383722,0.212937,0.0185545,-0.0409936,-0.0529662,-0.113594,-0.779577,-0.46683,0.165888,0.383159
83433719000,0.383337,0.212433,0.0174359,-0.0361406,-0.0479141,-0.110097,-0.777325,-0.470967,0.167337,0.382041
83443719000,0.382982,0.211959,0.0163354,-0.0349427,-0.0468698,-0.109997,-0.775136,-0.474963,0.16873,0.380926
83453719000,0.382657,0.2115,0.0152383,-0.0301682,-0.0450407,-0.109418,-0.772996,-0.478847,0.170083,0.379809
83463719000,0.382368,0.211068,0.014154,-0.027707,-0.041483,-0.107433,-0.770917,-0.482596,0.171392,0.378698
83473719000,0.382089,0.210649,0.013066,-0.0280582,-0.0423241,-0.11019,-0.768889,-0.486231,0.172679,0.377587
83483719000,0.381796,0.210218,0.0119567,-0.030739,-0.0439527,-0.111689,-0.766901,-0.489775,0.173928,0.376474
83493719000,0.382861,0.211387,0.0135544,-0.0271595,-0.0376903,-0.102781,-0.764954,-0.493223,0.175162,0.375359
83503719000,0.382585,0.211006,0.0125258,-0.0274697,-0.0380506,-0.102961,-0.763056,-0.496572,0.176359,0.374245
83513719000,0.382311,0.210628,0.011495,-0.0269848,-0.0372485,-0.103204,-0.761204,-0.499824,0.177534,0.373131
83523719000,0.38204,0.210258,0.0104651,-0.0273243,-0.0368261,-0.102776,-0.759401,-0.502982,0.178675,0.372014
83533719000,0.381762,0.209887,0.00943201,-0.0283179,-0.0373946,-0.10385,-0.757645,-0.506044,0.179794,0.370902
83543719000,0.381473,0.209512,0.00839265,-0.0294849,-0.0375528,-0.104025,-0.755932,-0.509026,0.180878,0.369786
83553719000,0.381172,0.209135,0.00734831,-0.0308279,-0.0380554,-0.104844,-0.754261,-0.511924,0.181944,0.368674
83563719000,0.38086,0.208753,0.0063,-0.0317035,-0.038274,-0.104816,-0.752632,-0.514748,0.182981,0.367556
83573719000,0.380537,0.20837,0.00525009,-0.0328037,-0.0383583,-0.105165,-0.751045,-0.517494,0.18399,0.366441
83583719000,0.380204,0.207987,0.00419889,-0.034015,-0.0384742,-0.105073,-0.749491,-0.520179,0.184984,0.36532
83593719000,0.381784,0.208497,0.00610565,-0.0278238,-0.035195,-0.0948355,-0.747961,-0.522817,0.185965,0.36419
83603719000,0.382722,0.208695,0.00696422,-0.0245551,-0.0334572,-0.0886311,-0.746452,-0.525418,0.186927,0.363048
83613719000,0.382471,0.208356,0.00607555,-0.0249202,-0.0336556,-0.0891171,-0.744951,-0.527991,0.187889,0.3619
83623719000,0.382219,0.208018,0.00518309,-0.0253356,-0.0337692,-0.0893807,-0.743456,-0.530544,0.18885,0.360738
83633719000,0.381963,0.20768,0.00428719,-0.0258087,-0.0338914,-0.0898006,-0.741956,-0.533089,0.189823,0.35956
83643719000,0.381702,0.207339,0.00338597,-0.0263117,-0.0342905,-0.0904432,-0.740452,-0.535628,0.190802,0.358368
83653719000,0.381436,0.206996,0.00248054,-0.0270107,-0.0343925,-0.0906427,-0.738935,-0.538174,0.191786,0.357158
83663719000,0.381163,0.206652,0.00157325,-0.0275607,-0.0344223,-0.0908141,-0.737409,-0.540718,0.192784,0.355929
83673719000,0.380886,0.206306,0.000663096,-0.0280404,-0.034813,-0.0912161,-0.735867,-0.543273,0.193789,0.354683
83683719000,0.380602,0.205957,-0.000249041,-0.0288273,-0.0350863,-0.0912111,-0.734307,-0.545846,0.194799,0.35341
83693719000,0.380301,0.205597,0.0673874,-0.0299684,-0.0358978,-0.0620247,-0.732733,-0.548431,0.195813,0.352112
83703719000,0.381709,0.206646,0.0671241,-0.0244619,-0.031014,-0.0599264,-0.73114,-0.55103,0.196835,0.350793
83713719000,0.381456,0.206332,0.066524,-0.0254645,-0.0313116,-0.0600925,-0.729532,-0.553639,0.197865,0.349453
83723719000,0.381195,0.206017,0.065922,-0.0265326,-0.0315955,-0.0603072,-0.727905,-0.556267,0.198895,0.348083
83733719000,0.380925,0.205699,0.0653182,-0.0275501,-0.0320217,-0.0604596,-0.726254,-0.558918,0.199931,0.346689
83743719000,0.380644,0.205375,0.0647123,-0.0286261,-0.0328244,-0.0607287,-0.72458,-0.561591,0.200963,0.345272
83753719000,0.380353,0.205043,0.0641045,-0.0296271,-0.0335328,-0.0608189,-0.722888,-0.564279,0.201996,0.343832
83763719000,0.380052,0.204704,0.063493,-0.030679,-0.0343498,-0.0614845,-0.721182,-0.566973,0.203034,0.342367
83773719000,0.379742,0.204357,0.0628765,-0.0314269,-0.0350907,-0.0618081,-0.719454,-0.569685,0.204076,0.340878
83783719000,0.379424,0.204003,0.0622574,-0.0322024,-0.0357785,-0.0620109,-0.717715,-0.572402,0.205115,0.339366
83793719000,0.379099,0.203641,0.0616355,-0.0329246,-0.0367614,-0.0623621,-0.715962,-0.575127,0.206145,0.337834
83803719000,0.378765,0.203268,0.0610085,-0.0340032,-0.0378838,-0.0630415,-0.714191,-0.577863,0.207163,0.336286
83813719000,0.381186,0.204174,0.0606676,-0.025106,-0.0343323,-0.0623384,-0.712406,-0.580605,0.208182,0.334716
83823719000,0.380929,0.203823,0.0600422,-0.0256277,-0.0353529,-0.0627516,-0.710604,-0.583365,0.209199,0.333111
83833719000,0.382522,0.204425,0.0596478,-0.0194038,-0.0328761,-0.062056,-0.70877,-0.586153,0.210213,0.331482
83843719000,0.382322,0.204088,0.0590229,-0.0199773,-0.0341188,-0.0629484,-0.706913,-0.588957,0.211233,0.329826
83853719000,0.382118,0.20374,0.0583909,-0.0206733,-0.0353231,-0.0634469,-0.705028,-0.591787,0.212253,0.328135
83863719000,0.381908,0.20338,0.0577531,-0.0212871,-0.0365758,-0.0641221,-0.703114,-0.594643,0.213271,0.326415
83873719000,0.381692,0.203007,0.0571086,-0.0218921,-0.0379804,-0.0647774,-0.701164,-0.597529,0.214291,0.324664
83883719000,0.381471,0.202621,0.0564584,-0.0223435,-0.0392902,-0.0652448,-0.69918,-0.600447,0.215309,0.322883
83893719000,0.381246,0.202221,0.0558046,-0.0227639,-0.0408039,-0.0655171,-0.697163,-0.603391,0.216326,0.321071
83903719000,0.381016,0.201804,0.0551439,-0.023389,-0.0427406,-0.066634,-0.695116,-0.606354,0.217347,0.319232
83913719000,0.380782,0.20137,0.054475,-0.0234394,-0.0440512,-0.0671332,-0.693028,-0.609353,0.21836,0.317364
83923719000,0.38268,0.202999,0.0542927,-0.0155524,-0.0378133,-0.0655201,-0.690903,-0.612378,0.21937,0.315472
83933719000,0.382519,0.202611,0.0536353,-0.0158103,-0.0392762,-0.0659766,-0.688751,-0.615421,0.220368,0.313555
83943719000,0.382359,0.202209,0.0529717,-0.0159808,-0.0409561,-0.0667438,-0.686567,-0.618484,0.221362,0.311614
83953719000,0.3822,0.201792,0.0523016,-0.0158317,-0.0423861,-0.0672771,-0.684351,-0.621565,0.222348,0.309647
83963719000,0.38204,0.201359,0.0516251,-0.0163037,-0.0441516,-0.068017,-0.682099,-0.62467,0.223326,0.307659
83973719000,0.381871,0.200904,0.0509302,-0.0174772,-0.0469616,-0.0709742,-0.679822,-0.627782,0.2243,0.305648
83983719000,0.381692,0.200431,0.0502136,-0.0185368,-0.0477764,-0.0723419,-0.677512,-0.630914,0.225261,0.303615
83993719000,0.381502,0.199941,0.0494772,-0.0194914,-0.0502952,-0.0749481,-0.675171,-0.63406,0.226212,0.301563
84003719000,0.381309,0.199435,0.0487288,-0.0191218,-0.0509739,-0.0747204,-0.672795,-0.637225,0.227155,0.299485
84013719000,0.381121,0.198922,0.0479811,-0.0187002,-0.0516565,-0.0747998,-0.670386,-0.640407,0.228083,0.297389
84023719000,0.380937,0.198401,0.0472309,-0.0180465,-0.0526557,-0.0752488,-0.667952,-0.643595,0.228998,0.295273
84033719000,0.383899,0.200453,0.0480145,-0.00649575,-0.0440341,-0.0693879,-0.665492,-0.646788,0.229901,0.29314
84043719000,0.383832,0.200005,0.0473171,-0.00604583,-0.0447768,-0.0700951,-0.663008,-0.649975,0.230789,0.291015
84053719000,0.385725,0.201285,0.0476507,0.00165104,-0.0387604,-0.0664691,-0.660497,-0.653168,0.23166,0.288876
84063719000,0.385741,0.200893,0.0469849,0.00238676,-0.0389734,-0.0667083,-0.657963,-0.656361,0.232516,0.286725
84073719000,0.385768,0.2005,0.0463173,0.00337544,-0.0392974,-0.0668094,-0.655413,-0.659546,0.23336,0.284562
84083719000,0.385807,0.200108,0.0456495,0.00440236,-0.0391847,-0.066767,-0.652847,-0.662718,0.234195,0.282399
84093719000,0.385856,0.199718,0.0449807,0.00527366,-0.038922,-0.066976,-0.650267,-0.66587,0.235017,0.280245
84103719000,0.385914,0.19933,0.0443106,0.0063649,-0.0386025,-0.0670417,-0.647682,-0.668999,0.235821,0.278094
84113719000,0.385983,0.198948,0.0436395,0.00728762,-0.0380186,-0.0671926,-0.645089,-0.67211,0.236605,0.275946
84123719000,0.386062,0.198571,0.0429676,0.0084006,-0.0373378,-0.0671863,-0.642491,-0.675197,0.237376,0.273799
84133719000,0.386152,0.198201,0.0422947,0.00951847,-0.036724,-0.0673843,-0.639889,-0.678259,0.238135,0.271657
84143719000,0.388325,0.200473,0.0450291,0.0183563,-0.0262426,-0.0538775,-0.637281,-0.681296,0.238879,0.269528
84153719000,0.388511,0.200212,0.0444898,0.0194768,-0.0252364,-0.0539824,-0.634675,-0.684299,0.23961,0.267412
84163719000,0.38871,0.199963,0.0439497,0.0204918,-0.0243678,-0.0540289,-0.632081,-0.687263,0.240321,0.26531
84173719000,0.388919,0.199724,0.043407,0.0214347,-0.0235762,-0.0545202,-0.6295,-0.690184,0.241014,0.263228
84183719000,0.389137,0.199494,0.0428604,0.0222126,-0.0224083,-0.0547947,-0.626936,-0.69306,0.241688,0.261162
84193719000,0.389365,0.199277,0.042312,0.0232525,-0.0210826,-0.0548825,-0.62439,-0.695894,0.242341,0.259113
84203719000,0.389602,0.199074,0.0417611,0.0239766,-0.0195417,-0.0553036,-0.621863,-0.69868,0.242986,0.257081
84213719000,0.389846,0.198887,0.0412061,0.0248313,-0.0180085,-0.0556848,-0.619355,-0.701416,0.243618,0.25508
84223719000,0.390099,0.198714,0.0406478,0.0257268,-0.0165142,-0.0559888,-0.616862,-0.70411,0.244236,0.2531
84233719000,0.390362,0.198559,0.0400857,0.0266724,-0.0147402,-0.056433,-0.614396,-0.706749,0.244846,0.251145
84243719000,0.390632,0.198421,0.0395181,0.0272841,-0.0129436,-0.0570823,-0.611945,-0.709344,0.24545,0.249216
84253719000,0.390908,0.198299,0.0389451,0.0278221,-0.0114834,-0.0575198,-0.609519,-0.711895,0.246034,0.247305
84263719000,0.391189,0.198193,0.0383657,0.0282539,-0.00972752,-0.0583647,-0.607112,-0.714401,0.246608,0.245421
84273719000,0.391061,0.19984,0.0377933,0.0269548,-0.0019628,-0.059018,-0.604735,-0.716855,0.247167,0.243563
84283719000,0.391096,0.200768,0.0372627,0.0263334,0.00287799,-0.0596643,-0.602391,-0.71926,0.247711,0.241722
84293719000,0.391355,0.200801,0.0366624,0.0263121,0.00442795,-0.060391,-0.60008,-0.721611,0.248242,0.239913
84303719000,0.391616,0.200852,0.0360556,0.026199,0.0059795,-0.0609832,-0.597797,-0.723913,0.248765,0.238126
84313719000,0.391878,0.20092,0.0354412,0.0260973,0.00769003,-0.0618897,-0.595538,-0.726172,0.249278,0.236367
84323719000,0.392137,0.201004,0.0348189,0.0257329,0.00912373,-0.0625787,-0.593308,-0.728385,0.249773,0.234636
84333719000,0.392393,0.201104,0.0341885,0.0253775,0.0108075,-0.0634888,-0.591107,-0.730558,0.250254,0.232917
84343719000,0.392644,0.201219,0.0335485,0.0249035,0.0121494,-0.0645267,-0.588942,-0.732682,0.250721,0.231223
84353719000,0.392892,0.201349,0.0328992,0.0244794,0.0137798,-0.065335,-0.586798,-0.734767,0.251178,0.229556
84363719000,0.393134,0.201495,0.0322424,0.023866,0.0152401,-0.0660076,-0.584679,-0.736811,0.251623,0.227917
84373719000,0.39337,0.201654,0.0315784,0.0232933,0.0165625,-0.0668103,-0.582592,-0.738811,0.25206,0.226298
84383719000,0.393599,0.201827,0.0309063,0.0224846,0.0179863,-0.0676034,-0.580539,-0.740768,0.252486,0.224697
84393719000,0.393821,0.202014,0.0302263,0.0217947,0.0192878,-0.0683865,-0.578516,-0.742684,0.252903,0.223112
84403719000,0.394035,0.202214,0.0295394,0.0208844,0.0206843,-0.0690015,-0.576523,-0.744561,0.253312,0.221549
84413719000,0.39424,0.202428,0.0288479,0.0200593,0.0220436,-0.0692949,-0.574547,-0.746409,0.253712,0.220001
84423719000,0.394437,0.202654,0.0281529,0.019309,0.0232449,-0.0697083,-0.572596,-0.748222,0.254103,0.218469
84433719000,0.394625,0.202895,0.0274536,0.0183558,0.0247038,-0.0701628,-0.570668,-0.750004,0.254489,0.216952
84443719000,0.394804,0.203149,0.0267504,0.0173587,0.0261949,-0.0704628,-0.568757,-0.751759,0.254861,0.215452
84453719000,0.394974,0.203419,0.0260462,0.0164627,0.0277633,-0.070385,-0.566858,-0.753491,0.255231,0.213963
84463719000,0.395134,0.203704,0.0253427,0.0155922,0.0290381,-0.0703189,-0.564969,-0.755202,0.255599,0.212482
84473719000,0.395286,0.204001,0.0246398,0.0146096,0.0303281,-0.0702468,-0.563097,-0.756888,0.255961,0.211013
84483719000,0.395427,0.204311,0.0239369,0.0135356,0.0317147,-0.0703495,-0.561241,-0.758551,0.256313,0.209553
84493719000,0.395558,0.204634,0.0232324,0.012675,0.032869,-0.0705486,-0.559399,-0.760195,0.256651,0.208105
84503719000,0.39568,0.204969,0.0225259,0.0117177,0.0340061,-0.0707438,-0.557573,-0.761812,0.256986,0.206669
84513719000,0.395793,0.205314,0.0218187,0.0108488,0.0349794,-0.0707029,-0.555769,-0.763403,0.257313,0.205247
84523719000,0.395897,0.20567,0.0211131,0.00974162,0.0361016,-0.0704023,-0.553976,-0.764975,0.257638,0.203829
84533719000,0.395991,0.206037,0.0204107,0.00897129,0.0373137,-0.0700892,-0.5522,-0.766526,0.25796,0.20241
84543719000,0.396078,0.206416,0.0197118,0.0084478,0.0384407,-0.0696797,-0.550427,-0.768065,0.258276,0.200996
84553719000,0.39616,0.206806,0.0190165,0.0079352,0.0395016,-0.0693942,-0.548663,-0.769591,0.258583,0.199583
84563719000,0.396239,0.207208,0.0183246,0.00776761,0.0408941,-0.0689839,-0.546885,-0.771116,0.258892,0.198169
84573719000,0.396311,0.207622,0.0176373,0.00667129,0.0417147,-0.0684719,-0.545096,-0.772642,0.259199,0.196749
84583719000,0.376723,0.222137,-0.00327393,-0.0533329,0.0849289,-0.129957,-0.543288,-0.774175,0.259504,0.195319
84593719000,0.376182,0.222987,-0.00457169,-0.0539723,0.08566,-0.129604,-0.541466,-0.775708,0.259818,0.193872
84603719000,0.375638,0.223846,-0.00586329,-0.0546336,0.0865486,-0.128718,-0.539628,-0.777244,0.260128,0.192424
84613719000,0.375089,0.224715,-0.00714816,-0.0551035,0.087245,-0.128257,-0.537775,-0.778782,0.260436,0.190969
84623719000,0.374536,0.225591,-0.00842823,-0.0554756,0.0878951,-0.127757,-0.535907,-0.780323,0.260741,0.189511
84633719000,0.373979,0.226473,-0.00970311,-0.0558875,0.0885176,-0.127218,-0.534033,-0.781858,0.261042,0.18805
84643719000,0.37342,0.227362,-0.010973,-0.0560205,0.0891886,-0.126768,-0.532151,-0.783392,0.261338,0.186589
84653719000,0.372859,0.228257,-0.0122375,-0.0561861,0.0898878,-0.126118,-0.530266,-0.784917,0.261636,0.185124
84663719000,0.372297,0.22916,-0.0134955,-0.0563674,0.0905943,-0.125491,-0.528375,-0.786438,0.26193,0.18365
84673719000,0.371734,0.23007,-0.0147484,-0.0563623,0.0913647,-0.125076,-0.526481,-0.787953,0.262219,0.182177
84683719000,0.376528,0.218299,-0.00922578,-0.0411203,0.0553871,-0.104943,-0.524584,-0.789461,0.262511,0.180696
84693719000,0.376093,0.21883,0.0837575,-0.0412053,0.0555828,-0.0551632,-0.522688,-0.790962,0.262787,0.179216
84703719000,0.378703,0.212374,0.08289,-0.0317642,0.0357725,-0.0557049,-0.520793,-0.792454,0.263064,0.17773
84713719000,0.378384,0.212733,0.0823416,-0.0313709,0.0366457,-0.053992,-0.518895,-0.793936,0.263337,0.17626
84723719000,0.378071,0.213101,0.0818021,-0.0311537,0.0370312,-0.053892,-0.517021,-0.795395,0.2636,0.174789
84733719000,0.37776,0.213471,0.081264,-0.0310073,0.0371075,-0.05374,-0.51516,-0.796837,0.263853,0.173328
84743719000,0.377451,0.213844,0.0807292,-0.0307392,0.0375544,-0.0532141,-0.513321,-0.798257,0.264096,0.171875
84753719000,0.377146,0.214222,0.080198,-0.0302938,0.0378622,-0.0530282,-0.511503,-0.799654,0.264328,0.170435
84763719000,0.376845,0.214603,0.0796691,-0.0299555,0.0384605,-0.0527611,-0.509722,-0.80102,0.264546,0.169015
84773719000,0.37655,0.214992,0.0791444,-0.0291295,0.0391999,-0.0521767,-0.507979,-0.802356,0.264748,0.167605
84783719000,0.376262,0.215388,0.0786248,-0.0284261,0.0399488,-0.0517408,-0.506257,-0.803671,0.264935,0.166214
84793719000,0.374872,0.207732,0.0807039,-0.0310632,0.0160374,-0.0404343,-0.504561,-0.804959,0.265119,0.164837
84803719000,0.374565,0.207894,0.0803005,-0.0298571,0.0167295,-0.0402429,-0.502895,-0.80622,0.26529,0.163487
84813719000,0.374268,0.208064,0.0799004,-0.0292345,0.0174977,-0.0397949,-0.501247,-0.80746,0.265454,0.162152
84823719000,0.37398,0.208243,0.0795011,-0.0284701,0.0183804,-0.0400521,-0.499631,-0.808676,0.265603,0.160833
84833719000,0.373701,0.20843,0.0791018,-0.0274017,0.0189956,-0.0398128,-0.498048,-0.809864,0.265741,0.159532
84843719000,0.373432,0.208625,0.078708,-0.026327,0.0198925,-0.038954,-0.496495,-0.811022,0.265876,0.15826
84853719000,0.373174,0.208828,0.0783198,-0.0254225,0.020721,-0.0386771,-0.49497,-0.812154,0.266003,0.157012
84863719000,0.372924,0.20904,0.0779345,-0.0245099,0.0215752,-0.0383922,-0.49348,-0.813259,0.266116,0.155787
84873719000,0.372683,0.209258,0.0775508,-0.0237035,0.0220524,-0.0383425,-0.492015,-0.814342,0.26622,0.154583
84883719000,0.372452,0.209483,0.0771672,-0.0226426,0.0229394,-0.0383813,-0.490567,-0.815404,0.266319,0.153408
84893719000,0.37197,0.200841,0.0784939,-0.0226924,-0.00382017,-0.0312194,-0.489148,-0.81644,0.266416,0.152259
84903719000,0.371745,0.200806,0.0781836,-0.0219281,-0.00289505,-0.0308342,-0.487746,-0.817455,0.266508,0.151143
84913719000,0.371282,0.195232,0.0788756,-0.0218097,-0.0195947,-0.0266805,-0.486357,-0.818456,0.266596,0.150045
84923719000,0.371066,0.195039,0.0786101,-0.0210179,-0.0187176,-0.0264204,-0.484973,-0.819445,0.266679,0.148975
84933719000,0.370859,0.194854,0.0783468,-0.0202623,-0.0180454,-0.0262309,-0.483603,-0.820417,0.266759,0.147934
84943719000,0.37066,0.194677,0.0780854,-0.0195628,-0.0174733,-0.0260434,-0.482245,-0.821371,0.266841,0.146922
84953719000,0.370468,0.194505,0.0778272,-0.0189455,-0.0168556,-0.0256059,-0.480909,-0.822303,0.266919,0.145937
84963719000,0.37028,0.194338,0.0775722,-0.0186332,-0.0164913,-0.0253962,-0.479587,-0.82322,0.266993,0.144979
84973719000,0.370096,0.194175,0.0773195,-0.0182446,-0.0162652,-0.0251481,-0.478283,-0.824117,0.267068,0.144053
84983719000,0.369915,0.194015,0.0770695,-0.0178126,-0.0158009,-0.0248366,-0.476998,-0.824993,0.267141,0.143162
84993719000,0.369738,0.193859,0.0768224,-0.017622,-0.0154549,-0.024588,-0.475735,-0.825848,0.267213,0.142296
85003719000,0.369564,0.193705,0.0765784,-0.0173897,-0.0153758,-0.0242137,-0.47449,-0.826685,0.26728,0.141464
85013719000,0.374128,0.197143,0.0691991,-0.00148567,-0.00358249,-0.0515886,-0.473251,-0.827512,0.267344,0.14066
85023719000,0.374112,0.197105,0.0686847,-0.0014423,-0.00357801,-0.0512868,-0.472036,-0.828316,0.267404,0.139889
85033719000,0.374098,0.19707,0.0681735,-0.00141196,-0.00347529,-0.0509644,-0.470837,-0.829105,0.267463,0.139145
85043719000,0.374083,0.197036,0.0676654,-0.00150857,-0.00334272,-0.0506544,-0.46965,-0.829878,0.267523,0.138428
85053719000,0.374067,0.197001,0.0671607,-0.00166246,-0.00352937,-0.0502899,-0.468464,-0.830647,0.267577,0.137729
85063719000,0.374052,0.196966,0.0666599,-0.00152913,-0.00353366,-0.0498753,-0.467279,-0.831408,0.267633,0.137054
85073719000,0.374036,0.19693,0.0661628,-0.00153996,-0.00363769,-0.0495446,-0.466098,-0.832159,0.26769,0.136404
85083719000,0.374021,0.196895,0.0656703,-0.00150624,-0.00348051,-0.0489557,-0.464902,-0.832911,0.26775,0.135774
85093719000,0.374007,0.196862,0.0651835,-0.00142075,-0.00319153,-0.0483991,-0.463689,-0.833666,0.267819,0.135153
85103719000,0.373992,0.19683,0.0647034,-0.00160999,-0.00315693,-0.047625,-0.462452,-0.834426,0.267898,0.134544
85113719000,0.378802,0.204111,0.0551526,0.014354,0.0213745,-0.0807097,-0.461186,-0.835195,0.267985,0.133943
85123719000,0.378944,0.204324,0.054349,0.0142756,0.0214679,-0.0800091,-0.459883,-0.835978,0.26808,0.133349
85133719000,0.382141,0.209128,0.0478039,0.0243643,0.0370464,-0.100589,-0.458532,-0.836781,0.268184,0.132754
85143719000,0.382381,0.209497,0.0468011,0.0240546,0.0370683,-0.0999821,-0.457138,-0.837603,0.268294,0.132154
85153719000,0.382621,0.209867,0.045805,0.0238627,0.0369822,-0.0992465,-0.455695,-0.838444,0.268418,0.131553
85163719000,0.382858,0.210236,0.0448162,0.0235353,0.0368388,-0.0984996,-0.454199,-0.839307,0.268554,0.130944
85173719000,0.38309,0.210603,0.0438348,0.0229046,0.0366155,-0.0977956,-0.452645,-0.840193,0.268702,0.130337
85183719000,0.383316,0.210967,0.0428594,0.0223846,0.0361917,-0.097277,-0.451045,-0.841099,0.268855,0.12972
85193719000,0.383538,0.211328,0.0418888,0.0218438,0.0359182,-0.096851,-0.449399,-0.842024,0.269019,0.129095
85203719000,0.383754,0.211685,0.0409227,0.0214046,0.0353657,-0.0963629,-0.447702,-0.842965,0.269201,0.128468
85213719000,0.389907,0.214628,0.0332462,0.0416369,0.0439123,-0.121306,-0.445957,-0.843927,0.269392,0.127819
85223719000,0.39032,0.215064,0.0320362,0.0411959,0.0434827,-0.120705,-0.444155,-0.84491,0.269596,0.127167
85233719000,0.390728,0.215495,0.0308315,0.0405689,0.043016,-0.120252,-0.442293,-0.84592,0.269805,0.126499
85243719000,0.391131,0.215923,0.0296325,0.040039,0.0424732,-0.119537,-0.440365,-0.846954,0.270035,0.125815
85253719000,0.391527,0.216345,0.0284403,0.0391676,0.0419612,-0.118907,-0.438374,-0.848014,0.270275,0.125104
85263719000,0.391914,0.216761,0.027252,0.0381661,0.0410933,-0.118751,-0.436305,-0.849106,0.27053,0.124378
85273719000,0.392292,0.217169,0.026068,0.0372644,0.040522,-0.11804,-0.434169,-0.850227,0.270795,0.123623
85283719000,0.392658,0.217568,0.0248903,0.0359257,0.0391941,-0.11751,-0.431977,-0.851367,0.271073,0.12284
85293719000,0.393015,0.217952,0.0237095,0.0355571,0.0376673,-0.118643,-0.429738,-0.852526,0.271356,0.122033
85303719000,0.393368,0.218321,0.0225271,0.0349138,0.0359028,-0.117845,-0.427445,-0.853702,0.271654,0.121191
85313719000,0.39465,0.222065,0.0206512,0.0368049,0.0463437,-0.120142,-0.425124,-0.854887,0.271956,0.120321
85323719000,0.39501,0.222517,0.0194511,0.0356092,0.0445426,-0.119896,-0.42278,-0.856077,0.272261,0.119428
85333719000,0.396161,0.22537,0.0178366,0.0372784,0.0509661,-0.121774,-0.420406,-0.857272,0.272576,0.118517
85343719000,0.396525,0.225867,0.0166228,0.0358814,0.0489274,-0.121004,-0.418018,-0.858467,0.272893,0.11758
85353719000,0.396876,0.226344,0.0154118,0.0344518,0.0466477,-0.121195,-0.415629,-0.859655,0.273209,0.116627
85363719000,0.397213,0.2268,0.0141972,0.0330386,0.0445453,-0.121727,-0.413232,-0.860839,0.273534,0.11565
85373719000,0.397535,0.227236,0.0129792,0.031302,0.0426558,-0.121883,-0.410829,-0.86202,0.273853,0.114655
85383719000,0.397844,0.227655,0.0117557,0.0304068,0.0410972,-0.122801,-0.408416,-0.863196,0.274182,0.11364
85393719000,0.39814,0.228058,0.0105236,0.0288005,0.0395274,-0.123618,-0.406005,-0.864363,0.274508,0.112611
85403719000,0.398423,0.228446,0.00928174,0.0276062,0.037901,-0.124754,-0.403592,-0.865523,0.274843,0.11156
85413719000,0.398693,0.228818,0.00802902,0.0264925,0.0365691,-0.125786,-0.40117,-0.866677,0.275179,0.110498
85423719000,0.398955,0.229179,0.00676627,0.0257422,0.0355229,-0.12676,-0.398745,-0.867822,0.275522,0.10943
85433719000,0.39974,0.226417,0.00883358,0.0267694,0.0230519,-0.116266,-0.396332,-0.868954,0.275864,0.108348
85443719000,0.400002,0.22664,0.00766068,0.0261856,0.0220136,-0.118328,-0.393916,-0.870077,0.276212,0.107252
85453719000,0.400259,0.226856,0.00646821,0.0252437,0.0211961,-0.120169,-0.391506,-0.871186,0.276571,0.106145
85463719000,0.400508,0.227064,0.00525655,0.024513,0.0204475,-0.122164,-0.389112,-0.872278,0.276933,0.105028
85473719000,0.400752,0.227267,0.00402571,0.0242889,0.0201153,-0.124,-0.386737,-0.873354,0.277295,0.103893
85483719000,0.400994,0.227471,0.00278174,0.0240371,0.0206024,-0.124792,-0.384376,-0.874413,0.277663,0.102763
85493719000,0.401236,0.227681,0.00153088,0.0243851,0.0213352,-0.125377,-0.382027,-0.875456,0.278032,0.101638
85503719000,0.401481,0.227899,0.000273218,0.0245822,0.0223599,-0.126153,-0.37969,-0.876485,0.2784,0.100513
85513719000,0.401728,0.22813,-0.000990258,0.0248105,0.0236203,-0.126541,-0.377358,-0.877503,0.278768,0.0993935
85523719000,0.401979,0.228374,-0.00225802,0.0252853,0.025314,-0.127009,-0.37503,-0.878509,0.279133,0.0982816
85533719000,0.412903,0.217956,-0.00159821,0.0637205,-0.0115658,-0.120843,-0.372703,-0.879504,0.279505,0.0971743
85543719000,0.41354,0.217846,-0.0028097,0.0640668,-0.00999551,-0.121452,-0.370378,-0.880493,0.279853,0.0960954
85553719000,0.420892,0.210929,-0.0027095,0.0883655,-0.0331126,-0.118072,-0.368088,-0.881458,0.2802,0.0950261
85563719000,0.421774,0.210599,-0.00389914,0.0884214,-0.0324613,-0.119856,-0.365803,-0.882414,0.280531,0.0939996
85573719000,0.422659,0.210279,-0.00510429,0.0886519,-0.0314268,-0.121173,-0.363545,-0.883349,0.280856,0.093007
85583719000,0.423546,0.20997,-0.00632407,0.0887355,-0.0303072,-0.122784,-0.361319,-0.884264,0.281167,0.0920403
85593719000,0.424437,0.209673,-0.00755749,0.089336,-0.029042,-0.123899,-0.359124,-0.885154,0.281479,0.0911187
85603719000,0.425332,0.209389,-0.00880193,0.0896804,-0.0278509,-0.124988,-0.356953,-0.886027,0.281777,0.0902335
85613719000,0.426233,0.20912,-0.0100424,0.0905377,-0.0259694,-0.123104,-0.354767,-0.886895,0.282072,0.0893989
85623719000,0.427138,0.208869,-0.0112723,0.0903995,-0.0244112,-0.12288,-0.352601,-0.887751,0.282353,0.0885848
85633719000,0.436255,0.211176,-0.0138973,0.121435,-0.0129901,-0.128214,-0.35042,-0.888602,0.282634,0.0878107
85643719000,0.437469,0.211051,-0.0151756,0.121698,-0.0115433,-0.127431,-0.348209,-0.889456,0.282902,0.0870925
85653719000,0.43869,0.210945,-0.0164464,0.122522,-0.00966125,-0.126723,-0.345976,-0.890307,0.283171,0.0864166
85663719000,0.439915,0.210855,-0.0177105,0.122577,-0.00829833,-0.126115,-0.343713,-0.891164,0.283427,0.0857724
85673719000,0.441143,0.210777,-0.0189669,0.123,-0.00722795,-0.125161,-0.341413,-0.892024,0.283681,0.0851721
85683719000,0.442373,0.210709,-0.0202161,0.122989,-0.00641174,-0.124686,-0.339091,-0.892887,0.283923,0.084601
85693719000,0.443603,0.210648,-0.0214591,0.122849,-0.00590101,-0.123918,-0.336758,-0.893746,0.284152,0.0840874
85703719000,0.444831,0.210591,-0.0226929,0.122767,-0.00565517,-0.122842,-0.334412,-0.894603,0.284364,0.0836129
85713719000,0.446057,0.210535,-0.0239158,0.122351,-0.00548206,-0.121731,-0.332072,-0.895451,0.284561,0.0831837
85723719000,0.447277,0.210481,-0.0251285,0.121749,-0.00532674,-0.12082,-0.329738,-0.896293,0.284739,0.082797
85733719000,0.448494,0.210429,-0.0263305,0.121541,-0.00514347,-0.119582,-0.327411,-0.897125,0.284902,0.0824566
85743719000,0.449708,0.210379,-0.0275187,0.12122,-0.00495125,-0.118049,-0.325087,-0.897953,0.285043,0.0821557
85753719000,0.439369,0.213851,-0.0210256,0.0794176,0.0078898,-0.0890541,-0.322772,-0.898772,0.285164,0.081906
85763719000,0.440161,0.213928,-0.0219077,0.0791294,0.00800498,-0.0873846,-0.320446,-0.899587,0.285279,0.0816929
85773719000,0.433813,0.216179,-0.0181662,0.0532153,0.0159609,-0.0687934,-0.318124,-0.900393,0.285382,0.0815244
85783719000,0.434344,0.216336,-0.0188455,0.0531234,0.0160688,-0.0670748,-0.315788,-0.901198,0.285474,0.0813918
85793719000,0.434879,0.216503,0.070517,0.0526502,0.0158731,-0.0354991,-0.313441,-0.902001,0.285553,0.0812967
85803719000,0.435404,0.21666,0.0701708,0.0523754,0.0154314,-0.03375,-0.311086,-0.902796,0.285628,0.081249
85813719000,0.435926,0.216813,0.0698421,0.0519819,0.0151228,-0.0319883,-0.308736,-0.903582,0.285694,0.0812446
85823719000,0.436443,0.216962,0.0695303,0.0514627,0.014712,-0.0303763,-0.306381,-0.904362,0.285749,0.0812873
85833719000,0.436955,0.217108,0.0692339,0.0508207,0.014443,-0.0288972,-0.304039,-0.905132,0.285788,0.0813736
85843719000,0.437459,0.217251,0.0689538,0.0499755,0.0140106,-0.027117,-0.301702,-0.905894,0.285816,0.0814934
85853719000,0.437954,0.21739,0.0686885,0.0491362,0.0137195,-0.02594,-0.299372,-0.906647,0.285829,0.0816618
85863719000,0.443644,0.218707,0.0630708,0.0675447,0.0175361,-0.0528274,-0.297036,-0.907395,0.285835,0.0818654
85873719000,0.444316,0.218878,0.0625497,0.0668884,0.0171445,-0.0514024,-0.294713,-0.908132,0.285828,0.0821126
85883719000,0.444981,0.219048,0.0620442,0.0661233,0.0168955,-0.0496945,-0.2924,-0.90886,0.285809,0.0824005
85893719000,0.445637,0.219213,0.0615523,0.0651091,0.0161264,-0.0486937,-0.290093,-0.909578,0.28578,0.0827231
85903719000,0.446284,0.219372,0.0610722,0.0642635,0.0157325,-0.0473228,-0.287796,-0.910285,0.285748,0.0830816
85913719000,0.446922,0.219527,0.0606036,0.0634343,0.0151597,-0.0464002,-0.28551,-0.910984,0.285702,0.0834684
85923719000,0.447553,0.219676,0.0601436,0.0626273,0.0146131,-0.0455921,-0.28323,-0.911673,0.285646,0.0839036
85933719000,0.448175,0.21982,0.0596916,0.061892,0.0140698,-0.0448066,-0.280957,-0.912353,0.285584,0.0843668
85943719000,0.448791,0.219959,0.0592484,0.0612856,0.0136344,-0.0438464,-0.278689,-0.913025,0.285511,0.0848532
85953719000,0.449401,0.220093,0.0588158,0.0607269,0.0131265,-0.0426701,-0.276424,-0.913691,0.285433,0.0853636
85963719000,0.450006,0.220222,0.0583951,0.0602862,0.0125469,-0.041468,-0.274162,-0.914346,0.285355,0.0859006
85973719000,0.450606,0.220345,0.057984,0.0596219,0.0120727,-0.0407429,-0.2719,-0.914996,0.28527,0.0864535
85983719000,0.451199,0.220464,0.0575779,0.0590769,0.0115848,-0.0404893,-0.26964,-0.915638,0.285181,0.087028
85993719000,0.451788,0.220577,0.0571745,0.058652,0.0110153,-0.0401791,-0.267379,-0.916271,0.285095,0.0876214
86003719000,0.452372,0.220685,0.0567733,0.0581479,0.0105171,-0.0400586,-0.265132,-0.916893,0.285008,0.0882198
86013719000,0.452951,0.220787,0.0563752,0.0577313,0.00986401,-0.0395753,-0.262885,-0.917506,0.284928,0.0888316
86023719000,0.453528,0.220882,0.0559819,0.0574761,0.00911353,-0.0390746,-0.26065,-0.918106,0.28485,0.0894569
86033719000,0.4541,0.220971,0.0555927,0.0571,0.00857885,-0.038758,-0.258425,-0.918696,0.284776,0.0900874
86043719000,0.45467,0.221054,0.0552072,0.0568463,0.00798815,-0.038355,-0.256204,-0.919278,0.284703,0.0907262
86053719000,0.455239,0.22113,0.0548262,0.0569267,0.00712761,-0.0378388,-0.253995,-0.919851,0.284629,0.091366
86063719000,0.455809,0.221196,0.054452,0.0569857,0.00601822,-0.036997,-0.251804,-0.920408,0.284567,0.0920062
86073719000,0.456379,0.221251,0.0540874,0.0570621,0.00485601,-0.0359243,-0.249624,-0.920955,0.284511,0.0926479
86083719000,0.456949,0.221294,0.0537286,0.056991,0.00357403,-0.0358431,-0.247457,-0.921492,0.284459,0.0932758
86093719000,0.457518,0.221323,0.0533684,0.0568635,0.00225414,-0.0362011,-0.245324,-0.922012,0.284416,0.0939021
86103719000,0.458087,0.221339,0.0530043,0.0568574,0.000911498,-0.0366065,-0.243218,-0.922519,0.284377,0.094516
86113719000,0.458656,0.221341,0.0526355,0.0569217,-0.000577974,-0.0371528,-0.241165,-0.923004,0.28435,0.0951249
86123719000,0.459226,0.221326,0.0522586,0.0570405,-0.00257374,-0.0382198,-0.239164,-0.923467,0.284336,0.0957177
86133719000,0.459798,0.221293,0.0518719,0.057339,-0.00412474,-0.0391338,-0.237214,-0.92391,0.284333,0.096303
86143719000,0.46037,0.221243,0.0514798,0.0571515,-0.00579768,-0.0392881,-0.235315,-0.924333,0.284345,0.0968713
86153719000,0.460941,0.221179,0.0510799,0.0570628,-0.00719121,-0.0406862,-0.233476,-0.924734,0.284371,0.0974127
86163719000,0.46151,0.221098,0.0506662,0.0567735,-0.00887305,-0.0420402,-0.231689,-0.925115,0.28441,0.0979458
86173719000,0.462076,0.221002,0.0502391,0.0564084,-0.0104366,-0.0433845,-0.229954,-0.92548,0.284452,0.0984595
86183719000,0.462638,0.22089,0.0497964,0.0559734,-0.0121142,-0.0451518,-0.228278,-0.925825,0.284507,0.0989616
86193719000,0.463195,0.22076,0.049335,0.0554412,-0.0139198,-0.0471423,-0.22667,-0.92615,0.284567,0.0994386
86203719000,0.463746,0.220611,0.0488552,0.0547495,-0.0159297,-0.0488127,-0.225122,-0.92646,0.284628,0.0998934
86213719000,0.46429,0.220442,0.0483563,0.0539122,-0.0178534,-0.0509576,-0.223638,-0.926753,0.284692,0.100323
86223719000,0.464824,0.220253,0.0478354,0.0529066,-0.0200564,-0.0532301,-0.222234,-0.927027,0.284757,0.100732
86233719000,0.465348,0.220041,0.0472919,0.0520243,-0.0222549,-0.0554591,-0.220905,-0.927284,0.284817,0.101122
86243719000,0.465866,0.21981,0.046728,0.0514278,-0.0239601,-0.0573302,-0.219664,-0.927522,0.284869,0.101487
86253719000,0.466376,0.219562,0.0461449,0.0506326,-0.0258581,-0.0592879,-0.218506,-0.927745,0.284916,0.101822
86263719000,0.466878,0.219296,0.045545,0.0498756,-0.02732,-0.0606824,-0.217424,-0.927956,0.284945,0.102135
86273719000,0.467373,0.219016,0.0449333,0.0491215,-0.0287548,-0.0616622,-0.216421,-0.928152,0.284965,0.102419
86283719000,0.467862,0.218723,0.0443113,0.0486621,-0.0297123,-0.0627279,-0.215471,-0.928342,0.284976,0.102679
86293719000,0.468346,0.218421,0.0436821,0.0481095,-0.0307749,-0.0631209,-0.214565,-0.928526,0.284974,0.102911
86303719000,0.468825,0.218109,0.0430496,0.0475628,-0.0316128,-0.0633738,-0.21369,-0.928709,0.284962,0.103118
86313719000,0.469297,0.21779,0.0424164,0.0469994,-0.0322565,-0.0632728,-0.212828,-0.928893,0.28494,0.103297
86323719000,0.469764,0.217467,0.041783,0.0463137,-0.0323783,-0.0634106,-0.211966,-0.929082,0.284912,0.103452
86333719000,0.470226,0.217143,0.0411506,0.0461179,-0.0324523,-0.063057,-0.2111,-0.929274,0.284881,0.103584
86343719000,0.470686,0.216819,0.0405239,0.0458602,-0.0324249,-0.0622926,-0.210204,-0.929479,0.284838,0.103686
86353719000,0.471144,0.216497,0.0399073,0.045781,-0.0319969,-0.0610114,-0.209262,-0.929698,0.284789,0.103759
86363719000,0.471603,0.216179,0.0393048,0.0459904,-0.0315969,-0.0594942,-0.208265,-0.929933,0.284739,0.1038
86373719000,0.472064,0.215865,0.0387188,0.04613,-0.0311845,-0.0577087,-0.207194,-0.930185,0.284694,0.103809
86383719000,0.472526,0.215556,0.0381511,0.0461957,-0.0306369,-0.0558238,-0.206039,-0.930457,0.284652,0.103789
86393719000,0.47299,0.215255,0.0375995,0.0467021,-0.0296522,-0.0544946,-0.204796,-0.930747,0.284619,0.103739
86403719000,0.473442,0.214956,0.0370756,0.04362,-0.030152,-0.0502999,-0.203433,-0.93106,0.284594,0.103673
86413719000,0.473888,0.214663,0.0365881,0.0456026,-0.0285382,-0.0471862,-0.202017,-0.931387,0.284579,0.103548
86423719000,0.47434,0.214379,0.036104,0.0447975,-0.0282644,-0.0496466,-0.200491,-0.931732,0.284579,0.103406
86433719000,0.474794,0.214103,0.0356242,0.0459171,-0.0270653,-0.0462997,-0.198846,-0.932101,0.284588,0.103235
86443719000,0.47525,0.213834,0.0351644,0.0453003,-0.0268163,-0.0456701,-0.197141,-0.932482,0.284606,0.103015
86453719000,0.475706,0.213568,0.0347143,0.0458511,-0.0263843,-0.0443565,-0.195317,-0.932885,0.28463,0.102776
86463719000,0.476162,0.213304,0.0342752,0.0454598,-0.0263427,-0.0434583,-0.193422,-0.933302,0.284657,0.102497
86473719000,0.476619,0.213041,0.0338466,0.0457357,-0.0263044,-0.0422668,-0.191443,-0.933731,0.284695,0.102198
86483719000,0.477074,0.212775,0.033426,0.0453549,-0.02702,-0.0418509,-0.189398,-0.934172,0.284742,0.101849
86493719000,0.477527,0.212501,0.0330109,0.0452392,-0.0278197,-0.0411647,-0.187293,-0.934619,0.284798,0.10148
86503719000,0.477977,0.212218,0.0326,0.0447313,-0.0287735,-0.0410256,-0.185152,-0.935074,0.284851,0.101075
86513719000,0.478422,0.211925,0.0321915,0.0441757,-0.0299731,-0.0406752,-0.182976,-0.935532,0.284908,0.100631
86523719000,0.47886,0.211619,0.0317841,0.0433725,-0.0311771,-0.0408082,-0.180788,-0.935992,0.284961,0.100163
86533719000,0.47929,0.211302,0.0313761,0.0425783,-0.0323788,-0.0407804,-0.178595,-0.936449,0.285013,0.0996667
86543719000,0.479712,0.210971,0.0309674,0.0418273,-0.0338092,-0.0409709,-0.176411,-0.936902,0.285068,0.0991421
86553719000,0.480125,0.210626,0.0305563,0.0407792,-0.035212,-0.0412324,-0.174239,-0.937352,0.285121,0.0985811
86563719000,0.480529,0.210267,0.030142,0.0399514,-0.0368199,-0.0416336,-0.172077,-0.937799,0.285165,0.0979984
86573719000,0.480923,0.209891,0.0297258,0.038824,-0.0382923,-0.0416129,-0.169929,-0.938246,0.285194,0.0973842
86583719000,0.481307,0.209501,0.0293078,0.0378965,-0.0398736,-0.0419877,-0.167808,-0.93869,0.285206,0.0967428
86593719000,0.48168,0.209095,0.0288861,0.0367943,-0.0412646,-0.0423338,-0.165711,-0.939131,0.285205,0.0960788
86603719000,0.482043,0.208677,0.0284624,0.0356417,-0.042495,-0.04242,-0.163645,-0.939572,0.285179,0.0953821
86613719000,0.482394,0.208247,0.0280372,0.0345444,-0.0434855,-0.042606,-0.161595,-0.940014,0.285131,0.094666
86623719000,0.482735,0.207807,0.0276103,0.0335695,-0.0446916,-0.0427844,-0.159573,-0.940454,0.285065,0.0939191
86633719000,0.483065,0.207355,0.0271819,0.0325385,-0.0456376,-0.0428909,-0.157577,-0.940891,0.284985,0.0931489
86643719000,0.483385,0.206894,0.0267527,0.0314231,-0.0467177,-0.0429546,-0.155614,-0.941326,0.284886,0.0923555
86653719000,0.483695,0.206422,0.0263244,0.0303637,-0.0476414,-0.0426898,-0.153677,-0.941757,0.284774,0.0915499
86663719000,0.483993,0.205942,0.0258978,0.0293443,-0.0484483,-0.0426355,-0.151772,-0.942184,0.284645,0.0907288
86673719000,0.48428,0.205454,0.0254721,0.0280441,-0.0491993,-0.0425118,-0.149902,-0.942608,0.284498,0.0898892
86683719000,0.484554,0.20496,0.0250482,0.0266669,-0.0497052,-0.0422582,-0.148068,-0.943029,0.284333,0.0890389
86693719000,0.484815,0.204459,0.0246268,0.0253662,-0.0504453,-0.0420131,-0.14627,-0.943445,0.284151,0.0881786
86703719000,0.485063,0.203953,0.024209,0.0243058,-0.0507988,-0.0415431,-0.144512,-0.943856,0.283955,0.0873014
86713719000,0.4853,0.203443,0.0237969,0.0230924,-0.0511905,-0.0408803,-0.142803,-0.944261,0.283745,0.086412
86723719000,0.485526,0.202931,0.0233912,0.0220753,-0.0512206,-0.0402636,-0.141138,-0.944656,0.283534,0.0855183
86733719000,0.485744,0.202419,0.0229928,0.0213801,-0.0513451,-0.0394223,-0.139508,-0.945042,0.283325,0.0846211
86743719000,0.485953,0.201903,0.022602,0.020491,-0.0518189,-0.0387284,-0.137912,-0.945422,0.283106,0.0837215
86753719000,0.486154,0.201381,0.0222196,0.0196365,-0.0526785,-0.0377479,-0.136354,-0.945796,0.282875,0.0828177
86763719000,0.486347,0.200851,0.0218451,0.0188326,-0.0532305,-0.037149,-0.134844,-0.946168,0.282618,0.0819132
86773719000,0.486531,0.200317,0.0214765,0.0180909,-0.0537726,-0.0365813,-0.133381,-0.94654,0.282332,0.0809965
86783719000,0.486709,0.199778,0.021109,0.0173108,-0.0539635,-0.0369174,-0.131979,-0.946908,0.282019,0.080076
86793719000,0.486853,0.199163,0.144767,0.0162383,-0.0544075,0.0938994,-0.13063,-0.947269,0.281694,0.0791586
86803719000,0.487013,0.198619,0.145707,0.0157337,-0.0545369,0.0942386,-0.12934,-0.947621,0.28136,0.0782406
86813719000,0.487167,0.198073,0.146655,0.0151093,-0.0545627,0.0952875,-0.128098,-0.947969,0.281011,0.0773227
86823719000,0.487316,0.197528,0.147612,0.0146955,-0.0545949,0.0961438,-0.126918,-0.948308,0.280654,0.0763997
86833719000,0.487462,0.196983,0.148579,0.014336,-0.0544387,0.0972331,-0.125778,-0.948642,0.280287,0.0754838
86843719000,0.487604,0.19644,0.149557,0.0140355,-0.0541047,0.0984428,-0.12469,-0.948966,0.279919,0.0745683
86853719000,0.487743,0.195902,0.150549,0.0138705,-0.05359,0.0999559,-0.123639,-0.949285,0.279546,0.0736564
86863719000,0.487882,0.195367,0.151555,0.0137497,-0.0532721,0.101237,-0.122631,-0.949596,0.279171,0.0727499
86873719000,0.488019,0.194837,0.152574,0.0138103,-0.0528745,0.102439,-0.121654,-0.949902,0.278794,0.0718417
86883719000,0.488158,0.194309,0.153605,0.0138927,-0.0527016,0.103811,-0.120717,-0.950199,0.278421,0.07093
86893719000,0.488299,0.193783,0.154652,0.0141613,-0.0524766,0.105518,-0.11981,-0.950488,0.278055,0.0700221
86903719000,0.488441,0.193258,0.155715,0.014347,-0.0525022,0.107224,-0.118938,-0.950771,0.27769,0.0691174
86913719000,0.488588,0.192734,0.156797,0.0149078,-0.0523441,0.109133,-0.118114,-0.951042,0.277335,0.0682141
86923719000,0.48874,0.192213,0.157899,0.0154969,-0.0519007,0.111198,-0.117325,-0.951306,0.276987,0.0673067
86933719000,0.488899,0.191697,0.159022,0.0162574,-0.0512576,0.113379,-0.116579,-0.95156,0.276647,0.0664031
86943719000,0.489064,0.191189,0.160166,0.0168036,-0.0504158,0.115582,-0.115873,-0.951804,0.276319,0.0655061
86953719000,0.489237,0.190688,0.161331,0.017646,-0.0498335,0.117299,-0.115196,-0.95204,0.275999,0.0646081
86963719000,0.489417,0.190193,0.162514,0.0184808,-0.0491873,0.119394,-0.114545,-0.952265,0.275699,0.0637156
86973719000,0.489605,0.189704,0.163719,0.0190727,-0.0486474,0.121624,-0.113924,-0.952484,0.275408,0.0628216
86983719000,0.489799,0.18922,0.16495,0.0196743,-0.0480663,0.124495,-0.113326,-0.952694,0.27513,0.0619282
86993719000,0.489998,0.188741,0.166208,0.0201088,-0.0476824,0.127123,-0.112757,-0.952898,0.274858,0.0610306
87003719000,0.490202,0.188267,0.167493,0.0205284,-0.0472704,0.129793,-0.112204,-0.953095,0.274599,0.0601351
87013719000,0.490408,0.187796,0.168804,0.0207621,-0.0468729,0.132423,-0.111685,-0.953281,0.274359,0.0592413
87023719000,0.490617,0.187329,0.17014,0.0210188,-0.0464676,0.134837,-0.111192,-0.953462,0.274121,0.0583505
87033719000,0.490829,0.186867,0.1715,0.0212696,-0.0460233,0.137256,-0.110713,-0.953637,0.273894,0.0574601
87043719000,0.491042,0.18641,0.172885,0.0214404,-0.0454626,0.139741,-0.110248,-0.953807,0.273673,0.0565663
87053719000,0.491256,0.185958,0.174296,0.0212437,-0.0448811,0.142409,-0.109807,-0.953973,0.273454,0.0556822
87063719000,0.491469,0.185511,0.175733,0.0213003,-0.0444699,0.145007,-0.109386,-0.954133,0.273244,0.0548017
87073719000,0.491681,0.185069,0.177196,0.021178,-0.0440078,0.147531,-0.108988,-0.954285,0.273047,0.0539192
87083719000,0.491893,0.184631,0.178684,0.0211157,-0.0435899,0.150049,-0.108612,-0.95443,0.272859,0.0530462
87093719000,0.492103,0.184197,0.180197,0.0209528,-0.0432788,0.152558,-0.108251,-0.954572,0.272673,0.0521821
87103719000,0.492312,0.183766,0.181735,0.020689,-0.0427934,0.155158,-0.107907,-0.954709,0.272494,0.0513207
87113719000,0.492517,0.183341,0.1833,0.020357,-0.042319,0.157773,-0.10758,-0.954843,0.272317,0.0504562
87123719000,0.492719,0.18292,0.18489,0.0199136,-0.0417739,0.160271,-0.107271,-0.954972,0.272142,0.0496006
87133719000,0.492917,0.182505,0.186506,0.0196553,-0.0413478,0.162835,-0.106977,-0.955099,0.271965,0.0487474
87143719000,0.493112,0.182094,0.188144,0.0193495,-0.0407688,0.164832,-0.106691,-0.955223,0.271793,0.0479037
87153719000,0.493303,0.181688,0.189804,0.0189179,-0.0403837,0.167113,-0.106413,-0.955342,0.271631,0.0470664
87163719000,0.493491,0.181286,0.191487,0.0185237,-0.0400672,0.169479,-0.106146,-0.955455,0.271478,0.046235
87173719000,0.493674,0.180888,0.193194,0.0180789,-0.0394333,0.1719,-0.105885,-0.955567,0.271326,0.0454054
87183719000,0.493853,0.180497,0.194924,0.0176733,-0.0388748,0.174173,-0.105643,-0.955675,0.271178,0.0445831
87193719000,0.494027,0.180112,0.196678,0.0171698,-0.0382011,0.176542,-0.105407,-0.955779,0.271033,0.0437715
87203719000,0.494196,0.179734,0.198454,0.0166107,-0.0373887,0.178804,-0.105169,-0.955882,0.270892,0.0429728
87213719000,0.49436,0.179362,0.200253,0.0160942,-0.0369082,0.180925,-0.104928,-0.955984,0.270751,0.0421751
87223719000,0.494518,0.178996,0.202073,0.015539,-0.0364204,0.183008,-0.104692,-0.956083,0.270613,0.0413885
87233719000,0.49467,0.178634,0.203913,0.0148897,-0.035868,0.185066,-0.104466,-0.956181,0.270472,0.0406164
87243719000,0.494816,0.178279,0.205774,0.0142083,-0.0351673,0.187057,-0.104254,-0.956275,0.270335,0.0398521
87253719000,0.494955,0.17793,0.207654,0.0137148,-0.0346921,0.188915,-0.104054,-0.956364,0.270207,0.0391027
87263719000,0.495091,0.177585,0.209552,0.0133561,-0.0341951,0.190673,-0.103868,-0.956449,0.270084,0.0383705
87273719000,0.495223,0.177246,0.211467,0.0130151,-0.0337054,0.192415,-0.103697,-0.95653,0.269964,0.0376499
87283719000,0.495351,0.176911,0.2134,0.0126856,-0.0331711,0.19413,-0.103543,-0.956606,0.26985,0.0369487
87293719000,0.495476,0.176581,0.215349,0.01231,-0.0328431,0.195693,-0.103412,-0.956676,0.269746,0.0362576
87303719000,0.495598,0.176256,0.217312,0.01206,-0.0321938,0.19699,-0.103306,-0.95674,0.269646,0.0355864
87313719000,0.495718,0.175937,0.219288,0.0117869,-0.0316591,0.198096,-0.103214,-0.956804,0.269543,0.0349225
87323719000,0.495834,0.175621,0.221274,0.01136,-0.031486,0.199162,-0.103147,-0.956859,0.269457,0.0342791
87333719000,0.495944,0.175307,0.22327,0.0107872,-0.0312822,0.200013,-0.103103,-0.956908,0.269376,0.0336559
87343719000,0.496051,0.174994,0.225275,0.0105027,-0.031266,0.201048,-0.103071,-0.956954,0.269302,0.0330549
87353719000,0.496149,0.174686,0.22728,0.00908829,-0.0303406,0.199981,-0.10309,-0.95699,0.269238,0.0324676
87363719000,0.49624,0.174388,0.229271,0.00905878,-0.0292773,0.198248,-0.103129,-0.957018,0.269192,0.031895
87373719000,0.496326,0.174096,0.231252,0.00815249,-0.0292424,0.19795,-0.103175,-0.957044,0.269145,0.0313528
87383719000,0.496405,0.173804,0.233231,0.00760074,-0.0289667,0.197823,-0.103267,-0.95706,0.269112,0.0308188
87393719000,0.496477,0.173516,0.235206,0.00681462,-0.0287229,0.197131,-0.103402,-0.957069,0.269087,0.0303082
87403719000,0.496543,0.17323,0.237176,0.00638039,-0.0285578,0.196934,-0.103565,-0.957072,0.269071,0.0298182
87413719000,0.496603,0.172944,0.239144,0.00555652,-0.0284927,0.196669,-0.103766,-0.957068,0.269059,0.0293428
87423719000,0.496655,0.172661,0.241108,0.00496581,-0.0280686,0.196065,-0.104004,-0.957059,0.269046,0.0288924
87433719000,0.496699,0.172382,0.243067,0.00379642,-0.0278637,0.195671,-0.104267,-0.957047,0.269034,0.0284529
87443719000,0.496734,0.172105,0.245023,0.0030809,-0.0274109,0.195528,-0.104569,-0.957029,0.269025,0.028041
87453719000,0.496761,0.171833,0.246975,0.00245577,-0.0269988,0.195012,-0.104912,-0.957005,0.269018,0.0276377
87463719000,0.496782,0.171566,0.248924,0.00168757,-0.0263375,0.194687,-0.105289,-0.956976,0.269012,0.0272559
87473719000,0.496796,0.171304,0.25087,0.00101769,-0.0260464,0.194437,-0.10569,-0.956943,0.26901,0.0268872
87483719000,0.496805,0.171045,0.252812,0.000862013,-0.0258343,0.193993,-0.106125,-0.956905,0.26901,0.0265401
87493719000,0.49681,0.170788,0.254748,0.000215702,-0.0255232,0.193368,-0.106581,-0.956861,0.269017,0.0262053
87503719000,0.496811,0.170534,0.256681,-3.39178e-05,-0.0252315,0.193186,-0.107053,-0.956813,0.26903,0.0258954
87513719000,0.496809,0.170284,0.258612,-0.000479713,-0.0248829,0.192886,-0.107549,-0.956761,0.269048,0.0255982
87523719000,0.496802,0.170037,0.260539,-0.000803169,-0.0244642,0.192615,-0.108051,-0.956706,0.269068,0.0253274
87533719000,0.496792,0.169794,0.262464,-0.00125409,-0.0240169,0.192349,-0.108571,-0.956648,0.269089,0.0250689
87543719000,0.496779,0.169556,0.264385,-0.00144937,-0.0235996,0.191958,-0.109089,-0.956588,0.269115,0.0248359
87553719000,0.496762,0.169323,0.266303,-0.00194804,-0.0230196,0.191546,-0.109621,-0.956525,0.269142,0.0246189
87563719000,0.49674,0.169095,0.268216,-0.00231983,-0.0225307,0.191054,-0.110156,-0.956459,0.269174,0.0244147
87573719000,0.496716,0.168872,0.270124,-0.00257012,-0.0220873,0.190628,-0.110696,-0.956392,0.269208,0.0242374
87583719000,0.496689,0.168655,0.272027,-0.00286828,-0.0213699,0.18997,-0.111234,-0.956322,0.269248,0.0240821
87593719000,0.496658,0.168444,0.273924,-0.00320932,-0.0206666,0.189447,-0.111775,-0.95625,0.269293,0.023935
87603719000,0.496626,0.168242,0.275816,-0.00330533,-0.0198261,0.188931,-0.112305,-0.956177,0.269344,0.0238055
87613719000,0.496593,0.168048,0.277702,-0.00332664,-0.0189801,0.188296,-0.11282,-0.956105,0.269395,0.0236911
87623719000,0.496558,0.167862,0.279581,-0.00358287,-0.0181798,0.187492,-0.113327,-0.95603,0.269456,0.0235961
87633719000,0.49652,0.167684,0.281452,-0.00408046,-0.0173279,0.186608,-0.113832,-0.955953,0.269524,0.023519
87643719000,0.496476,0.167518,0.283311,-0.00465641,-0.0158734,0.185197,-0.114327,-0.955875,0.269597,0.0234521
87653719000,0.496426,0.167366,0.28516,-0.00530129,-0.014611,0.184575,-0.114788,-0.955799,0.269676,0.0234044
87663719000,0.496371,0.167225,0.287001,-0.00569334,-0.0134746,0.183624,-0.115224,-0.955723,0.269761,0.0233676
87673719000,0.496312,0.167097,0.288834,-0.00614565,-0.0120335,0.183058,-0.115626,-0.955651,0.269845,0.0233481
87683719000,0.49625,0.166984,0.290664,-0.0063191,-0.0107499,0.182838,-0.115996,-0.95558,0.269939,0.0233461
87693719000,0.496185,0.166882,0.292491,-0.00658578,-0.00957898,0.182664,-0.116336,-0.95551,0.27004,0.0233525
87703719000,0.496119,0.166792,0.294317,-0.00660729,-0.00836544,0.182536,-0.116647,-0.955441,0.270149,0.0233666
87713719000,0.496053,0.166714,0.296142,-0.00662745,-0.00730327,0.182458,-0.116918,-0.955375,0.270263,0.0233988
87723719000,0.495986,0.166646,0.297968,-0.00668159,-0.00615364,0.182665,-0.117153,-0.95531,0.270386,0.0234341
87733719000,0.49592,0.16659,0.299795,-0.00659613,-0.00517584,0.18283,-0.117354,-0.955248,0.270514,0.0234791
87743719000,0.495855,0.166543,0.301624,-0.00649163,-0.0041455,0.182856,-0.117525,-0.955186,0.270653,0.0235359
87753719000,0.49579,0.166506,0.303452,-0.00641647,-0.00319429,0.182779,-0.117674,-0.955127,0.270793,0.0235959
87763719000,0.495727,0.16648,0.305279,-0.00613007,-0.00203421,0.182747,-0.117795,-0.955067,0.270946,0.0236704
87773719000,0.495667,0.166466,0.307107,-0.00598621,-0.000881143,0.18278,-0.117887,-0.955007,0.271108,0.0237527
87783719000,0.495607,0.166463,0.308935,-0.00596169,0.000379743,0.182872,-0.117944,-0.954951,0.271272,0.0238498
87793719000,0.495548,0.166473,0.310765,-0.0057918,0.00154634,0.183027,-0.117969,-0.954898,0.27144,0.0239592
87803719000,0.495137,0.165878,0.189625,-0.00558094,0.00252729,0.0760717,-0.117957,-0.954848,0.271611,0.0240712
87813719000,0.495082,0.165909,0.190387,-0.00549885,0.00369846,0.0762335,-0.117915,-0.9548,0.271789,0.024182
87823719000,0.495027,0.16595,0.19115,-0.00540153,0.00459548,0.0764613,-0.117833,-0.954754,0.271975,0.0242991
87833719000,0.494974,0.166001,0.191917,-0.0052631,0.00549125,0.0769,-0.117705,-0.954712,0.272167,0.0244252
87843719000,0.494923,0.16606,0.192688,-0.00501812,0.00635358,0.0773876,-0.117537,-0.954672,0.272368,0.0245491
87853719000,0.494873,0.166129,0.193466,-0.00495587,0.00737978,0.0780524,-0.117323,-0.954637,0.272572,0.0246763
87863719000,0.494823,0.166207,0.194249,-0.00500387,0.00826785,0.078635,-0.117065,-0.954605,0.272782,0.0248003
87873719000,0.494773,0.166293,0.195039,-0.00499919,0.00885204,0.0794363,-0.116742,-0.954582,0.27299,0.0249172
87883719000,0.494723,0.166385,0.195838,-0.00494689,0.00955008,0.0803436,-0.116372,-0.954564,0.273199,0.025039
87893719000,0.494673,0.166484,0.196646,-0.0050365,0.0102208,0.0812847,-0.11595,-0.954551,0.273412,0.0251652
87903719000,0.494623,0.166588,0.197464,-0.00495147,0.0107454,0.082182,-0.115476,-0.954545,0.273624,0.0252896
87913719000,0.494572,0.166697,0.198291,-0.0052695,0.0110055,0.0833104,-0.114945,-0.954543,0.27384,0.0254156
87923719000,0.494518,0.166808,0.199133,-0.00562661,0.011033,0.0850274,-0.114359,-0.954548,0.274058,0.0255422
87933719000,0.49446,0.166918,0.199991,-0.00593051,0.0109848,0.0865227,-0.113741,-0.954557,0.274275,0.0256501
87943719000,0.494399,0.167028,0.200863,-0.00621613,0.0110151,0.0880054,-0.113093,-0.954568,0.274495,0.0257585
87953719000,0.494339,0.167137,0.201752,-0.00594179,0.0107586,0.0896565,-0.112404,-0.954581,0.274721,0.02586
87963719000,0.494279,0.167244,0.202654,-0.00604428,0.0105838,0.0909003,-0.111689,-0.954598,0.274947,0.0259469
87973719000,0.494218,0.16735,0.203567,-0.00619404,0.0107595,0.0916961,-0.110949,-0.954614,0.27518,0.0260305
87983719000,0.494155,0.167459,0.204488,-0.00633026,0.0109161,0.092489,-0.110191,-0.954632,0.275416,0.0261134
87993719000,0.49409,0.167568,0.205417,-0.00658609,0.0108941,0.0933017,-0.109417,-0.95465,0.275654,0.0261826
88003719000,0.494023,0.167677,0.206354,-0.00690522,0.0108981,0.0939949,-0.108616,-0.95467,0.275896,0.0262427
88013719000,0.493953,0.167785,0.207297,-0.00710587,0.0106679,0.0946889,-0.107807,-0.95469,0.27614,0.0263
88023719000,0.49388,0.16789,0.208247,-0.00748628,0.0102957,0.0953154,-0.106978,-0.954711,0.276386,0.0263446
88033719000,0.493804,0.16799,0.209203,-0.00775028,0.00975116,0.0958857,-0.106129,-0.954734,0.27663,0.0263833
88043719000,0.493723,0.168085,0.210166,-0.00846284,0.00919557,0.0966407,-0.105268,-0.954757,0.276876,0.0264235
88053719000,0.493637,0.168175,0.211135,-0.00870312,0.00867762,0.0971471,-0.104397,-0.954778,0.277131,0.0264511
88063719000,0.493548,0.168258,0.212108,-0.00903599,0.00799927,0.0975406,-0.103507,-0.9548,0.277385,0.0264764
88073719000,0.493457,0.168335,0.213086,-0.00931405,0.00743582,0.098089,-0.102609,-0.954823,0.277638,0.0264953
88083719000,0.493363,0.168406,0.214069,-0.00951598,0.00665493,0.0984966,-0.1017,-0.954845,0.277896,0.0265121
88093719000,0.493266,0.168469,0.215056,-0.00978765,0.00595638,0.0988773,-0.100771,-0.954868,0.278153,0.0265197
88103719000,0.493167,0.168527,0.216047,-0.0100591,0.00559558,0.0992937,-0.0998354,-0.954891,0.27841,0.0265178
88113719000,0.493065,0.168581,0.217042,-0.0102929,0.00519853,0.0997105,-0.0988863,-0.954915,0.27867,0.0264968
88123719000,0.492963,0.168631,0.218043,-0.0102245,0.00463895,0.100541,-0.0979192,-0.954938,0.278935,0.0264736
88133719000,0.49286,0.168672,0.219054,-0.0103839,0.00356792,0.101566,-0.0969419,-0.954959,0.279205,0.0264542
88143719000,0.492749,0.168697,0.220088,-0.0117405,0.00136357,0.105355,-0.0959209,-0.954983,0.279477,0.0264428
88153719000,0.492627,0.168698,0.221161,-0.0126833,-0.00108,0.109225,-0.0948985,-0.955005,0.279754,0.0264053
88163719000,0.492494,0.168679,0.222275,-0.0139156,-0.00272209,0.113528,-0.0938731,-0.955026,0.280034,0.0263489
88173719000,0.492358,0.16865,0.223425,-0.0133354,-0.00318737,0.116454,-0.0928264,-0.955046,0.28032,0.0262964
88183719000,0.492225,0.168619,0.224591,-0.0132316,-0.00304269,0.116655,-0.0917611,-0.955067,0.280605,0.0262318
88193719000,0.492096,0.168592,0.22576,-0.0125822,-0.00226914,0.117338,-0.0906565,-0.955089,0.280896,0.0261673
88203719000,0.491969,0.168567,0.226942,-0.0128086,-0.00273777,0.118995,-0.08951,-0.955112,0.281189,0.0260983
88213719000,0.491844,0.168541,0.22814,-0.0123247,-0.00261291,0.120645,-0.0883365,-0.955133,0.281497,0.0260308
88223719000,0.49172,0.168515,0.229353,-0.0123304,-0.00255898,0.121854,-0.0871278,-0.955153,0.28181,0.0259574
88233719000,0.4916,0.168491,0.23058,-0.0117704,-0.00235654,0.123492,-0.085874,-0.955175,0.282128,0.0258734
88243719000,0.491485,0.168468,0.231821,-0.0112573,-0.00214946,0.124843,-0.0845791,-0.955198,0.282451,0.0257825
88253719000,0.491375,0.168449,0.233075,-0.0107289,-0.00175248,0.125968,-0.0832258,-0.955222,0.28278,0.0256807
88263719000,0.491272,0.168433,0.23434,-0.00997023,-0.00156589,0.12697,-0.0818231,-0.955247,0.283115,0.0255724
88273719000,0.491175,0.168418,0.235615,-0.00937451,-0.00135448,0.128043,-0.0803591,-0.955272,0.283459,0.025463
88283719000,0.491085,0.168406,0.236899,-0.00864482,-0.00112274,0.128789,-0.0788363,-0.9553,0.283804,0.0253392
88293719000,0.491001,0.168397,0.238191,-0.00812446,-0.000829825,0.129572,-0.0772551,-0.955329,0.284153,0.0252057
88303719000,0.490923,0.16839,0.239491,-0.00749754,-0.000535316,0.130348,-0.075623,-0.955356,0.284512,0.025071
88313719000,0.490852,0.168385,0.240799,-0.00674849,-0.000390823,0.13125,-0.0739352,-0.955383,0.284877,0.0249269
88323719000,0.490789,0.168384,0.242115,-0.00589055,9.87152e-05,0.13194,-0.0722011,-0.955409,0.285249,0.0247746
88333719000,0.490734,0.168386,0.243437,-0.00500625,0.000219518,0.132604,-0.0704018,-0.955436,0.285622,0.0246079
88343719000,0.490688,0.168389,0.244766,-0.00420436,0.000282302,0.133118,-0.068553,-0.955461,0.286002,0.0244311
88353719000,0.49065,0.168393,0.2461,-0.00349778,0.00054934,0.133742,-0.066643,-0.955487,0.286382,0.0242419
88363719000,0.490618,0.1684,0.24744,-0.00294203,0.000680992,0.134207,-0.0646776,-0.955513,0.286764,0.0240481
88373719000,0.490592,0.168409,0.248783,-0.00237735,0.00105864,0.134401,-0.0626572,-0.955536,0.287152,0.0238395
88383719000,0.490572,0.16842,0.250128,-0.00164416,0.00118183,0.134521,-0.0605859,-0.955559,0.287539,0.0236296
88393719000,0.490557,0.168434,0.251472,-0.00119042,0.00148464,0.134385,-0.0584725,-0.955581,0.287922,0.0234004
88403719000,0.490549,0.168451,0.252814,-0.000579147,0.00193165,0.134068,-0.0563103,-0.955601,0.288306,0.0231599
88413719000,0.490546,0.168472,0.254154,-6.04922e-05,0.00219661,0.133821,-0.0541087,-0.955619,0.288686,0.0229107
88423719000,0.490547,0.168495,0.25549,0.000272239,0.00235195,0.133377,-0.0518681,-0.955635,0.289064,0.0226498
88433719000,0.490551,0.16852,0.25682,0.000460635,0.00264635,0.132663,-0.0495857,-0.955651,0.289435,0.0223711
88443719000,0.490557,0.168549,0.258144,0.0007108,0.00295026,0.132094,-0.0472735,-0.955665,0.289796,0.0220756
88453719000,0.490564,0.168581,0.259461,0.000805209,0.00338473,0.131364,-0.044927,-0.955677,0.290154,0.0217681
88463719000,0.490574,0.168616,0.260771,0.00109757,0.00356092,0.130626,-0.042551,-0.955689,0.290497,0.0214535
88473719000,0.490584,0.168653,0.262073,0.000907632,0.00390053,0.12977,-0.040145,-0.955699,0.290829,0.0211242
88483719000,0.490593,0.168693,0.263367,0.000855784,0.00391967,0.128984,-0.0377186,-0.955706,0.291156,0.0207858
88493719000,0.490602,0.168733,0.264652,0.000780594,0.00410233,0.128029,-0.0352755,-0.955711,0.291469,0.0204336
88503719000,0.490609,0.168775,0.265928,0.000675892,0.00428032,0.127148,-0.0328079,-0.955713,0.291776,0.0200641
88513719000,0.490614,0.168819,0.267195,0.000319969,0.00441441,0.126223,-0.0303256,-0.955713,0.29207,0.0196762
88523719000,0.490617,0.168864,0.268452,0.000220123,0.00457213,0.125184,-0.0278204,-0.955709,0.29236,0.0192772
88533719000,0.490619,0.168911,0.269698,9.3473e-05,0.00473034,0.124131,-0.0253014,-0.955703,0.292636,0.0188596
88543719000,0.490619,0.16896,0.270934,-5.86417e-05,0.00491898,0.123024,-0.022768,-0.955693,0.292905,0.0184248
88553719000,0.490617,0.16901,0.272157,-0.000392099,0.00512721,0.121652,-0.0202235,-0.955679,0.293164,0.0179768
88563719000,0.490613,0.169063,0.273368,-0.000499612,0.00525806,0.120503,-0.0176772,-0.955662,0.293413,0.0175077
88573719000,0.490606,0.169116,0.274567,-0.000870312,0.00540332,0.119195,-0.0151267,-0.955641,0.293651,0.0170151
88583719000,0.490596,0.16917,0.275751,-0.00123371,0.00533709,0.117736,-0.0125681,-0.955616,0.293883,0.0165032
88593719000,0.490581,0.169226,0.27692,-0.00163763,0.00568007,0.116092,-0.0100127,-0.955587,0.294107,0.0159618
88603719000,0.490563,0.169283,0.278074,-0.00210193,0.00570164,0.11458,-0.00746186,-0.955553,0.294322,0.0154033
88613719000,0.49054,0.16934,0.279213,-0.00251477,0.00568848,0.113176,-0.00492088,-0.955514,0.29453,0.0148268
88623719000,0.490512,0.169395,0.280335,-0.0030581,0.00526195,0.111339,-0.00239311,-0.95547,0.294734,0.0142271
88633719000,0.49048,0.169449,0.28144,-0.00340305,0.00544138,0.1097,0.000128051,-0.955422,0.294929,0.0136033
88643719000,0.490445,0.169505,0.282528,-0.0037317,0.00563164,0.107796,0.00262834,-0.955367,0.295124,0.0129603
88653719000,0.490406,0.169562,0.283595,-0.0041647,0.00578595,0.105588,0.00511246,-0.955308,0.295313,0.0122892
88663719000,0.490361,0.169622,0.284642,-0.00470438,0.00610415,0.103847,0.00758157,-0.955244,0.295493,0.0115811
88673719000,0.490311,0.169685,0.285673,-0.00534449,0.0065128,0.10237,0.0100319,-0.955174,0.295676,0.0108585
88683719000,0.490255,0.169752,0.286689,-0.0059287,0.00682478,0.100755,0.0124678,-0.955099,0.295853,0.0101071
88693719000,0.490196,0.169823,0.287688,-0.0059602,0.00718626,0.0991597,0.0148868,-0.955018,0.296027,0.00933543
88703719000,0.490134,0.169896,0.288675,-0.00641238,0.00741381,0.0982172,0.0172828,-0.954933,0.296195,0.00854569
88713719000,0.490066,0.16997,0.28965,-0.00728011,0.0072499,0.0968127,0.0196463,-0.954841,0.296366,0.00773043
88723719000,0.489993,0.170044,0.290612,-0.00742922,0.00752583,0.0956014,0.0219761,-0.954744,0.296537,0.00689632
88733719000,0.489915,0.170122,0.29156,-0.00805836,0.00805085,0.0939589,0.0242802,-0.95464,0.296708,0.00603856
88743719000,0.489835,0.170205,0.292492,-0.00815642,0.00857794,0.0923504,0.0265648,-0.954531,0.29688,0.00516404
88753719000,0.48975,0.170292,0.293409,-0.00875211,0.0086745,0.0911968,0.0288224,-0.954416,0.297055,0.0042614
88763719000,0.489661,0.170381,0.294316,-0.00908382,0.00915341,0.0900427,0.0310397,-0.954295,0.297233,0.0033284
88773719000,0.489568,0.170473,0.295211,-0.00953763,0.00920447,0.0889512,0.0332416,-0.954166,0.297416,0.00236602
88783719000,0.489471,0.170566,0.296097,-0.00998016,0.00927321,0.0884165,0.0354207,-0.954031,0.297603,0.00138672
88793719000,0.489371,0.170659,0.296977,-0.0101679,0.00922385,0.0875329,0.0375744,-0.95389,0.297795,0.000381316
88803719000,0.489268,0.170751,0.297851,-0.0104189,0.00915493,0.0871716,0.039701,-0.95374,0.297999,-0.000643408
88813719000,0.489163,0.170841,0.29872,-0.0106862,0.00881764,0.0867018,0.0418045,-0.953582,0.298212,-0.00169079
88823719000,0.489057,0.170928,0.299583,-0.0105267,0.0085697,0.0858801,0.0438974,-0.953418,0.29843,-0.00276623
88833719000,0.488951,0.171013,0.30044,-0.01071,0.00839436,0.0855393,0.0459689,-0.953245,0.298657,-0.00385948
88843719000,0.488843,0.171095,0.301294,-0.0108152,0.0079164,0.0853411,0.0480182,-0.953066,0.29889,-0.00498341
88853719000,0.488734,0.171171,0.302147,-0.0111347,0.00731205,0.0851281,0.0500488,-0.95288,0.299127,-0.00612878
88863719000,0.488622,0.17124,0.302997,-0.011389,0.00640679,0.0849755,0.0520675,-0.952686,0.299375,-0.00730196
88873719000,0.488506,0.171301,0.303847,-0.011681,0.00572134,0.0848771,0.0540631,-0.952486,0.299626,-0.00849296
88883719000,0.488387,0.171355,0.304694,-0.0122589,0.00500994,0.0846933,0.0560488,-0.952278,0.299884,-0.0097029
88893719000,0.486759,0.169546,0.212272,-0.0131976,0.00382004,0.00772808,0.0580254,-0.952063,0.300149,-0.0109388
88903719000,0.486627,0.169581,0.21235,-0.0132082,0.00314176,0.00783212,0.0599911,-0.951841,0.300419,-0.0121841
88913719000,0.486492,0.169607,0.212428,-0.0138696,0.00205233,0.0077667,0.0619561,-0.951611,0.300693,-0.0134439
88923719000,0.48635,0.16962,0.21251,-0.0145425,0.00047235,0.00860634,0.0639056,-0.951375,0.300972,-0.0147211
88933719000,0.486204,0.169619,0.212596,-0.014741,-0.00072131,0.00858796,0.0658405,-0.95113,0.301263,-0.0160176
88943719000,0.486055,0.169606,0.212684,-0.0151169,-0.00196774,0.00893529,0.0677753,-0.950876,0.301565,-0.0173221
88953719000,0.485901,0.16958,0.212775,-0.0157221,-0.00321953,0.00931845,0.0697015,-0.950614,0.301874,-0.0186395
88963719000,0.485742,0.169541,0.212869,-0.0160948,-0.00471249,0.00957954,0.0716281,-0.950343,0.30219,-0.0199708
88973719000,0.485579,0.169486,0.212967,-0.0165322,-0.00627581,0.00997334,0.0735479,-0.950064,0.302514,-0.0213118
88983719000,0.485411,0.169415,0.213071,-0.0171869,-0.00792604,0.0107562,0.0754663,-0.949775,0.30285,-0.0226586
88993719000,0.485236,0.169328,0.213181,-0.0178135,-0.00947236,0.0113228,0.0773925,-0.949479,0.303189,-0.0240161
89003719000,0.485054,0.169225,0.2133,-0.0186536,-0.0112521,0.0124836,0.0793223,-0.949172,0.303539,-0.0253744
89013719000,0.484864,0.169104,0.213431,-0.019494,-0.0130012,0.0137264,0.0812423,-0.948857,0.3039,-0.0267364
89023719000,0.484667,0.168965,0.213573,-0.0199774,-0.0148133,0.0146343,0.0831729,-0.948533,0.304266,-0.0281011
89033719000,0.484463,0.168809,0.213724,-0.0207575,-0.0164165,0.015518,0.0851051,-0.948202,0.304634,-0.0294645
89043719000,0.484252,0.168636,0.213884,-0.0216254,-0.0181583,0.016572,0.0870654,-0.947862,0.305002,-0.0308388
89053719000,0.484031,0.168446,0.214056,-0.0225186,-0.0199019,0.0177239,0.0890367,-0.947512,0.305377,-0.0322152
89063719000,0.483802,0.168238,0.214238,-0.0234399,-0.0217837,0.0188366,0.0910328,-0.947154,0.305751,-0.0335928
89073719000,0.483563,0.168012,0.214433,-0.0243668,-0.0234977,0.0201187,0.0930449,-0.946787,0.306128,-0.0349726
89083719000,0.483315,0.167769,0.214639,-0.0253119,-0.0251962,0.021139,0.0950757,-0.946411,0.306506,-0.0363488
89093719000,0.483058,0.167509,0.214857,-0.0260256,-0.0268273,0.0223396,0.097138,-0.946026,0.306882,-0.0377263
89103719000,0.482795,0.167232,0.215086,-0.0267374,-0.0286048,0.0234681,0.099232,-0.945629,0.307259,-0.039112
89113719000,0.482526,0.16694,0.215326,-0.0271552,-0.0298531,0.024637,0.101359,-0.945224,0.307634,-0.0404955
89123719000,0.482249,0.166632,0.215581,-0.0282048,-0.0317511,0.0262816,0.103524,-0.944805,0.308013,-0.0418791
89133719000,0.481964,0.166307,0.215853,-0.0288091,-0.0333587,0.0280822,0.10572,-0.944378,0.308387,-0.0432567
89143719000,0.481672,0.165966,0.21614,-0.0296347,-0.0347389,0.0293845,0.107955,-0.943939,0.308761,-0.0446361
89153719000,0.481373,0.165614,0.216442,-0.0302524,-0.0357544,0.0309391,0.110232,-0.943487,0.309135,-0.0460136
89163719000,0.481068,0.165252,0.216759,-0.0308131,-0.03675,0.032512,0.112548,-0.94302,0.309514,-0.0474003
89173719000,0.480756,0.16488,0.217092,-0.0317024,-0.0377181,0.0341431,0.114915,-0.942541,0.309889,-0.0487773
89183719000,0.480436,0.164498,0.217442,-0.032246,-0.0386156,0.0357883,0.117326,-0.94205,0.31026,-0.0501499
89193719000,0.48011,0.164109,0.217809,-0.0330429,-0.0393078,0.0376211,0.119787,-0.941543,0.310634,-0.0515173
89203719000,0.479777,0.163713,0.218193,-0.0336724,-0.0398609,0.0392829,0.122303,-0.941021,0.311005,-0.0528874
89213719000,0.479437,0.163312,0.218594,-0.0344221,-0.0404749,0.0408895,0.12487,-0.940483,0.311376,-0.0542574
89223719000,0.479089,0.162905,0.219012,-0.0351175,-0.0409959,0.0426266,0.127488,-0.93993,0.311746,-0.0556148
89233719000,0.478736,0.162493,0.219447,-0.0356494,-0.0414217,0.0444239,0.130163,-0.939363,0.312105,-0.0569706
89243719000,0.478376,0.162077,0.219899,-0.0363764,-0.0419029,0.0459976,0.132893,-0.938778,0.312465,-0.0583236
89253719000,0.47801,0.161656,0.220367,-0.0369742,-0.0423211,0.0475104,0.135669,-0.938176,0.312827,-0.0596666
89263719000,0.477637,0.161231,0.22085,-0.0375139,-0.0427894,0.0490882,0.138504,-0.937555,0.313186,-0.0610066
89273719000,0.477259,0.160803,0.221349,-0.0381494,-0.0428602,0.0506682,0.14139,-0.936916,0.313545,-0.062344
89283719000,0.476875,0.160374,0.221863,-0.0388251,-0.0429911,0.0521517,0.14433,-0.936259,0.3139,-0.0636754
89293719000,0.476484,0.159944,0.222391,-0.039412,-0.0431248,0.0536092,0.147316,-0.935585,0.314251,-0.0649976
89303719000,0.476087,0.159514,0.222933,-0.0400417,-0.0429547,0.0547642,0.150353,-0.934895,0.314591,-0.0663133
89313719000,0.475683,0.159086,0.223486,-0.0408213,-0.0427708,0.055777,0.153445,-0.934187,0.314925,-0.0676159
89323719000,0.475273,0.15866,0.224047,-0.0412821,-0.0423731,0.0564194,0.156577,-0.933464,0.315248,-0.0689074
89333719000,0.474857,0.158241,0.224613,-0.0418428,-0.0415762,0.0567372,0.159752,-0.932722,0.315565,-0.0701903
89343719000,0.474438,0.157828,0.225183,-0.0420586,-0.040999,0.0573115,0.162969,-0.931965,0.315873,-0.0714621
89353719000,0.474012,0.15742,0.225761,-0.0431762,-0.0407828,0.0583347,0.166222,-0.931194,0.316164,-0.0727167
89363719000,0.473576,0.157014,0.226349,-0.0441415,-0.0405072,0.0592722,0.169505,-0.93041,0.316443,-0.073956
89373719000,0.473131,0.156611,0.226947,-0.0450271,-0.0401672,0.0602758,0.172828,-0.92961,0.316705,-0.0751853
89383719000,0.472679,0.156212,0.22756,-0.0452858,-0.0396524,0.0622745,0.176174,-0.928798,0.316956,-0.0763964
89393719000,0.47222,0.155816,0.228185,-0.0466865,-0.0395683,0.0627936,0.179523,-0.927975,0.317196,-0.0775922
89403719000,0.471747,0.155411,0.228825,-0.0478996,-0.04163,0.065241,0.182894,-0.927138,0.317429,-0.0787666
89413719000,0.471247,0.154987,0.229484,-0.0521395,-0.0432799,0.0665063,0.186292,-0.926287,0.317643,-0.0799386
89423719000,0.470722,0.154557,0.230152,-0.0530325,-0.0427982,0.0670816,0.189709,-0.925424,0.317847,-0.0810792
89433719000,0.470194,0.154138,0.230822,-0.0526104,-0.0410269,0.0670278,0.193159,-0.924546,0.318035,-0.0822126
89443719000,0.469668,0.153738,0.231497,-0.0525581,-0.039166,0.0679333,0.196626,-0.923653,0.318215,-0.0833259
89453719000,0.469141,0.153351,0.232183,-0.0530022,-0.0383037,0.0692465,0.200112,-0.922746,0.318383,-0.0844166
89463719000,0.468606,0.15297,0.232881,-0.0541101,-0.037838,0.0703451,0.20363,-0.921824,0.318535,-0.0854963
89473719000,0.468063,0.152596,0.233593,-0.054548,-0.0372209,0.0720096,0.207168,-0.920887,0.31868,-0.0865594
89483719000,0.467512,0.152225,0.234318,-0.0556059,-0.0370433,0.0730422,0.210734,-0.919933,0.318809,-0.0876104
89493719000,0.466954,0.151857,0.235056,-0.0560691,-0.0365014,0.0745643,0.214322,-0.918963,0.31893,-0.0886401
89503719000,0.466389,0.151495,0.235809,-0.057034,-0.0361177,0.0759494,0.217942,-0.917976,0.319033,-0.0896617
89513719000,0.465817,0.151138,0.236577,-0.0573162,-0.0352504,0.077721,0.22159,-0.916973,0.319124,-0.0906552
89523719000,0.465241,0.150789,0.237362,-0.0580812,-0.034689,0.079204,0.22527,-0.91595,0.319205,-0.0916367
89533719000,0.464657,0.150444,0.238163,-0.0586282,-0.034387,0.0809754,0.228969,-0.914911,0.319273,-0.0926034
89543719000,0.464068,0.150102,0.238982,-0.0592485,-0.0341363,0.0828757,0.232711,-0.91385,0.319328,-0.0935615
89553719000,0.463473,0.149763,0.23982,-0.0598704,-0.0338504,0.084755,0.236483,-0.912767,0.319375,-0.0945056
89563719000,0.462873,0.149426,0.240678,-0.0602569,-0.0335255,0.0868631,0.240294,-0.911661,0.319415,-0.0954365
89573719000,0.462268,0.149095,0.241557,-0.0606803,-0.0327394,0.0889933,0.24415,-0.910531,0.319436,-0.0963531
89583719000,0.46166,0.148771,0.242458,-0.0610443,-0.0321875,0.0912156,0.24803,-0.909379,0.319457,-0.097256
89593719000,0.461047,0.148452,0.243382,-0.0615837,-0.031703,0.0934908,0.251947,-0.908201,0.319467,-0.0981529
89603719000,0.460429,0.148139,0.244328,-0.0620321,-0.0310782,0.0958249,0.255908,-0.906997,0.319467,-0.0990389
89613719000,0.459808,0.147831,0.245299,-0.0623905,-0.0305676,0.098217,0.259912,-0.905765,0.319457,-0.0999151
89623719000,0.459181,0.147529,0.246294,-0.0629287,-0.0300657,0.100835,0.263979,-0.904502,0.319425,-0.10079
89633719000,0.458551,0.14723,0.247313,-0.0631592,-0.0297166,0.103011,0.268088,-0.903207,0.319388,-0.101671
89643719000,0.457918,0.146936,0.248355,-0.0634903,-0.029278,0.105357,0.272235,-0.901882,0.319342,-0.102552
89653719000,0.457282,0.146642,0.24942,-0.0637917,-0.0294994,0.107717,0.276432,-0.900527,0.319279,-0.103431
89663719000,0.456644,0.146349,0.250508,-0.0639818,-0.0293383,0.109827,0.280673,-0.899138,0.319206,-0.104308
89673719000,0.456011,0.146058,0.251617,-0.0626725,-0.0289017,0.112019,0.284959,-0.897719,0.319119,-0.105175
89683719000,0.45538,0.145771,0.252748,-0.0635609,-0.0287129,0.114068,0.28929,-0.896266,0.31902,-0.106045
89693719000,0.454743,0.145484,0.2539,-0.0638217,-0.0286692,0.116303,0.29366,-0.894778,0.318909,-0.10692
89703719000,0.454104,0.145197,0.255071,-0.0641031,-0.0288396,0.118054,0.298068,-0.893257,0.318788,-0.107806
89713719000,0.453461,0.144907,0.256261,-0.0646038,-0.0293253,0.119872,0.302506,-0.891704,0.318654,-0.108693
89723719000,0.452811,0.144611,0.25747,-0.0653558,-0.0299982,0.121853,0.306975,-0.890117,0.31851,-0.109591
89733719000,0.452156,0.14431,0.258697,-0.0656843,-0.030297,0.123665,0.311477,-0.888496,0.318352,-0.110495
89743719000,0.451499,0.144007,0.259946,-0.0659595,-0.0304859,0.126063,0.316018,-0.886837,0.318183,-0.111408
89753719000,0.450823,0.143691,0.26121,-0.0693046,-0.0327886,0.1268,0.320614,-0.885137,0.31799,-0.112347
89763719000,0.450117,0.14334,0.26249,-0.0719336,-0.037456,0.129184,0.325243,-0.883401,0.317783,-0.113289
89773719000,0.449391,0.14296,0.263789,-0.0733519,-0.0388351,0.130536,0.329893,-0.88163,0.31756,-0.114257
89783719000,0.448661,0.142567,0.265105,-0.0727718,-0.039888,0.132819,0.334563,-0.879825,0.317328,-0.115234
89793719000,0.447924,0.142159,0.266442,-0.0745175,-0.041738,0.13446,0.33925,-0.877985,0.317083,-0.116229
89803719000,0.447184,0.14174,0.267795,-0.0735998,-0.0422984,0.136218,0.343961,-0.876108,0.316828,-0.117244
89813719000,0.446439,0.141304,0.269163,-0.075444,-0.0448284,0.137414,0.348687,-0.874197,0.316557,-0.118277
89823719000,0.44568,0.140848,0.270545,-0.0765445,-0.0466146,0.138838,0.353423,-0.872252,0.316275,-0.11933
89833719000,0.444908,0.140373,0.271938,-0.0778909,-0.0484783,0.13991,0.358183,-0.87027,0.315974,-0.120401
89843719000,0.444121,0.13988,0.273344,-0.0795157,-0.0501835,0.141124,0.362952,-0.868254,0.315656,-0.121498
89853719000,0.443322,0.139371,0.274762,-0.0805094,-0.0519033,0.142651,0.367731,-0.866203,0.315325,-0.122621
89863719000,0.442511,0.138846,0.276195,-0.0816653,-0.0530567,0.143787,0.372517,-0.864121,0.314976,-0.123757
89873719000,0.441689,0.138308,0.277639,-0.0828964,-0.0547825,0.145155,0.377322,-0.862002,0.314609,-0.124908
89883719000,0.440856,0.137756,0.279096,-0.0837788,-0.0557978,0.14625,0.382132,-0.859853,0.314219,-0.12607
89893719000,0.436343,0.132335,0.211326,-0.085873,-0.0587508,0.0879999,0.386948,-0.857672,0.313811,-0.127252
89903719000,0.435475,0.131741,0.212211,-0.0877283,-0.0602422,0.0889097,0.391772,-0.855454,0.313389,-0.128454
89913719000,0.434593,0.131132,0.213105,-0.0887457,-0.0616707,0.0898927,0.396611,-0.853201,0.312941,-0.129677
89923719000,0.433701,0.130509,0.214009,-0.089875,-0.0629619,0.0908749,0.401456,-0.85091,0.312474,-0.130943
89933719000,0.432795,0.129871,0.214921,-0.0914486,-0.0647019,0.0916229,0.406313,-0.848582,0.311988,-0.132218
89943719000,0.431873,0.129216,0.215842,-0.0928755,-0.066455,0.0925047,0.41117,-0.846224,0.311478,-0.13351
89953719000,0.430937,0.128544,0.216773,-0.0944522,-0.0680586,0.0936883,0.416037,-0.84383,0.310945,-0.134821
89963719000,0.429986,0.127856,0.217712,-0.0958417,-0.0696739,0.0942109,0.420914,-0.841399,0.310389,-0.13615
89973719000,0.429019,0.127155,0.218659,-0.0977287,-0.0708112,0.0950839,0.425795,-0.838937,0.309804,-0.137496
89983719000,0.428034,0.126441,0.219614,-0.0993536,-0.0720335,0.0959239,0.430687,-0.836434,0.309201,-0.138859
89993719000,0.427032,0.125716,0.220577,-0.101131,-0.073115,0.0966368,0.435596,-0.833893,0.308568,-0.140233
90003719000,0.426012,0.12498,0.221544,-0.102847,-0.0741763,0.0969374,0.440509,-0.831313,0.307914,-0.141631
90013719000,0.424976,0.124233,0.222517,-0.104523,-0.0754098,0.0975568,0.445431,-0.828695,0.30723,-0.143057
90023719000,0.423922,0.123473,0.223494,-0.106328,-0.0766444,0.0979768,0.450368,-0.826035,0.306521,-0.1445
90033719000,0.422852,0.122703,0.224477,-0.107888,-0.0774602,0.0984975,0.455317,-0.82333,0.305791,-0.145964
90043719000,0.421765,0.121923,0.225465,-0.109525,-0.0787461,0.0990505,0.460285,-0.820581,0.30503,-0.147449
90053719000,0.420662,0.121132,0.226457,-0.11123,-0.0796806,0.0994777,0.465269,-0.817788,0.304241,-0.148947
90063719000,0.419542,0.120329,0.227455,-0.112876,-0.0809632,0.100179,0.47027,-0.814951,0.303417,-0.150466
90073719000,0.418405,0.119516,0.22846,-0.114548,-0.0818636,0.100732,0.475292,-0.812061,0.302572,-0.152003
90083719000,0.417251,0.118692,0.229471,-0.116342,-0.0829206,0.101476,0.480329,-0.809123,0.301701,-0.153559
90093719000,0.416086,0.117854,0.230491,-0.116763,-0.0848712,0.102627,0.485392,-0.806135,0.300795,-0.155124
90103719000,0.414906,0.116983,0.231516,-0.119392,-0.0894139,0.102224,0.490482,-0.803089,0.299862,-0.15671
90113719000,0.413701,0.116064,0.232538,-0.121821,-0.094618,0.102267,0.495588,-0.799992,0.298903,-0.158314
90123719000,0.412473,0.115095,0.233564,-0.123765,-0.0992557,0.102786,0.500724,-0.796834,0.297912,-0.159934
90133719000,0.411224,0.114088,0.234593,-0.126247,-0.102305,0.103074,0.505877,-0.793621,0.296894,-0.161578
90143719000,0.409956,0.113057,0.235629,-0.12737,-0.104081,0.104206,0.511051,-0.790357,0.295835,-0.163231
90153719000,0.408676,0.112015,0.236676,-0.128686,-0.104522,0.105119,0.51625,-0.787028,0.294749,-0.164913
90163719000,0.407383,0.110967,0.237731,-0.130105,-0.10519,0.106049,0.521482,-0.783632,0.293624,-0.166617
90173719000,0.406076,0.109915,0.238796,-0.131487,-0.105371,0.106927,0.526738,-0.780173,0.292469,-0.168343
90183719000,0.404755,0.108859,0.239871,-0.132782,-0.105959,0.108112,0.532023,-0.776649,0.291274,-0.170082
90193719000,0.403419,0.107799,0.240957,-0.134489,-0.106297,0.108964,0.537339,-0.773053,0.290044,-0.17184
90203719000,0.402069,0.106733,0.242056,-0.135735,-0.106959,0.110986,0.542689,-0.769389,0.288774,-0.173606
90213719000,0.400707,0.105664,0.243174,-0.136676,-0.106914,0.112443,0.54807,-0.765648,0.287469,-0.175398
90223719000,0.399334,0.104594,0.244307,-0.138086,-0.107365,0.114354,0.553479,-0.761833,0.286124,-0.177215
90233719000,0.397949,0.103521,0.24546,-0.139063,-0.107315,0.116095,0.558916,-0.757941,0.284742,-0.179053
90243719000,0.396554,0.102444,0.24663,-0.140073,-0.108201,0.117942,0.564393,-0.753967,0.283318,-0.180903
90253719000,0.395149,0.101359,0.247818,-0.140979,-0.10902,0.119613,0.569904,-0.749908,0.281852,-0.182776
90263719000,0.393735,0.100267,0.249023,-0.141948,-0.10956,0.121505,0.575457,-0.745758,0.280344,-0.184665
90273719000,0.392312,0.0991717,0.250251,-0.142837,-0.109666,0.124104,0.581042,-0.741519,0.278801,-0.186574
90283719000,0.390882,0.0980747,0.251506,-0.143232,-0.109904,0.126895,0.586664,-0.737188,0.277214,-0.1885
90293719000,0.389445,0.0969734,0.252787,-0.144363,-0.110518,0.129215,0.592323,-0.73276,0.275583,-0.190446
90303719000,0.387998,0.0958656,0.25409,-0.145069,-0.111213,0.131426,0.598017,-0.728235,0.273909,-0.192415
90313719000,0.386542,0.0947495,0.255415,-0.146399,-0.112181,0.133642,0.603753,-0.723604,0.272191,-0.194399
90323719000,0.385075,0.0936245,0.256765,-0.147162,-0.112981,0.136244,0.609526,-0.718872,0.270422,-0.196404
90333719000,0.383597,0.0924897,0.258139,-0.148468,-0.114165,0.13863,0.615335,-0.714033,0.268604,-0.198423
90343719000,0.382108,0.0913424,0.259539,-0.149515,-0.115458,0.141435,0.621176,-0.709083,0.266748,-0.200466
90353719000,0.380606,0.0901825,0.260965,-0.151023,-0.116712,0.143747,0.627058,-0.70402,0.264841,-0.202516
90363719000,0.379091,0.08901,0.262418,-0.15216,-0.117959,0.146886,0.632976,-0.698847,0.262874,-0.204576
90373719000,0.377571,0.0878284,0.263909,-0.152065,-0.118552,0.151208,0.638922,-0.693561,0.260855,-0.206654
90383719000,0.37604,0.0866367,0.265432,-0.15421,-0.119975,0.153418,0.644905,-0.688154,0.258783,-0.208741
90393719000,0.374491,0.0854289,0.266981,-0.155806,-0.12176,0.156373,0.650914,-0.682626,0.256665,-0.210844
90403719000,0.372927,0.0842043,0.268564,-0.157002,-0.123367,0.160266,0.656959,-0.67697,0.25449,-0.212957
90413719000,0.371351,0.0829621,0.270182,-0.158382,-0.125255,0.163247,0.663032,-0.671194,0.252248,-0.215076
90423719000,0.369771,0.081706,0.271844,-0.157916,-0.126184,0.169359,0.669136,-0.665286,0.249949,-0.217204
90433719000,0.368184,0.0804379,0.273556,-0.159609,-0.127617,0.173018,0.675279,-0.659236,0.247582,-0.219337
90443719000,0.366575,0.079155,0.275298,-0.162244,-0.12916,0.175327,0.681444,-0.653052,0.245156,-0.221486
90453719000,0.364947,0.0778552,0.277072,-0.163671,-0.130997,0.179546,0.68763,-0.646734,0.242662,-0.223641
90463719000,0.363299,0.0765342,0.278882,-0.166079,-0.133402,0.182361,0.693838,-0.640278,0.2401,-0.225798
90473719000,0.361628,0.0751878,0.280719,-0.16822,-0.136084,0.185024,0.70006,-0.633683,0.237474,-0.227965
90483719000,0.359935,0.0738146,0.282581,-0.170594,-0.138754,0.187457,0.706303,-0.626938,0.234785,-0.230133
90493719000,0.358217,0.0724137,0.284469,-0.173097,-0.141632,0.190047,0.712568,-0.620038,0.232018,-0.232307
90503719000,0.356474,0.0709829,0.28638,-0.175727,-0.144736,0.192128,0.718849,-0.612989,0.229176,-0.234477
90513719000,0.354706,0.0695214,0.288314,-0.178141,-0.147798,0.194706,0.725138,-0.605786,0.226265,-0.236646
90523719000,0.352913,0.0680284,0.290275,-0.180605,-0.151022,0.197673,0.731436,-0.598423,0.223283,-0.23882
90533719000,0.351094,0.0665015,0.292265,-0.183425,-0.154577,0.200212,0.737734,-0.590906,0.22023,-0.240991
90543719000,0.349247,0.0649399,0.294274,-0.186141,-0.157961,0.201599,0.744038,-0.583216,0.217105,-0.243172
90553719000,0.347361,0.0633552,0.296303,-0.191222,-0.159226,0.204344,0.750311,-0.575402,0.213905,-0.245338
90563719000,0.345436,0.0617403,0.29834,-0.194003,-0.163949,0.202978,0.756569,-0.56745,0.210604,-0.247486
90573719000,0.343479,0.06008,0.300359,-0.197556,-0.168339,0.200915,0.762802,-0.559339,0.207255,-0.249637
90583719000,0.341482,0.0583885,0.302372,-0.201925,-0.170199,0.201715,0.768997,-0.551094,0.203835,-0.251772
90593719000,0.339454,0.0566726,0.304425,-0.204042,-0.173274,0.208805,0.775169,-0.542699,0.200325,-0.253892
90603719000,0.337399,0.0549331,0.306547,-0.207047,-0.174914,0.215646,0.781312,-0.534139,0.196747,-0.256004
90613719000,0.335312,0.0531671,0.308708,-0.210542,-0.178494,0.216574,0.787429,-0.525406,0.193088,-0.25811
90623719000,0.333195,0.0513665,0.31087,-0.213106,-0.181839,0.215832,0.793502,-0.516521,0.189356,-0.260201
90633719000,0.331046,0.0495314,0.313021,-0.216983,-0.185408,0.214366,0.799534,-0.507478,0.185546,-0.262266
90643719000,0.328864,0.047664,0.31517,-0.219481,-0.188336,0.215426,0.805508,-0.498289,0.181663,-0.264316
90653719000,0.326651,0.0457654,0.317324,-0.223313,-0.191635,0.215414,0.811429,-0.488946,0.177706,-0.266337
90663719000,0.324402,0.0438319,0.31948,-0.226853,-0.195317,0.215731,0.817283,-0.479454,0.173686,-0.268339
90673719000,0.322116,0.0418606,0.32164,-0.230548,-0.199222,0.216458,0.823069,-0.469809,0.169604,-0.270316
90683719000,0.319794,0.0398535,0.323802,-0.234077,-0.202444,0.215808,0.828783,-0.460014,0.165464,-0.272263
90693719000,0.317435,0.0378114,0.325955,-0.237844,-0.206237,0.214828,0.834421,-0.450071,0.161267,-0.274173
90703719000,0.315039,0.0357329,0.328096,-0.241669,-0.209729,0.213435,0.839971,-0.439987,0.157015,-0.276054
90713719000,0.312605,0.0336186,0.330222,-0.245293,-0.213385,0.211866,0.845428,-0.429771,0.152715,-0.277898
90723719000,0.310134,0.031468,0.332333,-0.24914,-0.217027,0.21032,0.850779,-0.419436,0.148373,-0.279705
90733719000,0.307625,0.0292805,0.334424,-0.252882,-0.220732,0.207885,0.85603,-0.408968,0.143985,-0.281472
90743719000,0.305078,0.0270553,0.33649,-0.256794,-0.224575,0.205323,0.861163,-0.398396,0.139569,-0.283195
90753719000,0.302491,0.0247924,0.338527,-0.260885,-0.228282,0.202018,0.866175,-0.387722,0.135121,-0.284876
90763719000,0.299864,0.0224898,0.340527,-0.264686,-0.232512,0.198117,0.871051,-0.376982,0.130649,-0.286504
90773719000,0.297198,0.0201477,0.342485,-0.268749,-0.236196,0.193503,0.875785,-0.366189,0.12616,-0.288081
90783719000,0.294494,0.0177677,0.344402,-0.272279,-0.240088,0.189937,0.880363,-0.355362,0.121674,-0.28961
90793719000,0.783641,0.400886,0.27719,-0.0845478,-0.095777,0.0978513,0.884784,-0.344509,0.117181,-0.291099
90803719000,0.782437,0.399516,0.278192,-0.089862,-0.099599,0.101168,0.889044,-0.333634,0.112695,-0.292556
90813719000,0.781388,0.398354,0.279174,-0.0944886,-0.102975,0.0946351,0.893159,-0.322721,0.108178,-0.293965
90823719000,0.780391,0.397246,0.280123,-0.0955076,-0.107389,0.0949152,0.897123,-0.311775,0.103686,-0.295323
90833719000,0.831016,0.442332,0.263054,-0.0770389,-0.092675,0.0521711,0.900942,-0.300794,0.0991717,-0.296633
90843719000,0.830082,0.441208,0.263467,-0.0746884,-0.090485,0.0296276,0.904588,-0.289811,0.0946932,-0.297932
90853719000,0.829257,0.440193,0.263732,-0.0772257,-0.0969947,0.0230868,0.908074,-0.278882,0.0902002,-0.29915
90863719000,0.828443,0.439178,0.263943,-0.0806744,-0.100219,0.0189552,0.911405,-0.267938,0.0857338,-0.300334
90873719000,0.827609,0.438142,0.264116,-0.0845005,-0.105028,0.0156418,0.914566,-0.257058,0.0812861,-0.301466
90883719000,0.826749,0.437078,0.264237,-0.0869291,-0.107224,0.00851633,0.917567,-0.246209,0.0768661,-0.302561
90893719000,0.825868,0.435995,0.264282,-0.0892919,-0.109309,0.000433283,0.920405,-0.235431,0.0724685,-0.303603
90903719000,0.824964,0.434895,0.264247,-0.0916328,-0.110897,-0.00734315,0.923084,-0.224724,0.0681002,-0.304593
90913719000,0.824034,0.433781,0.264142,-0.0944614,-0.112172,-0.0137105,0.925603,-0.214104,0.0637712,-0.305536
90923719000,0.854714,0.464976,0.270863,-0.0826373,-0.0996692,-0.00980211,0.927963,-0.203581,0.0594868,-0.306431
90933719000,0.853762,0.463844,0.270742,-0.0858403,-0.100849,-0.0148569,0.930165,-0.193185,0.0552464,-0.307278
90943719000,0.85285,0.462781,0.270566,-0.0883713,-0.10208,-0.020409,0.932216,-0.182904,0.051053,-0.308078
90953719000,0.85194,0.461741,0.270331,-0.090715,-0.10254,-0.0267366,0.934123,-0.17274,0.0469079,-0.308829
90963719000,0.851017,0.460704,0.270033,-0.0927506,-0.103712,-0.0327442,0.935887,-0.1627,0.0428146,-0.309534
90973719000,0.850083,0.459666,0.269676,-0.0939137,-0.103624,-0.0388265,0.937515,-0.152785,0.0387733,-0.310193
90983719000,0.803865,0.427784,0.276828,-0.119314,-0.120466,-0.0336944,0.939008,-0.143016,0.0347788,-0.310808
90993719000,0.797342,0.420037,0.170026,-0.120474,-0.120235,-0.0696444,0.940376,-0.133366,0.0308276,-0.311378
91003719000,0.796106,0.418804,0.169299,-0.121491,-0.12014,-0.0756975,0.94162,-0.123854,0.0269317,-0.311908
91013719000,0.79488,0.417595,0.168517,-0.121781,-0.119461,-0.0806067,0.942746,-0.114471,0.0230989,-0.312397
91023719000,0.793664,0.41641,0.167708,-0.12084,-0.116796,-0.0813321,0.943759,-0.105223,0.0193226,-0.312849
91033719000,0.792432,0.415264,0.166868,-0.125439,-0.112264,-0.0865233,0.944658,-0.0961195,0.0155852,-0.313273
91043719000,0.791144,0.414114,0.166032,-0.132223,-0.117944,-0.0808326,0.945456,-0.0871535,0.011915,-0.313649
91053719000,0.789788,0.412914,0.16525,-0.139281,-0.122183,-0.0755398,0.946158,-0.0783103,0.00829834,-0.313979
91063719000,0.788382,0.411708,0.164486,-0.141947,-0.119248,-0.0772887,0.946768,-0.0695891,0.00471862,-0.31427
91073719000,0.856325,0.458985,0.166162,-0.0980308,-0.0862857,-0.0667033,0.947282,-0.0610161,0.00119736,-0.314536
91083719000,0.855284,0.458071,0.1655,-0.10137,-0.0862479,-0.0658808,0.947709,-0.0526036,-0.00225985,-0.314761
91093719000,0.854243,0.457193,0.164837,-0.103573,-0.0857364,-0.0665895,0.948054,-0.0443273,-0.00567294,-0.314954
91103719000,0.853184,0.456321,0.164174,-0.107137,-0.0873552,-0.0660599,0.948321,-0.0361957,-0.00903177,-0.315112
91113719000,0.85211,0.455454,0.1635,-0.107447,-0.0855788,-0.0686597,0.948513,-0.0281926,-0.0123421,-0.31524
91123719000,0.851037,0.454606,0.162801,-0.106964,-0.0839323,-0.0712932,0.948632,-0.0203104,-0.0156015,-0.315343
91133719000,0.903582,0.490506,0.170711,-0.0645485,-0.05343,-0.0377865,0.948684,-0.0125378,-0.0188217,-0.315416
91143719000,0.902909,0.489946,0.170316,-0.0638322,-0.0512916,-0.0411717,0.948671,-0.0049088,-0.0219863,-0.315462
91153719000,0.933068,0.509553,0.176005,-0.0365277,-0.0325755,-0.0179739,0.948596,0.00261668,-0.025106,-0.31548
91163719000,0.932684,0.509202,0.17581,-0.034502,-0.0311728,-0.0209887,0.948464,0.010029,-0.0281679,-0.315471
91173719000,0.932339,0.50889,0.175584,-0.0324034,-0.0289882,-0.0242683,0.948275,0.0173171,-0.0311809,-0.315441
91183719000,0.932024,0.508605,0.175326,-0.0299373,-0.0271714,-0.0273317,0.948035,0.0244736,-0.0341516,-0.315379
91193719000,0.931734,0.508343,0.175038,-0.0278943,-0.025006,-0.0302681,0.947747,0.0315062,-0.0370671,-0.315293
91203719000,0.931462,0.508105,0.174722,-0.0266761,-0.0227629,-0.0330011,0.947412,0.0384103,-0.0399365,-0.315184
91213719000,0.914103,0.467112,0.17779,-0.042594,-0.0619202,-0.0203453,0.947034,0.0451762,-0.0427599,-0.31505
91223719000,0.913664,0.466478,0.177578,-0.0415845,-0.0608854,-0.0219606,0.946617,0.0518372,-0.0455386,-0.31489
91233719000,0.913247,0.46587,0.177347,-0.0404938,-0.05924,-0.0241718,0.946162,0.0583757,-0.048272,-0.314707
91243719000,0.912847,0.465282,0.177099,-0.0391726,-0.0579641,-0.0255382,0.945671,0.0647855,-0.0509621,-0.314502
91253719000,0.91246,0.464711,0.176835,-0.0380951,-0.0560999,-0.027328,0.945147,0.0710738,-0.0535989,-0.314281
91263719000,0.912081,0.464152,0.176556,-0.0377165,-0.0558401,-0.0282921,0.944592,0.0772373,-0.0561881,-0.314043
91273719000,0.91171,0.463596,0.176271,-0.0365851,-0.0554079,-0.0288177,0.944008,0.083277,-0.0587303,-0.313792
91283719000,0.911348,0.463048,0.175978,-0.0360106,-0.0542815,-0.0296823,0.943399,0.0892033,-0.0612203,-0.313519
91293719000,0.910994,0.462512,0.175679,-0.0349729,-0.0531141,-0.0301275,0.942767,0.0950071,-0.0636586,-0.313228
91303719000,0.910649,0.461986,0.175374,-0.0341335,-0.0521659,-0.0309354,0.942114,0.100679,-0.0660377,-0.312927
91313719000,0.910309,0.461467,0.175063,-0.0338064,-0.0518337,-0.0312477,0.941446,0.106211,-0.0683593,-0.312612
91323719000,0.909973,0.460951,0.174751,-0.0335889,-0.0513755,-0.0311554,0.940763,0.111609,-0.0706225,-0.312284
91333719000,0.909637,0.460439,0.174442,-0.0336944,-0.0512316,-0.0306342,0.940067,0.116869,-0.0728264,-0.311949
91343719000,0.909301,0.459933,0.174132,-0.0336196,-0.0499947,-0.0314828,0.939366,0.121965,-0.0749562,-0.311606
91353719000,0.908963,0.459435,0.173813,-0.0342049,-0.0499013,-0.032286,0.938672,0.126862,-0.0769875,-0.311245
91363719000,0.90862,0.458941,0.173489,-0.0343064,-0.0489169,-0.0325386,0.937995,0.13156,-0.0789126,-0.310855
91373719000,0.908279,0.458454,0.173163,-0.0340591,-0.0486443,-0.0325975,0.937334,0.136036,-0.0807443,-0.310451
91383719000,0.907943,0.457971,0.172839,-0.0332797,-0.048056,-0.0321029,0.936686,0.140323,-0.0824948,-0.310039
91393719000,0.907614,0.457489,0.172522,-0.0325958,-0.0483709,-0.0314849,0.936051,0.144431,-0.0841555,-0.309622
91403719000,0.907291,0.457005,0.17221,-0.0320662,-0.0484593,-0.0308081,0.935429,0.148382,-0.0857333,-0.309201
91413719000,0.906973,0.456521,0.171904,-0.0316435,-0.0484747,-0.0304576,0.934822,0.152182,-0.0872283,-0.308773
91423719000,0.906664,0.45604,0.171604,-0.0301172,-0.0478402,-0.0295293,0.934225,0.155845,-0.0886581,-0.308342
91433719000,0.90637,0.45556,0.171312,-0.028871,-0.0481975,-0.0288068,0.933636,0.159373,-0.0900325,-0.307925
91443719000,0.90609,0.45508,0.171029,-0.0272452,-0.0478961,-0.0278382,0.933057,0.162786,-0.0913558,-0.307505
91453719000,0.905824,0.4546,0.170755,-0.0260325,-0.0481988,-0.0268519,0.932488,0.166071,-0.0926219,-0.307095
91463719000,0.905567,0.454115,0.170494,-0.0254113,-0.048992,-0.0254048,0.931928,0.169239,-0.0938258,-0.306701
91473719000,0.905319,0.453623,0.170247,-0.0242394,-0.0493167,-0.023985,0.931373,0.172306,-0.0949793,-0.306324
91483719000,0.905079,0.453126,0.170015,-0.0237323,-0.050166,-0.0224228,0.93083,0.175257,-0.0960782,-0.305955
91493719000,0.904844,0.452623,0.1698,-0.0233344,-0.0505495,-0.0207149,0.930299,0.178097,-0.0971274,-0.305599
91503719000,0.904615,0.452115,0.169598,-0.0225228,-0.0510556,-0.0195209,0.92978,0.180827,-0.0981269,-0.305258
91513719000,0.904394,0.451602,0.169412,-0.0217463,-0.051691,-0.017691,0.929277,0.183436,-0.0990694,-0.304928
91523719000,0.90418,0.451082,0.169242,-0.0210074,-0.0523638,-0.0163015,0.928791,0.185924,-0.0999646,-0.304607
91533719000,0.903972,0.450554,0.169088,-0.0206751,-0.0533301,-0.0145781,0.928322,0.188302,-0.100802,-0.304302
91543719000,0.903769,0.450016,0.168951,-0.0200735,-0.0542114,-0.0128339,0.927872,0.190567,-0.101591,-0.304003
91553719000,0.903572,0.449469,0.168832,-0.0193433,-0.0552699,-0.0108901,0.927441,0.192718,-0.10233,-0.303714
91563719000,0.903381,0.448913,0.168732,-0.0188471,-0.0559609,-0.00922893,0.927028,0.194759,-0.103017,-0.30344
91573719000,0.903194,0.44835,0.16865,-0.0186791,-0.05675,-0.00719036,0.926638,0.196679,-0.103654,-0.303175
91583719000,0.90301,0.447779,0.168588,-0.0181364,-0.0575244,-0.00517024,0.926272,0.198482,-0.104232,-0.30292
91593719000,0.902831,0.447199,0.168546,-0.0175922,-0.0584027,-0.00324074,0.925929,0.200171,-0.104764,-0.302675
91603719000,0.902657,0.446611,0.168524,-0.0173243,-0.0593057,-0.000999795,0.92561,0.201748,-0.105242,-0.302438
91613719000,0.895636,0.446937,0.172584,-0.0264266,-0.056828,0.0127569,0.925316,0.20321,-0.10567,-0.302208
91623719000,0.895369,0.44636,0.172722,-0.0262089,-0.0577502,0.0146936,0.925051,0.204547,-0.106046,-0.301987
91633719000,0.891931,0.446519,0.174323,-0.0304749,-0.0565269,0.0211793,0.92481,0.205779,-0.106369,-0.301773
91643719000,0.891625,0.445947,0.174547,-0.0303722,-0.0572595,0.0234978,0.924597,0.206897,-0.106642,-0.301564
91653719000,0.891321,0.445371,0.174792,-0.0303175,-0.0576561,0.0255405,0.924409,0.207916,-0.106876,-0.301356
91663719000,0.891018,0.444793,0.17506,-0.0302224,-0.0579327,0.0281301,0.924249,0.208823,-0.107059,-0.301157
91673719000,0.890717,0.444212,0.175354,-0.0299919,-0.0582674,0.0305857,0.924116,0.20963,-0.107189,-0.300957
91683719000,0.890419,0.443628,0.175673,-0.0296803,-0.0584925,0.0333066,0.924006,0.210342,-0.107271,-0.300769
91693719000,0.890121,0.443042,0.176019,-0.0297479,-0.0587152,0.0358666,0.923923,0.210952,-0.107311,-0.300583
91703719000,0.889824,0.442454,0.176391,-0.0297045,-0.0590015,0.0384715,0.923866,0.211466,-0.107292,-0.300402
91713719000,0.891986,0.445243,0.175333,-0.0256378,-0.0533103,0.0368915,0.923834,0.211883,-0.107232,-0.300228
91723719000,0.89173,0.444709,0.175716,-0.0257368,-0.0534411,0.0396268,0.923826,0.212211,-0.107127,-0.300061
91733719000,0.891471,0.444175,0.176123,-0.026068,-0.0533869,0.0419261,0.923839,0.212451,-0.106978,-0.299902
91743719000,0.891209,0.443642,0.176554,-0.0262828,-0.0531046,0.0441288,0.923876,0.212598,-0.106788,-0.299752
91753719000,0.890943,0.443111,0.177005,-0.0267859,-0.0531434,0.046254,0.923939,0.212646,-0.106552,-0.299607
91763719000,0.890674,0.44258,0.177479,-0.0270851,-0.0529546,0.0484233,0.924024,0.212605,-0.106282,-0.299472
91773719000,0.890402,0.442053,0.177973,-0.0273488,-0.0526147,0.050498,0.92413,0.212486,-0.10597,-0.299339
91783719000,0.890126,0.441527,0.178489,-0.027875,-0.0524988,0.0525702,0.924257,0.212276,-0.105625,-0.299218
91793719000,0.889844,0.441004,0.179024,-0.0284441,-0.0521299,0.0544233,0.924409,0.211976,-0.105244,-0.299097
91803719000,0.889555,0.440483,0.179577,-0.0293548,-0.0520498,0.0563145,0.92458,0.211597,-0.104828,-0.298981
91813719000,0.895167,0.445257,0.176165,-0.0195191,-0.042575,0.0463703,0.92477,0.21115,-0.104383,-0.298865
91823719000,0.894969,0.444834,0.176638,-0.0203145,-0.0422077,0.0482305,0.924981,0.21063,-0.103911,-0.298743
91833719000,0.898487,0.44756,0.174458,-0.0142642,-0.0363775,0.0418834,0.925209,0.210051,-0.103407,-0.29862
91843719000,0.898342,0.447201,0.174884,-0.0149405,-0.0356236,0.0434135,0.925457,0.209396,-0.102873,-0.298497
91853719000,0.89819,0.446848,0.175327,-0.0155297,-0.0350558,0.0451126,0.92572,0.208681,-0.102308,-0.298376
91863719000,0.898032,0.446501,0.175786,-0.0161981,-0.0342752,0.0467277,0.926,0.207899,-0.101718,-0.298254
91873719000,0.897866,0.446163,0.176261,-0.0168461,-0.0332829,0.0482551,0.926296,0.207054,-0.101105,-0.29813
91883719000,0.897696,0.445836,0.17675,-0.0172671,-0.032238,0.049547,0.926608,0.206153,-0.100465,-0.298003
91893719000,0.897521,0.44552,0.17725,-0.0177185,-0.0308441,0.0504733,0.926934,0.205197,-0.0998031,-0.297871
91903719000,0.89734,0.445218,0.177759,-0.0183478,-0.0295771,0.0512885,0.927277,0.204173,-0.0991136,-0.297737
91913719000,0.897154,0.44493,0.178276,-0.0188962,-0.0280619,0.0521819,0.927633,0.203093,-0.0984058,-0.297603
91923719000,0.902054,0.448843,0.175051,-0.00961111,-0.0187622,0.0409263,0.928001,0.201951,-0.097687,-0.297468
91933719000,0.901956,0.448665,0.175464,-0.0102302,-0.0172677,0.0415759,0.928385,0.200739,-0.0969479,-0.297332
91943719000,0.901854,0.448501,0.17588,-0.0104382,-0.0156763,0.041736,0.928779,0.199476,-0.0962024,-0.297193
91953719000,0.90175,0.448354,0.1763,-0.0102213,-0.013562,0.0421056,0.929185,0.198156,-0.0954428,-0.297051
91963719000,0.901649,0.448228,0.176721,-0.0100593,-0.0117236,0.0421016,0.929603,0.196779,-0.0946723,-0.296908
91973719000,0.901549,0.448121,0.177142,-0.00998496,-0.00956914,0.0420707,0.930031,0.195335,-0.0938946,-0.296766
91983719000,0.901447,0.448031,0.177563,-0.0103939,-0.00844224,0.0422147,0.930473,0.193821,-0.0931043,-0.296623
91993719000,0.901338,0.447951,0.177985,-0.0112509,-0.00764263,0.0421079,0.930926,0.192218,-0.0923195,-0.29649
92003719000,0.899509,0.445661,0.110021,-0.0114735,-0.00617055,0.0195184,0.93139,0.190519,-0.0915277,-0.296373
92013719000,0.899394,0.445606,0.110216,-0.0114989,-0.00473868,0.0194134,0.93187,0.188714,-0.0907286,-0.296266
92023719000,0.903487,0.448969,0.109489,-0.0011822,0.00566013,0.0136991,0.93236,0.186833,-0.0899202,-0.296163
92033719000,0.903478,0.449041,0.109626,-0.00112058,0.00823783,0.013581,0.932859,0.184876,-0.089116,-0.296063
92043719000,0.90604,0.450851,0.109142,0.00487145,0.0136483,0.0102355,0.933363,0.182861,-0.088328,-0.295961
92053719000,0.906088,0.451,0.109246,0.00442421,0.015578,0.0104963,0.933872,0.180795,-0.0875415,-0.295859
92063719000,0.906132,0.451165,0.109352,0.00420101,0.0173252,0.0106833,0.934381,0.1787,-0.0867669,-0.295752
92073719000,0.906174,0.45135,0.109458,0.00417756,0.0195976,0.0106319,0.934892,0.17657,-0.0860095,-0.29564
92083719000,0.906215,0.451558,0.109564,0.00405981,0.0218685,0.0105751,0.935403,0.1744,-0.0852687,-0.295524
92093719000,0.906255,0.451786,0.109669,0.00391406,0.023875,0.0103745,0.935917,0.172192,-0.0845393,-0.295402
92103719000,0.906294,0.452034,0.109772,0.00398342,0.0257154,0.0103146,0.936427,0.169954,-0.0838204,-0.295286
92113719000,0.906332,0.4523,0.109875,0.00372576,0.0276238,0.010314,0.93694,0.167687,-0.08311,-0.295157
92123719000,0.906368,0.452583,0.109978,0.00351059,0.029089,0.0101443,0.93745,0.165397,-0.0824123,-0.295024
92133719000,0.906403,0.452881,0.110079,0.00336974,0.0305225,0.0101222,0.937957,0.16309,-0.0817311,-0.294886
92143719000,0.908303,0.454693,0.10967,0.00787598,0.0356974,0.00747147,0.938462,0.160763,-0.081066,-0.294742
92153719000,0.908382,0.455058,0.109744,0.00774563,0.0367866,0.00730121,0.938965,0.15841,-0.0804182,-0.294591
92163719000,0.908459,0.455431,0.109816,0.00754289,0.0377272,0.00718369,0.939463,0.156055,-0.0797823,-0.294433
92173719000,0.908533,0.455811,0.109888,0.00710703,0.038349,0.0072003,0.939959,0.153691,-0.0791546,-0.294264
92183719000,0.908601,0.456198,0.10996,0.00664669,0.0389552,0.00712129,0.940451,0.151323,-0.078536,-0.294085
92193719000,0.908665,0.456588,0.110031,0.00607031,0.0391939,0.00721199,0.940941,0.148951,-0.0779204,-0.293893
92203719000,0.908722,0.456981,0.110105,0.00548774,0.0392875,0.00751428,0.941426,0.146572,-0.0773122,-0.293694
92213719000,0.908776,0.457375,0.110182,0.00524491,0.0396491,0.00791292,0.941907,0.144202,-0.0767007,-0.293485
92223719000,0.908827,0.45777,0.110262,0.00499238,0.0395275,0.00812781,0.942386,0.141838,-0.0760837,-0.29326
92233719000,0.908876,0.458166,0.110344,0.00485824,0.03968,0.0082744,0.94286,0.139476,-0.0754649,-0.293029
92243719000,0.908924,0.458562,0.110427,0.00478603,0.0395247,0.00826876,0.943331,0.137112,-0.0748363,-0.292792
92253719000,0.908972,0.458956,0.110511,0.00484383,0.039268,0.00859766,0.943799,0.134746,-0.0742,-0.292544
92263719000,0.90957,0.461639,0.110059,0.00612225,0.0456967,0.00661266,0.944263,0.132383,-0.0735551,-0.292288
92273719000,0.909634,0.462097,0.110127,0.00622684,0.0452391,0.00698431,0.944723,0.130017,-0.0728954,-0.292029
92283719000,0.910035,0.464026,0.109794,0.00679063,0.0488088,0.00567698,0.945179,0.127652,-0.0722263,-0.291761
92293719000,0.910104,0.464512,0.109853,0.00665036,0.0479073,0.0061959,0.945632,0.125291,-0.0715466,-0.291484
92303719000,0.910168,0.464987,0.109917,0.00619073,0.0470082,0.00652423,0.94608,0.122941,-0.0708554,-0.291199
92313719000,0.910228,0.465451,0.109984,0.00564343,0.0457864,0.00697805,0.946521,0.1206,-0.0701669,-0.290912
92323719000,0.910281,0.465901,0.110056,0.00504038,0.0440937,0.00728452,0.946961,0.118283,-0.0694598,-0.290601
92333719000,0.910327,0.466333,0.110131,0.00421476,0.0424597,0.00773109,0.947396,0.115993,-0.068741,-0.290279
92343719000,0.91076,0.468281,0.109563,0.00409423,0.0452299,0.0052251,0.947827,0.11373,-0.0680114,-0.289939
92353719000,0.910799,0.468725,0.109616,0.00342634,0.0432067,0.00542788,0.948257,0.111477,-0.0672682,-0.289579
92363719000,0.910829,0.469147,0.109671,0.00245617,0.0411017,0.00563568,0.948687,0.109239,-0.0665154,-0.289199
92373719000,0.910848,0.469547,0.10973,0.00131505,0.0388665,0.00604252,0.949114,0.107032,-0.0657535,-0.288795
92383719000,0.910856,0.469923,0.109792,0.000243903,0.0364008,0.00637759,0.949539,0.104849,-0.0649871,-0.288372
92393719000,0.910852,0.470276,0.109856,-0.0010436,0.0341993,0.00656078,0.949963,0.102689,-0.0642068,-0.28793
92403719000,0.910835,0.470605,0.109924,-0.00220815,0.0316498,0.00696097,0.950385,0.100557,-0.0634135,-0.287465
92413719000,0.910806,0.470909,0.109995,-0.0036344,0.0291461,0.007241,0.950805,0.098449,-0.0626132,-0.28698
92423719000,0.910762,0.471187,0.110069,-0.00506235,0.02665,0.00763419,0.951223,0.0963693,-0.0617975,-0.286476
92433719000,0.910705,0.471441,0.110147,-0.00636563,0.024098,0.00784782,0.951639,0.0943136,-0.0609701,-0.285955
92443719000,0.910634,0.471669,0.110226,-0.00766293,0.0216417,0.00805356,0.952054,0.0922775,-0.0601265,-0.285417
92453719000,0.910551,0.471873,0.110308,-0.00888691,0.0191268,0.0081809,0.952466,0.0902573,-0.059279,-0.284865
92463719000,0.910456,0.472052,0.11039,-0.0101075,0.0166396,0.0084075,0.952877,0.0882543,-0.0584169,-0.284295
92473719000,0.910348,0.472205,0.110476,-0.0114583,0.0141409,0.00867525,0.953285,0.0862711,-0.057542,-0.283715
92483719000,0.911631,0.475095,0.108651,-0.00965033,0.0192434,0.00179829,0.953688,0.0843134,-0.0566561,-0.283128
92493719000,0.912442,0.477066,0.107491,-0.00869633,0.0219243,-0.00244006,0.954085,0.0823796,-0.0557627,-0.282534
92503719000,0.912353,0.477278,0.107468,-0.00960645,0.0199964,-0.00221521,0.954476,0.0804762,-0.0548538,-0.28194
92513719000,0.912251,0.477467,0.107447,-0.0109546,0.0178026,-0.00190583,0.95486,0.0786032,-0.0539398,-0.281343
92523719000,0.912134,0.477632,0.107432,-0.0124208,0.015062,-0.00120064,0.955239,0.0767668,-0.0530171,-0.280738
92533719000,0.912,0.477766,0.107425,-0.0143944,0.0118029,-0.000271535,0.955611,0.0749654,-0.0520873,-0.280134
92543719000,0.911848,0.477869,0.107426,-0.0160263,0.00888252,0.000530999,0.955973,0.0732063,-0.0511517,-0.279535
92553719000,0.911683,0.477949,0.107433,-0.0168984,0.00703775,0.000893299,0.956324,0.0715024,-0.0502112,-0.278947
92563719000,0.91151,0.47801,0.107446,-0.0176772,0.00519911,0.00163268,0.956664,0.0698569,-0.0492712,-0.278364
92573719000,0.911327,0.478047,0.107469,-0.0188577,0.00238835,0.00313774,0.956993,0.068267,-0.0483258,-0.277793
92583719000,0.91197,0.479464,0.105246,-0.0205288,0.000856377,-0.0040337,0.957309,0.0667456,-0.0473864,-0.277236
92593719000,0.911753,0.479457,0.105216,-0.0231818,-0.00254837,-0.00191394,0.957611,0.0652989,-0.0464556,-0.276692
92603719000,0.91151,0.479416,0.105209,-0.0254302,-0.00565501,0.000584049,0.957899,0.063955,-0.0455331,-0.276163
92613719000,0.91125,0.479349,0.105223,-0.0265937,-0.00762025,0.00221733,0.95817,0.062722,-0.0446438,-0.275652
92623719000,0.910979,0.479263,0.105255,-0.0276054,-0.00973555,0.00412226,0.958422,0.0616103,-0.0437723,-0.275164
92633719000,0.910701,0.479155,0.105306,-0.0280677,-0.0118,0.00598147,0.958658,0.0606186,-0.0429342,-0.274695
92643719000,0.910415,0.479026,0.105374,-0.0290701,-0.0139365,0.00766236,0.958873,0.0597621,-0.0421226,-0.274258
92653719000,0.910121,0.478874,0.105461,-0.0297216,-0.0163777,0.00971319,0.959067,0.0590314,-0.0413432,-0.273854
92663719000,0.909824,0.478702,0.105564,-0.0296173,-0.0180399,0.0108291,0.959239,0.0584326,-0.0406034,-0.27349
92673719000,0.909526,0.478514,0.105679,-0.0298761,-0.0196497,0.0123258,0.95939,0.057956,-0.0399004,-0.273167
92683719000,0.909228,0.47831,0.105808,-0.0297677,-0.0211011,0.0133193,0.959521,0.0576006,-0.0392375,-0.272879
92693719000,0.910161,0.479164,0.101755,-0.0293125,-0.0238488,-0.00102319,0.95963,0.0573637,-0.0386007,-0.272635
92703719000,0.909871,0.478922,0.101749,-0.0287486,-0.0244201,-0.000275391,0.959716,0.0572325,-0.0379953,-0.272445
92713719000,0.91032,0.479459,0.0990217,-0.0280689,-0.0258752,-0.00926749,0.95978,0.0572015,-0.0374292,-0.272305
92723719000,0.910043,0.479198,0.0989334,-0.0275034,-0.0263943,-0.0083921,0.959822,0.0572619,-0.0369008,-0.272214
92733719000,0.909771,0.478933,0.0988531,-0.0268624,-0.0264472,-0.00765855,0.959843,0.0574196,-0.0363969,-0.272177
92743719000,0.909506,0.478669,0.098778,-0.0261266,-0.0263653,-0.00736319,0.959842,0.0576572,-0.0359252,-0.272192
92753719000,0.909248,0.478409,0.0987046,-0.0254694,-0.0257645,-0.00732081,0.959823,0.0579571,-0.0354845,-0.272252
92763719000,0.908995,0.478154,0.0986318,-0.0250258,-0.0251525,-0.00724057,0.959788,0.0583153,-0.035057,-0.272355
92773719000,0.908749,0.477906,0.0985584,-0.0242533,-0.024426,-0.00742905,0.959736,0.0587281,-0.0346546,-0.272502
92783719000,0.908509,0.477668,0.0984812,-0.0236682,-0.0231797,-0.00802817,0.959668,0.0591807,-0.0342695,-0.272692
92793719000,0.908296,0.47586,0.0945457,-0.0277075,-0.034942,-0.0232985,0.959588,0.0596587,-0.0338972,-0.272917
92803719000,0.908021,0.475518,0.0943086,-0.0272665,-0.0334199,-0.0241119,0.959496,0.0601599,-0.0335416,-0.273174
92813719000,0.907751,0.475192,0.0940618,-0.0268571,-0.0316553,-0.0252587,0.95939,0.0606707,-0.0331977,-0.273472
92823719000,0.907484,0.474885,0.0938031,-0.0265026,-0.029699,-0.026478,0.959277,0.0611855,-0.0328667,-0.273794
92833719000,0.907221,0.474599,0.0935308,-0.0261962,-0.0276682,-0.0279737,0.959156,0.061703,-0.032555,-0.27414
92843719000,0.906961,0.474332,0.0932439,-0.0257014,-0.0255713,-0.0294227,0.959029,0.0622173,-0.032244,-0.274503
92853719000,0.906704,0.474088,0.0929419,-0.0256957,-0.0234273,-0.0309655,0.958894,0.0627219,-0.0319473,-0.274895
92863719000,0.906449,0.473865,0.0926246,-0.0253316,-0.0211138,-0.0325079,0.958753,0.0632133,-0.0316573,-0.275306
92873719000,0.906195,0.473666,0.0922906,-0.025444,-0.018737,-0.0342927,0.958608,0.0636892,-0.0313742,-0.275736
92883719000,0.905941,0.473489,0.0919383,-0.0253056,-0.0165787,-0.0361636,0.95846,0.0641468,-0.0310986,-0.276175
92893719000,0.905689,0.473335,0.091567,-0.0251866,-0.0141949,-0.0380908,0.958307,0.0645914,-0.0308277,-0.276632
92903719000,0.905438,0.473206,0.0911764,-0.0250098,-0.0116106,-0.0400307,0.958152,0.0650087,-0.0305814,-0.277098
92913719000,0.904298,0.470303,0.0884258,-0.0316322,-0.0249968,-0.0503867,0.957994,0.0653994,-0.0303419,-0.277578
92923719000,0.903424,0.468247,0.0866049,-0.0356707,-0.0325111,-0.0571955,0.957831,0.0657823,-0.0301167,-0.278074
92933719000,0.903068,0.467932,0.0860231,-0.0355778,-0.0302345,-0.0591627,0.957664,0.0661456,-0.0298999,-0.278586
92943719000,0.902711,0.46764,0.085421,-0.0358167,-0.028146,-0.0612605,0.957494,0.0664908,-0.0296917,-0.27911
92953719000,0.902352,0.467371,0.0847975,-0.035966,-0.0257685,-0.0634351,0.957319,0.0668231,-0.029496,-0.27965
92963719000,0.90199,0.467124,0.0841518,-0.0363763,-0.0235939,-0.06571,0.957142,0.067129,-0.0293109,-0.280202
92973719000,0.901626,0.466899,0.0834835,-0.036523,-0.0213215,-0.0679408,0.956963,0.0674233,-0.0291433,-0.28076
92983719000,0.901259,0.466696,0.0827929,-0.0368444,-0.0192923,-0.0701785,0.956781,0.0676924,-0.0289826,-0.281332
92993719000,0.900889,0.466514,0.0820799,-0.0371614,-0.0172177,-0.0724287,0.956596,0.0679545,-0.0288354,-0.281914
93003719000,0.900516,0.466351,0.0813445,-0.0374313,-0.0153303,-0.0746512,0.956408,0.0681978,-0.0286968,-0.282507
93013719000,0.898986,0.464189,0.0821513,-0.0409164,-0.0199192,-0.0712534,0.956214,0.0684223,-0.0285718,-0.283118
93023719000,0.898575,0.463996,0.0814262,-0.0412686,-0.0185595,-0.0737778,0.956017,0.0686278,-0.0284646,-0.283746
93033719000,0.89816,0.463818,0.0806758,-0.0416691,-0.0170013,-0.0763019,0.955816,0.0688157,-0.0283838,-0.284384
93043719000,0.897742,0.463656,0.0798996,-0.042025,-0.0154112,-0.0789367,0.955611,0.0689845,-0.0283225,-0.285038
93053719000,0.89732,0.463508,0.0790979,-0.0423429,-0.0141226,-0.0814017,0.955402,0.0691346,-0.0282714,-0.285708
93063719000,0.896894,0.463372,0.078272,-0.0428883,-0.0132277,-0.083788,0.955189,0.0692644,-0.0282292,-0.28639
93073719000,0.896463,0.463244,0.0774222,-0.0433296,-0.0122546,-0.0861632,0.954972,0.069373,-0.0281951,-0.287092
93083719000,0.896028,0.463126,0.0765482,-0.0436692,-0.0113866,-0.0886288,0.95475,0.0694649,-0.0281781,-0.287809
93093719000,0.895599,0.463025,0.0818638,-0.0439939,-0.0106677,-0.0886576,0.954521,0.0695462,-0.0281781,-0.288547
93103719000,0.895157,0.462922,0.0809658,-0.0444923,-0.00997538,-0.0909337,0.95429,0.0696019,-0.0281958,-0.289293
93113719000,0.89471,0.462825,0.0800457,-0.0449074,-0.00946671,-0.0930946,0.954055,0.0696331,-0.028223,-0.290057
93123719000,0.894258,0.462732,0.0791044,-0.0454679,-0.00920353,-0.0951657,0.953816,0.0696414,-0.0282502,-0.290839
93133719000,0.891712,0.4599,0.0814466,-0.0489552,-0.0128947,-0.0784713,0.953571,0.0696309,-0.0282846,-0.291641
93143719000,0.891219,0.459771,0.0806514,-0.0496377,-0.012916,-0.0805716,0.953321,0.0696006,-0.0283323,-0.292459
93153719000,0.889428,0.457839,0.0821612,-0.0515082,-0.0152671,-0.0697287,0.953067,0.0695594,-0.0283848,-0.293291
93163719000,0.88891,0.457684,0.0814557,-0.0521939,-0.0157278,-0.0713634,0.952807,0.0694986,-0.0284514,-0.29414
93173719000,0.888384,0.457525,0.0807346,-0.0529618,-0.0161772,-0.0728581,0.952543,0.0694239,-0.0285273,-0.295006
93183719000,0.88785,0.45736,0.0799992,-0.0537271,-0.0167981,-0.0742288,0.952273,0.0693462,-0.0286152,-0.295885
93193719000,0.887308,0.457189,0.079251,-0.0546501,-0.0173662,-0.0753928,0.951999,0.069267,-0.028714,-0.296774
93203719000,0.886758,0.457011,0.0784916,-0.055467,-0.0181855,-0.0764899,0.951719,0.0692032,-0.0288256,-0.297677
93213719000,0.886199,0.456826,0.077722,-0.0563617,-0.0188779,-0.0774377,0.951432,0.0691522,-0.028951,-0.298591
93223719000,0.885631,0.456633,0.0769434,-0.0571626,-0.0197276,-0.0782897,0.951139,0.0691195,-0.0290919,-0.299517
93233719000,0.883246,0.454307,0.0799883,-0.0596456,-0.0218577,-0.0603069,0.950841,0.0691179,-0.0292498,-0.300449
93243719000,0.882646,0.454083,0.0793823,-0.060484,-0.0229263,-0.0608986,0.950535,0.0691492,-0.029428,-0.30139
93253719000,0.882037,0.453849,0.0787707,-0.0611403,-0.0237405,-0.0614155,0.950222,0.0692182,-0.0296244,-0.302339
93263719000,0.881423,0.453606,0.0781548,-0.0617868,-0.0249608,-0.0617697,0.949904,0.0693286,-0.0298423,-0.303291
93273719000,0.880802,0.45335,0.0775351,-0.0623547,-0.0262655,-0.0621653,0.949578,0.06948,-0.0300896,-0.304252
93283719000,0.880176,0.453082,0.0769121,-0.0629528,-0.0273166,-0.0624377,0.949245,0.0696847,-0.0303594,-0.305216
93293719000,0.879544,0.452803,0.0762864,-0.0632766,-0.0284907,-0.0627112,0.948908,0.0699363,-0.0306472,-0.306176
93303719000,0.87891,0.452513,0.0756574,-0.063669,-0.0295059,-0.0630769,0.948564,0.0702331,-0.0309668,-0.307139
93313719000,0.878272,0.452215,0.0750245,-0.0638028,-0.0301249,-0.0635082,0.948214,0.070573,-0.0313219,-0.308105
93323719000,0.877635,0.451909,0.0743863,-0.0636618,-0.0309236,-0.0641372,0.947858,0.0709504,-0.0316993,-0.309074
93333719000,0.874686,0.450045,0.0783872,-0.0666175,-0.0298358,-0.0441209,0.947496,0.0713489,-0.0320942,-0.31005
93343719000,0.87402,0.449743,0.0779437,-0.0664853,-0.0304839,-0.0445887,0.947129,0.0717668,-0.0325082,-0.311028
93353719000,0.87185,0.448503,0.0805389,-0.0681655,-0.0292901,-0.0316809,0.946757,0.0721999,-0.0329513,-0.312014
93363719000,0.871168,0.448208,0.080221,-0.0680625,-0.0296304,-0.0318961,0.946382,0.0726359,-0.0334209,-0.312999
93373719000,0.87049,0.44791,0.0799012,-0.0676224,-0.0299522,-0.0320628,0.946002,0.0730799,-0.0339131,-0.313988
93383719000,0.869815,0.447608,0.07958,-0.0672871,-0.0304501,-0.032191,0.945617,0.0735272,-0.0344254,-0.314987
93393719000,0.869145,0.447302,0.0792588,-0.0666582,-0.0308105,-0.0320518,0.945227,0.0739786,-0.0349544,-0.315991
93403719000,0.868482,0.446993,0.0789396,-0.065966,-0.0309567,-0.0317763,0.944837,0.0744269,-0.0354975,-0.316993
93413719000,0.867825,0.446683,0.078624,-0.0654896,-0.0310563,-0.0313455,0.944443,0.0748733,-0.0360576,-0.317995
93423719000,0.867172,0.446371,0.0783144,-0.0650887,-0.0314445,-0.0305675,0.944047,0.0753174,-0.0366325,-0.318998
93433719000,0.866524,0.446054,0.0780132,-0.0646489,-0.0318556,-0.0296878,0.94365,0.0757574,-0.0372137,-0.320001
93443719000,0.86588,0.445732,0.0777218,-0.0640917,-0.0326396,-0.0285953,0.94325,0.0761951,-0.0377992,-0.321008
93453719000,0.865242,0.445402,0.0774438,-0.0635168,-0.0333012,-0.026993,0.942845,0.0766428,-0.0383921,-0.322017
93463719000,0.86251,0.4432,0.0796847,-0.0685055,-0.038239,-0.0151746,0.942438,0.0770921,-0.0389836,-0.323029
93473719000,0.861828,0.442813,0.0795423,-0.067927,-0.0392425,-0.0133011,0.942028,0.0775425,-0.0395713,-0.324043
93483719000,0.861152,0.442416,0.0794189,-0.0672028,-0.0400688,-0.0113788,0.941613,0.0780059,-0.0401511,-0.325065
93493719000,0.860483,0.442013,0.0793119,-0.0666345,-0.0405011,-0.0100314,0.941193,0.0784841,-0.0407267,-0.326094
93503719000,0.859818,0.441603,0.0792194,-0.066304,-0.0414966,-0.00845851,0.94077,0.0789722,-0.0412911,-0.327124
93513719000,0.859159,0.441185,0.0791433,-0.0654612,-0.0420954,-0.00676902,0.940343,0.0794689,-0.0418442,-0.32816
93523719000,0.858511,0.440764,0.0790821,-0.0641379,-0.0422052,-0.00546303,0.939914,0.0799795,-0.0423901,-0.329192
93533719000,0.857873,0.44034,0.0790341,-0.0635313,-0.0425107,-0.00414581,0.939482,0.080504,-0.0429318,-0.330228
93543719000,0.857242,0.439914,0.0789994,-0.0626892,-0.042668,-0.00279263,0.939045,0.08105,-0.0434653,-0.331264
93553719000,0.854564,0.439095,0.0799171,-0.0684689,-0.0435689,0.00225838,0.938607,0.0816025,-0.0439979,-0.332299
93563719000,0.853883,0.438658,0.0799463,-0.0676382,-0.0436917,0.00358036,0.938166,0.0821727,-0.0445245,-0.333331
93573719000,0.851835,0.438079,0.0804212,-0.0716453,-0.0442803,0.00645634,0.937724,0.0827499,-0.0450424,-0.334361
93583719000,0.851123,0.437635,0.0804916,-0.0706796,-0.0444328,0.00763151,0.93728,0.0833377,-0.0455581,-0.335389
93593719000,0.85042,0.43719,0.0805734,-0.0698088,-0.0445241,0.00873535,0.936835,0.0839328,-0.0460673,-0.336411
93603719000,0.849726,0.436744,0.0806656,-0.0690629,-0.0447202,0.00970205,0.936389,0.0845333,-0.0465714,-0.337432
93613719000,0.849038,0.436297,0.0807666,-0.0683734,-0.0447507,0.0104866,0.935943,0.0851417,-0.0470612,-0.338449
93623719000,0.848359,0.435849,0.0808757,-0.0674358,-0.0448522,0.0113311,0.935496,0.085747,-0.0475463,-0.339462
93633719000,0.847689,0.4354,0.0809925,-0.0667294,-0.0449063,0.0120333,0.935048,0.086355,-0.0480183,-0.340474
93643719000,0.847023,0.43495,0.0811165,-0.0665155,-0.0451744,0.0127752,0.934601,0.0869598,-0.0484879,-0.34148
93653719000,0.846362,0.434498,0.0812484,-0.065637,-0.0451444,0.0135919,0.934155,0.0875652,-0.0489532,-0.342478
93663719000,0.845631,0.434101,0.0803112,-0.0665335,-0.0468252,0.010171,0.933711,0.0881677,-0.0494046,-0.343467
93673719000,0.844968,0.43363,0.0804158,-0.0658209,-0.0473553,0.0107484,0.933266,0.0887623,-0.0498497,-0.344457
93683719000,0.844312,0.433156,0.0805264,-0.0654757,-0.0474659,0.0113659,0.932824,0.0893433,-0.0502842,-0.345439
93693719000,0.843659,0.43268,0.0806416,-0.0650354,-0.047668,0.0116766,0.932383,0.0899148,-0.0507071,-0.34642
93703719000,0.843011,0.432203,0.0807581,-0.0645257,-0.0477295,0.011626,0.931945,0.090474,-0.051119,-0.347389
93713719000,0.842372,0.431729,0.0808629,-0.0634163,-0.0471374,0.00932672,0.931511,0.0909994,-0.0515254,-0.348354
93723719000,0.841735,0.431253,0.0809471,-0.0639905,-0.048049,0.00752175,0.931088,0.0914606,-0.0519249,-0.349305
93733719000,0.841094,0.430776,0.0810109,-0.0641377,-0.0473809,0.00524148,0.930675,0.0918708,-0.0523261,-0.350237
93743719000,0.840454,0.4303,0.0810504,-0.0639248,-0.0477671,0.00264349,0.930283,0.0921869,-0.0527332,-0.351133
93753719000,0.839815,0.429823,0.0810727,-0.0639658,-0.0476248,0.00181866,0.929904,0.0924274,-0.0531433,-0.352009
93763719000,0.839177,0.429348,0.0810809,-0.0636012,-0.0473346,-0.000165421,0.929541,0.0925927,-0.0535489,-0.352864
93773719000,0.839207,0.4289,0.0801981,-0.0620287,-0.0492551,-0.00500924,0.929193,0.0926737,-0.0539422,-0.353697
93783719000,0.838955,0.428438,0.0797068,-0.0624037,-0.0506174,-0.00611191,0.928856,0.0926828,-0.0543215,-0.354521
93793719000,0.838336,0.427937,0.0796318,-0.0613042,-0.0496058,-0.00889475,0.928529,0.0926458,-0.0546936,-0.355331
93803719000,0.83772,0.427434,0.0795361,-0.0618433,-0.0508505,-0.0102327,0.928216,0.0925162,-0.0550545,-0.356124
93813719000,0.837102,0.426931,0.0794312,-0.0618173,-0.049825,-0.0107547,0.92791,0.0923372,-0.0553977,-0.356914
93823719000,0.836493,0.42644,0.0793088,-0.0598057,-0.0482905,-0.0137337,0.927621,0.0920841,-0.0557358,-0.357678
93833719000,0.835895,0.425961,0.0791678,-0.0598796,-0.0476792,-0.0144639,0.92734,0.0917565,-0.0560541,-0.35844
93843719000,0.835294,0.425484,0.0790143,-0.0602554,-0.0476262,-0.0162329,0.92707,0.0913619,-0.0563606,-0.359191
93853719000,0.834693,0.42501,0.0788483,-0.0599466,-0.0471587,-0.0169655,0.926813,0.0909041,-0.0566523,-0.359923
93863719000,0.83409,0.424539,0.0786756,-0.0606749,-0.0470561,-0.0175753,0.926567,0.0903864,-0.0569355,-0.360642
93873719000,0.833479,0.424069,0.0784972,-0.0614879,-0.0469361,-0.0181009,0.92633,0.0898376,-0.0571937,-0.361346
93883719000,0.832866,0.423605,0.078313,-0.0611115,-0.0458393,-0.0187373,0.926104,0.0892433,-0.057432,-0.362035
93893719000,0.832442,0.422645,0.0792829,-0.0594479,-0.0454013,-0.0141483,0.925881,0.0886135,-0.0576434,-0.362724
93903719000,0.831846,0.422194,0.0791382,-0.0597394,-0.0450019,-0.0148002,0.925669,0.0879458,-0.0578413,-0.363397
93913719000,0.831246,0.421751,0.0789877,-0.060171,-0.0436922,-0.0153046,0.925468,0.0872374,-0.0580102,-0.36405
93923719000,0.830644,0.421317,0.0788317,-0.0603866,-0.0429662,-0.0158849,0.925273,0.0865021,-0.0581543,-0.364699
93933719000,0.83004,0.420897,0.0786674,-0.0604157,-0.0411924,-0.0169797,0.925085,0.0857318,-0.0582758,-0.365338
93943719000,0.829429,0.420488,0.0784919,-0.0617664,-0.0404975,-0.0181253,0.924909,0.08491,-0.0583754,-0.365959
93953719000,0.828809,0.420089,0.0783051,-0.0621425,-0.0393739,-0.0192222,0.924744,0.0840525,-0.0584639,-0.366558
93963719000,0.828185,0.419699,0.0781085,-0.0627103,-0.0384793,-0.0201036,0.924591,0.0831563,-0.0585369,-0.367138
93973719000,0.827546,0.419319,0.0779029,-0.0649719,-0.0374922,-0.0210087,0.92445,0.0822088,-0.0585922,-0.367696
93983719000,0.826884,0.418943,0.0776928,-0.0674089,-0.0376928,-0.0210128,0.924324,0.0812208,-0.0586381,-0.368226
93993719000,0.826201,0.418568,0.077484,-0.0691941,-0.0373555,-0.0207548,0.924206,0.0801946,-0.0586691,-0.36874
94003719000,0.82534,0.417204,0.0798091,-0.0689075,-0.0371896,-0.0122122,0.924101,0.0791199,-0.0586845,-0.369232
94013719000,0.824643,0.416834,0.0796878,-0.0704644,-0.0369354,-0.0120427,0.924012,0.0780063,-0.0586764,-0.369693
94023719000,0.824001,0.415794,0.0811747,-0.069817,-0.0367144,-0.00652611,0.923933,0.0768498,-0.0586505,-0.370137
94033719000,0.823296,0.415429,0.0811117,-0.0712937,-0.0363905,-0.00608663,0.923865,0.0756679,-0.0586031,-0.370557
94043719000,0.822581,0.41507,0.0810504,-0.0717561,-0.0356374,-0.00617035,0.923808,0.0744655,-0.0585434,-0.370954
94053719000,0.821859,0.414717,0.0809883,-0.0726701,-0.0348978,-0.00623937,0.923765,0.0732169,-0.0584498,-0.371324
94063719000,0.821132,0.414369,0.0809235,-0.0728014,-0.0347381,-0.00672212,0.923732,0.0719269,-0.0583431,-0.371675
94073719000,0.820398,0.414023,0.0808578,-0.0738327,-0.0343543,-0.00641821,0.923708,0.0706033,-0.0582222,-0.372008
94083719000,0.819662,0.413681,0.0807931,-0.0735372,-0.0340349,-0.0065327,0.923692,0.0692399,-0.0580833,-0.372324
94093719000,0.819075,0.413547,0.0675089,-0.0742371,-0.0332023,-0.0116706,0.923685,0.0678319,-0.0579208,-0.372627
94103719000,0.818331,0.413217,0.0673928,-0.0744457,-0.0326921,-0.0115521,0.923681,0.0663874,-0.0577435,-0.372922
94113719000,0.817661,0.412038,0.0687444,-0.0723978,-0.0324718,-0.00266197,0.923686,0.0648963,-0.0575415,-0.373205
94123719000,0.816937,0.411717,0.06872,-0.0725917,-0.0318212,-0.00223711,0.923699,0.0633594,-0.0573253,-0.373469
94133719000,0.816208,0.411399,0.0687021,-0.0732064,-0.0318609,-0.00133755,0.923721,0.0617929,-0.0570903,-0.373714
94143719000,0.815476,0.411083,0.0686917,-0.0732893,-0.0314307,-0.000744943,0.923748,0.0602107,-0.056836,-0.373943
94153719000,0.814737,0.410771,0.068688,-0.0743392,-0.0309861,1.81678e-05,0.923786,0.0586069,-0.0565484,-0.374148
94163719000,0.813994,0.410463,0.0686934,-0.0743669,-0.0304671,0.00105194,0.923829,0.0569788,-0.0562446,-0.37434
94173719000,0.813239,0.410154,0.0687168,-0.0765359,-0.0313532,0.00362678,0.923879,0.0553165,-0.0559223,-0.374513
94183719000,0.812476,0.409845,0.0687561,-0.0760188,-0.0304534,0.00423385,0.923936,0.0536244,-0.0555836,-0.374668
94193719000,0.811713,0.409537,0.0688079,-0.0766768,-0.0310247,0.00612717,0.924001,0.0519011,-0.0552142,-0.374806
94203719000,0.810837,0.409196,0.0699499,-0.0763667,-0.0292711,0.0126468,0.924071,0.0501763,-0.0548313,-0.374925
94213719000,0.810069,0.408903,0.0700859,-0.0772655,-0.0296078,0.0145466,0.924145,0.0484436,-0.0544199,-0.375031
94223719000,0.809366,0.408668,0.0708293,-0.0763074,-0.0290287,0.0188036,0.924232,0.0466985,-0.053998,-0.375099
94233719000,0.8086,0.408375,0.0710277,-0.0770829,-0.0298418,0.0208813,0.924334,0.0449652,-0.0535536,-0.375122
94243719000,0.807828,0.408072,0.071244,-0.0773861,-0.0308384,0.0223862,0.924449,0.0432492,-0.0530939,-0.375106
94253719000,0.80705,0.407758,0.071479,-0.0781629,-0.0318613,0.0246164,0.924579,0.0415629,-0.0526153,-0.375043
94263719000,0.806266,0.407432,0.0717342,-0.0786186,-0.0332317,0.0264141,0.924728,0.0398949,-0.0521269,-0.374925
94273719000,0.805476,0.407093,0.0720118,-0.0793755,-0.0346239,0.0291115,0.924895,0.0382498,-0.0516347,-0.374754
94283719000,0.80468,0.406739,0.0723143,-0.0798381,-0.0361598,0.0313901,0.925079,0.0366417,-0.0511447,-0.374528
94293719000,0.80388,0.406372,0.0726416,-0.0802365,-0.0372835,0.0340555,0.925285,0.0350663,-0.0506433,-0.374237
94303719000,0.803074,0.40599,0.0729979,-0.0808897,-0.0390106,0.0372109,0.925514,0.0335485,-0.0501308,-0.37388
94313719000,0.802701,0.407224,0.0724566,-0.0807036,-0.0346001,0.0365279,0.925766,0.0321193,-0.0496123,-0.37345
94323719000,0.80189,0.406872,0.0728396,-0.0816207,-0.0360916,0.0400801,0.926045,0.0307772,-0.0490874,-0.372939
94333719000,0.801072,0.406506,0.0732587,-0.0819545,-0.0371395,0.0437316,0.926353,0.0295451,-0.0485483,-0.372345
94343719000,0.800253,0.406128,0.0737143,-0.0818496,-0.0384859,0.0473894,0.926689,0.0284264,-0.0480055,-0.371665
94353719000,0.799435,0.405737,0.0742073,-0.0816611,-0.0396969,0.0512137,0.927052,0.0274253,-0.0474517,-0.370905
94363719000,0.798621,0.405334,0.0747373,-0.0812043,-0.0408026,0.0547893,0.927437,0.0265416,-0.046889,-0.370078
94373719000,0.797812,0.404921,0.0753034,-0.0805698,-0.0418574,0.0584198,0.927844,0.0257765,-0.0463244,-0.369181
94383719000,0.79701,0.404494,0.0759052,-0.0798461,-0.0433571,0.0619364,0.928274,0.0251346,-0.0457638,-0.368213
94393719000,0.796215,0.404054,0.0765428,-0.0790833,-0.0447854,0.065601,0.928726,0.0246191,-0.0451939,-0.367179
94403719000,0.795429,0.403599,0.0772167,-0.0781265,-0.0461601,0.0691629,0.929201,0.0242274,-0.0446253,-0.366069
94413719000,0.794651,0.40313,0.0779262,-0.0774335,-0.0475592,0.0727512,0.9297,0.0239586,-0.0440609,-0.364888
94423719000,0.79388,0.402647,0.0786711,-0.0767229,-0.0491632,0.0762222,0.930216,0.0238115,-0.0434981,-0.363648
94433719000,0.794314,0.404266,0.0742709,-0.0768327,-0.0497277,0.0586264,0.930752,0.0237834,-0.0429256,-0.362342
94443719000,0.793552,0.403761,0.0748735,-0.0758357,-0.0512332,0.061886,0.93131,0.0238603,-0.0423518,-0.36097
94453719000,0.793539,0.404816,0.0719089,-0.0758981,-0.051568,0.0503659,0.931885,0.0240472,-0.041772,-0.359538
94463719000,0.792785,0.404293,0.0724275,-0.0749397,-0.0529739,0.0533551,0.932479,0.0243411,-0.0411851,-0.358041
94473719000,0.79204,0.403756,0.072975,-0.0741763,-0.0544606,0.0561428,0.933092,0.0247297,-0.0405923,-0.356483
94483719000,0.791302,0.403203,0.0735498,-0.0734631,-0.0561005,0.0588205,0.933724,0.0252162,-0.0399898,-0.354858
94493719000,0.79057,0.402633,0.074149,-0.0729242,-0.0579697,0.0610222,0.934374,0.0258007,-0.0393978,-0.353168
94503719000,0.789843,0.402043,0.0747703,-0.072409,-0.0599258,0.0632368,0.935044,0.0264776,-0.0387983,-0.351405
94513719000,0.789122,0.401436,0.0754121,-0.0718911,-0.0615805,0.0651191,0.935733,0.0272493,-0.0382026,-0.349574
94523719000,0.788405,0.400811,0.0760713,-0.0715094,-0.0633929,0.0667156,0.93644,0.0281047,-0.0376152,-0.347672
94533719000,0.789681,0.401438,0.0708275,-0.0700052,-0.0687999,0.0445194,0.937164,0.0290428,-0.0370362,-0.345701
94543719000,0.788984,0.40074,0.0712785,-0.0694104,-0.0706228,0.0456889,0.937906,0.0300502,-0.0364575,-0.343657
94553719000,0.788291,0.400024,0.0717398,-0.0690597,-0.0724607,0.0465714,0.938666,0.0311263,-0.0358961,-0.34154
94563719000,0.787603,0.399291,0.0722083,-0.0686298,-0.074257,0.0471104,0.93944,0.0322636,-0.0353476,-0.339356
94573719000,0.78692,0.39854,0.0726818,-0.0680051,-0.0759762,0.0476042,0.940227,0.0334584,-0.034804,-0.337108
94583719000,0.786243,0.397772,0.0731599,-0.0674354,-0.0775335,0.0480042,0.941025,0.0346897,-0.0342781,-0.334804
94593719000,0.785572,0.396991,0.0736412,-0.0667629,-0.078821,0.048254,0.941831,0.0359626,-0.033764,-0.332447
94603719000,0.784907,0.396196,0.0741236,-0.0660629,-0.0801242,0.0482334,0.942643,0.0372703,-0.0332635,-0.330043
94613719000,0.784251,0.39539,0.0746061,-0.0652135,-0.0811429,0.0482647,0.943457,0.0386116,-0.0327813,-0.327602
94623719000,0.783603,0.394573,0.0750884,-0.0644957,-0.0822447,0.0481944,0.944273,0.0399839,-0.0323115,-0.325125
94633719000,0.784862,0.395543,0.0681198,-0.0642015,-0.0865021,0.0194994,0.945091,0.0413705,-0.0318506,-0.32261
94643719000,0.784222,0.39467,0.0683131,-0.0636912,-0.087782,0.0191487,0.945906,0.0427868,-0.0314077,-0.32007
94653719000,0.784784,0.395036,0.0637509,-0.0634758,-0.0906349,0.000754372,0.946719,0.0442232,-0.0309751,-0.317503
94663719000,0.784151,0.39412,0.0637575,-0.0631168,-0.09218,0.000550417,0.94753,0.0456715,-0.0305622,-0.314909
94673719000,0.78352,0.393191,0.0637614,-0.063037,-0.0935331,0.000231335,0.948338,0.0471301,-0.0301477,-0.312289
94683719000,0.78289,0.392249,0.0637619,-0.0630067,-0.094921,-0.00012074,0.949142,0.0486078,-0.0297451,-0.309647
94693719000,0.78226,0.391294,0.0637582,-0.0630674,-0.0961664,-0.000626878,0.949944,0.0500861,-0.0293539,-0.30698
94703719000,0.781628,0.390325,0.0637482,-0.0631958,-0.0976536,-0.00137307,0.950741,0.0515564,-0.028974,-0.304293
94713719000,0.780996,0.389342,0.063729,-0.063238,-0.0989817,-0.00245531,0.951534,0.0530128,-0.0286084,-0.301586
94723719000,0.780363,0.388345,0.0636994,-0.0635264,-0.100346,-0.00347898,0.952323,0.0544496,-0.0282421,-0.298862
94733719000,0.780974,0.387704,0.059539,-0.0636872,-0.1062,-0.0204085,0.953107,0.0558619,-0.0278943,-0.296123
94743719000,0.780334,0.386634,0.0593288,-0.0643173,-0.107608,-0.0216459,0.953887,0.0572388,-0.0275535,-0.293367
94753719000,0.779687,0.385551,0.0591068,-0.0650471,-0.108973,-0.0227549,0.954663,0.0585842,-0.0272198,-0.290594
94763719000,0.779032,0.384455,0.0588728,-0.0659028,-0.110206,-0.0240375,0.955437,0.059894,-0.0268987,-0.2878
94773719000,0.778368,0.383347,0.058627,-0.0668492,-0.1115,-0.0251267,0.956207,0.061165,-0.0265827,-0.284993
94783719000,0.777694,0.382225,0.0583706,-0.0679642,-0.112819,-0.026141,0.956973,0.062408,-0.0262795,-0.282166
94793719000,0.77701,0.381091,0.0581034,-0.0688684,-0.114092,-0.0272981,0.957738,0.0636212,-0.0259809,-0.279311
94803719000,0.776316,0.379944,0.0578246,-0.0699674,-0.115313,-0.0284665,0.958502,0.0648066,-0.0256931,-0.27643
94813719000,0.775612,0.378784,0.0575335,-0.0709033,-0.116605,-0.0297524,0.959264,0.0659622,-0.0254011,-0.273527
94823719000,0.774896,0.377613,0.0572292,-0.0721623,-0.117677,-0.0311087,0.960023,0.0670866,-0.0251131,-0.270601
94833719000,0.774168,0.376432,0.0569119,-0.0734551,-0.118593,-0.0323459,0.96078,0.0681791,-0.0248345,-0.267651
94843719000,0.773429,0.375242,0.056581,-0.0744404,-0.119437,-0.0338303,0.961535,0.0692419,-0.0245645,-0.264675
94853719000,0.772679,0.374043,0.0562349,-0.0755856,-0.120287,-0.0354074,0.962287,0.070276,-0.0242978,-0.261676
94863719000,0.773903,0.3742,0.0532792,-0.0712481,-0.118382,-0.0463842,0.963037,0.0712747,-0.0240402,-0.258653
94873719000,0.774449,0.373824,0.0513271,-0.0685968,-0.117667,-0.0532814,0.963787,0.0722391,-0.0237865,-0.255599
94883719000,0.773759,0.372643,0.0507858,-0.0692885,-0.118246,-0.0549946,0.964534,0.0731654,-0.0235411,-0.252519
94893719000,0.773062,0.371456,0.0502273,-0.0699904,-0.119049,-0.0566914,0.96528,0.0740518,-0.0233008,-0.249415
94903719000,0.772358,0.370263,0.0496512,-0.0708761,-0.119674,-0.0585266,0.966024,0.0748976,-0.0230631,-0.246285
94913719000,0.771646,0.369063,0.0490567,-0.0715838,-0.120304,-0.0603748,0.966765,0.0757038,-0.0228412,-0.24313
94923719000,0.770928,0.367857,0.0484438,-0.071988,-0.120779,-0.0622087,0.967504,0.0764757,-0.0226247,-0.23995
94933719000,0.770206,0.366646,0.0478124,-0.0723858,-0.121615,-0.0640763,0.968241,0.0772038,-0.0224144,-0.23674
94943719000,0.76948,0.365426,0.0471626,-0.0728113,-0.122303,-0.0658805,0.968979,0.077889,-0.0222174,-0.233496
94953719000,0.769252,0.364013,0.04622,-0.0712358,-0.123928,-0.0687666,0.969714,0.0785365,-0.0220307,-0.230221
94963719000,0.768539,0.362773,0.0455234,-0.0712634,-0.123996,-0.0705597,0.970446,0.0791422,-0.0218534,-0.226923
94973719000,0.767827,0.361532,0.0448089,-0.0711403,-0.12422,-0.0723437,0.971176,0.0797089,-0.021683,-0.223594
94983719000,0.767117,0.360289,0.0440768,-0.0709706,-0.124361,-0.0740802,0.971903,0.0802357,-0.02152,-0.220237
94993719000,0.766409,0.359044,0.0433272,-0.0705969,-0.124531,-0.0758381,0.972628,0.0807252,-0.0213632,-0.216846
95003719000,0.765704,0.357799,0.0425607,-0.0703684,-0.12446,-0.0774638,0.97335,0.0811768,-0.0212117,-0.213425
95013719000,0.765003,0.356555,0.0417791,-0.0698819,-0.124452,-0.0788527,0.974067,0.0815992,-0.0210767,-0.209978
95023719000,0.764307,0.355311,0.0409834,-0.0692635,-0.124278,-0.0802796,0.974779,0.0819784,-0.0209596,-0.20651
95033719000,0.763619,0.35407,0.0401731,-0.0684547,-0.123875,-0.0817899,0.975486,0.0823169,-0.0208496,-0.203018
95043719000,0.762938,0.352836,0.0393476,-0.0676056,-0.123029,-0.0832932,0.976187,0.0826153,-0.0207585,-0.199504
95053719000,0.759801,0.35135,0.0408645,-0.0737565,-0.120213,-0.0762451,0.976881,0.0828703,-0.020681,-0.195979
95063719000,0.759069,0.350153,0.0400927,-0.07268,-0.119032,-0.0781099,0.977568,0.0830859,-0.0206234,-0.192437
95073719000,0.756721,0.348565,0.0409993,-0.0759831,-0.117283,-0.073643,0.978247,0.0832567,-0.020584,-0.188885
95083719000,0.755968,0.3474,0.0402544,-0.0746135,-0.115874,-0.0753423,0.978919,0.0833705,-0.020566,-0.185319
95093719000,0.755067,0.346035,0.0517272,-0.0730586,-0.114415,-0.0729909,0.979584,0.0834208,-0.0205532,-0.181749
95103719000,0.754345,0.344899,0.0509887,-0.0714319,-0.112756,-0.074693,0.980241,0.0834109,-0.0205539,-0.178182
95113719000,0.75364,0.343781,0.0502337,-0.0696278,-0.110975,-0.0763253,0.980889,0.0833232,-0.0205652,-0.174619
95123719000,0.752953,0.342679,0.0494626,-0.0677673,-0.109286,-0.0778949,0.981527,0.0831657,-0.0205964,-0.171065
95133719000,0.752285,0.341595,0.0486752,-0.0657818,-0.10759,-0.0795813,0.982156,0.0829323,-0.0206424,-0.167526
95143719000,0.751637,0.340528,0.0478702,-0.0639212,-0.105842,-0.0814175,0.982776,0.0826137,-0.0206994,-0.164005
95153719000,0.751007,0.339478,0.0470467,-0.0620679,-0.104154,-0.083275,0.983387,0.0822214,-0.0207683,-0.160495
95163719000,0.748623,0.336796,0.0485708,-0.0637301,-0.104867,-0.0725364,0.983988,0.0817387,-0.0208496,-0.157007
95173719000,0.747996,0.335757,0.0478392,-0.0615983,-0.103046,-0.0737867,0.984579,0.0811774,-0.020943,-0.153541
95183719000,0.747392,0.334735,0.0470954,-0.0592605,-0.101478,-0.0749678,0.985161,0.0805322,-0.0210519,-0.150095
95193719000,0.746811,0.333728,0.0463411,-0.0567937,-0.0998053,-0.0758965,0.985732,0.0798184,-0.0211813,-0.146674
95203719000,0.746256,0.332738,0.0455791,-0.054345,-0.0982964,-0.0764977,0.986292,0.079031,-0.0213223,-0.143274
95213719000,0.745723,0.331761,0.044815,-0.0521256,-0.0970273,-0.0763292,0.986841,0.0781912,-0.021471,-0.139891
95223719000,0.745215,0.330799,0.0440529,-0.0496709,-0.0952834,-0.0760834,0.987378,0.0773138,-0.0216229,-0.136528
95233719000,0.744733,0.329854,0.043291,-0.0466038,-0.0938041,-0.0763026,0.987903,0.0763916,-0.0217814,-0.133182
95243719000,0.74428,0.328922,0.0425289,-0.0440933,-0.0924817,-0.0761151,0.988415,0.0754377,-0.0219334,-0.129862
95253719000,0.743852,0.328004,0.041768,-0.0414072,-0.0911665,-0.0760613,0.988915,0.0744538,-0.0220818,-0.126555
95263719000,0.743451,0.327099,0.0410081,-0.0387542,-0.0896775,-0.0759186,0.989403,0.0734405,-0.0222218,-0.123267
95273719000,0.743077,0.326206,0.0402519,-0.0361806,-0.0888412,-0.0753354,0.989878,0.0723935,-0.0223627,-0.119999
95283719000,0.739389,0.322669,0.0435075,-0.0417885,-0.0922169,-0.0573104,0.990341,0.071315,-0.0225007,-0.116755
95293719000,0.736861,0.32006,0.0453844,-0.0446001,-0.0941021,-0.0460466,0.990791,0.0702188,-0.0226362,-0.113533
95303719000,0.736428,0.319124,0.0449269,-0.0420374,-0.093529,-0.0454429,0.991229,0.0690921,-0.0227686,-0.110328
95313719000,0.73602,0.318192,0.0444747,-0.0394336,-0.0928055,-0.0450082,0.991656,0.06794,-0.022897,-0.107138
95323719000,0.735638,0.317268,0.044028,-0.0371052,-0.0920325,-0.0443212,0.99207,0.0667776,-0.0230164,-0.103957
95333719000,0.735281,0.316351,0.0435871,-0.0341977,-0.091389,-0.0438752,0.992473,0.0655791,-0.0231362,-0.100799
95343719000,0.734952,0.31544,0.0431508,-0.0317002,-0.0908048,-0.0433828,0.992866,0.0643569,-0.0232446,-0.0976482
95353719000,0.734647,0.314534,0.0427193,-0.0291279,-0.0903446,-0.0429074,0.993247,0.0631112,-0.0233517,-0.0945145
95363719000,0.734372,0.313633,0.0422923,-0.0260588,-0.0898342,-0.0424946,0.993615,0.0618388,-0.0234556,-0.0914074
95373719000,0.734125,0.312738,0.0418713,-0.0231655,-0.08914,-0.0417007,0.993972,0.0605428,-0.0235485,-0.0883204
95383719000,0.733909,0.311849,0.0414572,-0.0200985,-0.0885709,-0.0411282,0.994316,0.0592215,-0.0236452,-0.0852567
95393719000,0.731375,0.310128,0.043709,-0.0227831,-0.0866474,-0.0293372,0.994648,0.057881,-0.0237328,-0.0822274
95403719000,0.731162,0.309269,0.0434197,-0.019723,-0.0852397,-0.0285319,0.994968,0.0565096,-0.023813,-0.0792357
95413719000,0.73098,0.308422,0.0431379,-0.0165638,-0.0843992,-0.0278208,0.995275,0.0551214,-0.0238892,-0.076281
95423719000,0.730828,0.307583,0.0428647,-0.0138174,-0.0832783,-0.0268214,0.995569,0.0537172,-0.0239495,-0.0733708
95433719000,0.730705,0.306755,0.0426016,-0.0109127,-0.0823036,-0.025791,0.995851,0.0523031,-0.0240008,-0.0704954
95443719000,0.730609,0.305936,0.0423494,-0.00827314,-0.0814317,-0.0246498,0.99612,0.0508873,-0.024032,-0.0676618
95453719000,0.730539,0.305125,0.042108,-0.00566483,-0.0807998,-0.0236377,0.996377,0.0494638,-0.024052,-0.0648643
95463719000,0.730495,0.30432,0.0418779,-0.00309028,-0.0801471,-0.0223725,0.996623,0.048044,-0.0240458,-0.0621001
95473719000,0.730475,0.303524,0.0416615,-0.000911688,-0.0790661,-0.0209027,0.996856,0.0466378,-0.0240257,-0.0593727
95483719000,0.730477,0.302736,0.0414591,0.00123989,-0.0785137,-0.0195906,0.997079,0.0452367,-0.0239783,-0.0566758
95493719000,0.7305,0.301954,0.0412702,0.0033933,-0.0777193,-0.0181713,0.99729,0.0438549,-0.0239051,-0.0540091
95503719000,0.730545,0.30118,0.0410952,0.00554525,-0.0771093,-0.0168428,0.997491,0.0424812,-0.0237979,-0.0513853
95513719000,0.728208,0.299362,0.04263,0.000149031,-0.0782512,-0.00901333,0.997681,0.0411216,-0.0236697,-0.0487992
95523719000,0.726717,0.297926,0.0435028,-0.00263712,-0.0791508,-0.00410499,0.997861,0.0397795,-0.0235196,-0.0462471
95533719000,0.726699,0.297139,0.0434683,-0.00106738,-0.0784526,-0.0027941,0.99803,0.0384621,-0.0233495,-0.0437327
95543719000,0.726697,0.296358,0.0434475,0.000685773,-0.0778061,-0.00136475,0.998189,0.0371627,-0.0231458,-0.0412502
95553719000,0.726711,0.295585,0.0434403,0.0021506,-0.0769463,-8.15724e-05,0.998339,0.0358891,-0.0229231,-0.038803
95563719000,0.72674,0.294819,0.043446,0.00365378,-0.0762373,0.00122497,0.998479,0.0346492,-0.0226745,-0.036397
95573719000,0.726784,0.29406,0.0434652,0.00503301,-0.0754765,0.00260217,0.99861,0.0334435,-0.0224011,-0.0340292
95583719000,0.72684,0.293309,0.0434966,0.00617136,-0.0746949,0.00367817,0.998732,0.0322659,-0.0220974,-0.0317048
95593719000,0.726907,0.292566,0.0435393,0.00728702,-0.0739054,0.00486663,0.998845,0.0311279,-0.0217691,-0.0294178
95603719000,0.727376,0.292199,0.0434885,0.00953408,-0.0718861,0.00559227,0.99895,0.0300207,-0.0214226,-0.027167
95613719000,0.727474,0.291484,0.0435494,0.0101518,-0.0713276,0.00658341,0.999048,0.0289526,-0.0210503,-0.0249536
95623719000,0.727578,0.290773,0.043621,0.0106342,-0.0709831,0.00774509,0.999137,0.0279259,-0.0206503,-0.022772
95633719000,0.727687,0.290064,0.043704,0.0110605,-0.0707164,0.0088463,0.99922,0.026942,-0.0202273,-0.0206205
95643719000,0.727799,0.289359,0.0437971,0.0114317,-0.0702802,0.00977535,0.999295,0.0259991,-0.0197728,-0.0185028
95653719000,0.727915,0.288657,0.0438994,0.0116659,-0.0701051,0.0106914,0.999364,0.0251003,-0.0192991,-0.0164171
95663719000,0.728031,0.287956,0.0440102,0.0116673,-0.0700691,0.0114511,0.999426,0.0242446,-0.0188017,-0.0143556
95673719000,0.728148,0.287256,0.0441282,0.0117548,-0.0700707,0.0121672,0.999482,0.0234347,-0.0182803,-0.0123167
95683719000,0.728265,0.286555,0.0442533,0.0116474,-0.0699734,0.0128379,0.999532,0.0226698,-0.0177385,-0.0103106
95693719000,0.728382,0.285855,0.0443838,0.0116335,-0.0699546,0.0132667,0.999577,0.0219481,-0.0171758,-0.00832804
95703719000,0.728496,0.285156,0.0445185,0.0112087,-0.0699332,0.0136678,0.999616,0.021272,-0.0166037,-0.00636818
95713719000,0.728606,0.284457,0.0446564,0.0108994,-0.0697719,0.0139144,0.999649,0.020638,-0.0160204,-0.00443283
95723719000,0.728713,0.28376,0.0447969,0.0104432,-0.0695797,0.0141977,0.999677,0.0200335,-0.0154255,-0.00252153
95733719000,0.730318,0.283854,0.0435739,0.0143188,-0.0680623,0.00965663,0.9997,0.0194726,-0.0148226,-0.000639969
95743719000,0.730458,0.283176,0.0436715,0.0136301,-0.0676373,0.00986302,0.999718,0.0189722,-0.0142058,0.00121054
95753719000,0.731626,0.28298,0.0428938,0.0161637,-0.0669213,0.00681129,0.999731,0.0185222,-0.0135921,0.00303573
95763719000,0.731783,0.282311,0.0429614,0.0150755,-0.0669941,0.00670816,0.999739,0.0181619,-0.0130121,0.00481599
95773719000,0.731929,0.281641,0.0430286,0.0141573,-0.0669351,0.0067326,0.99974,0.0179032,-0.0124775,0.00654757
95783719000,0.732065,0.280973,0.0430973,0.0130511,-0.0667717,0.00700118,0.999737,0.0177294,-0.0119844,0.00823897
95793719000,0.73219,0.280304,0.0431689,0.0119109,-0.0670949,0.0073314,0.999729,0.0176349,-0.0115241,0.00987147
95803719000,0.732302,0.279633,0.0432428,0.0104303,-0.0670006,0.00744856,0.999718,0.0176206,-0.0110759,0.0114414
95813719000,0.732397,0.278964,0.0433147,0.00852328,-0.0668392,0.00692501,0.999703,0.0176768,-0.0106542,0.0129717
95823719000,0.732472,0.278295,0.0433869,0.0065628,-0.0669122,0.00751811,0.999685,0.0177825,-0.0102507,0.0144635
95833719000,0.734428,0.277247,0.0421357,0.0101364,-0.0710089,0.00327732,0.999664,0.017929,-0.00987248,0.0159096
95843719000,0.734521,0.276541,0.0421693,0.00842373,-0.0701816,0.00345872,0.999641,0.0181032,-0.00948738,0.0173116
95853719000,0.734594,0.27584,0.0422062,0.00626492,-0.070013,0.00391246,0.999617,0.0182846,-0.00907605,0.0186754
95863719000,0.734648,0.275144,0.0422439,0.00448407,-0.0692613,0.00363985,0.999592,0.0184866,-0.00865131,0.0199971
95873719000,0.734684,0.274455,0.0422801,0.00263215,-0.0685452,0.00358455,0.999565,0.0186918,-0.00822005,0.0212726
95883719000,0.734702,0.273772,0.0423154,0.000974885,-0.0679532,0.00348291,0.999538,0.018906,-0.00778996,0.0225072
95893719000,0.734703,0.273097,0.0423504,-0.00070379,-0.067085,0.00351897,0.999509,0.0191329,-0.00735705,0.0237055
95903719000,0.734687,0.272428,0.0423865,-0.00243751,-0.0666908,0.00370182,0.999479,0.0193713,-0.00692845,0.0248588
95913719000,0.734654,0.271765,0.0424226,-0.00417253,-0.065866,0.00351009,0.999449,0.0196277,-0.00650418,0.025976
95923719000,0.734604,0.27111,0.0424585,-0.0058675,-0.0651681,0.00367115,0.999417,0.0199069,-0.00608601,0.0270623
95933719000,0.734538,0.270462,0.0424944,-0.00735498,-0.0645248,0.0035096,0.999384,0.0202097,-0.00567915,0.0281153
95943719000,0.734457,0.26982,0.0425293,-0.00870525,-0.063736,0.00346141,0.999351,0.0205359,-0.00527027,0.0291347
95953719000,0.735719,0.268284,0.0412846,-0.00676421,-0.0686497,-0.00103615,0.999316,0.0208802,-0.00486592,0.0301195
95963719000,0.736555,0.267033,0.040496,-0.00591956,-0.0709068,-0.0039205,0.999281,0.0212544,-0.00448166,0.0310764
95973719000,0.736489,0.266328,0.0404554,-0.00726516,-0.069985,-0.00421138,0.999245,0.0216526,-0.0041108,0.0320059
95983719000,0.736411,0.265634,0.0404118,-0.00836394,-0.068825,-0.00449279,0.999208,0.0220692,-0.00376443,0.0329048
95993719000,0.736322,0.264953,0.0403656,-0.0094137,-0.0672511,-0.00476292,0.99917,0.0224999,-0.00342835,0.03378
96003719000,0.736224,0.264287,0.0403164,-0.0102942,-0.0659369,-0.00506591,0.999132,0.0229437,-0.00310922,0.0346292
96013719000,0.736116,0.263637,0.0402646,-0.011312,-0.0640984,-0.00529681,0.999094,0.023393,-0.00281242,0.035448
96023719000,0.735998,0.263005,0.0402093,-0.0121835,-0.0622906,-0.00577214,0.999055,0.0238536,-0.00254376,0.0362326
96033719000,0.735873,0.262391,0.0401504,-0.012925,-0.0604694,-0.00599744,0.999017,0.0243116,-0.00228824,0.0369885
96043719000,0.73574,0.261796,0.0400899,-0.0136222,-0.05855,-0.0061089,0.998979,0.0247652,-0.0020545,0.0377191
96053719000,0.735948,0.260178,0.0396422,-0.0138039,-0.0615991,-0.00786127,0.998942,0.0252046,-0.00185236,0.0384224
96063719000,0.735808,0.259572,0.0395617,-0.0143437,-0.0594523,-0.00824297,0.998905,0.0256443,-0.00166934,0.0390961
96073719000,0.735662,0.258988,0.0394766,-0.0148531,-0.0573399,-0.00877687,0.998869,0.026069,-0.00150848,0.039738
96083719000,0.73551,0.258424,0.0393855,-0.0154569,-0.0553796,-0.00944622,0.998834,0.0264806,-0.00136901,0.0403498
96093719000,0.735353,0.257881,0.0392886,-0.0160561,-0.0532216,-0.00992362,0.9988,0.026871,-0.00126178,0.040931
96103719000,0.735189,0.25736,0.0391889,-0.0166601,-0.0510641,-0.0100189,0.998767,0.0272552,-0.00117751,0.0414761
96113719000,0.73502,0.25686,0.0390871,-0.0171206,-0.0489802,-0.0103339,0.998736,0.0276224,-0.00112761,0.0419891
96123719000,0.734847,0.256381,0.0389836,-0.0175993,-0.0468474,-0.0103794,0.998706,0.0279717,-0.00110983,0.0424662
96133719000,0.734669,0.255924,0.0388814,-0.0179842,-0.0445548,-0.0100486,0.998677,0.0283133,-0.00111836,0.0429187
96143719000,0.734487,0.255489,0.0387825,-0.018252,-0.0423226,-0.00972847,0.998649,0.0286361,-0.00114758,0.043351
96153719000,0.733691,0.253527,0.0388229,-0.0212355,-0.0467307,-0.00858213,0.998622,0.0289398,-0.00119117,0.0437568
96163719000,0.733478,0.253069,0.0387403,-0.0213451,-0.0448232,-0.0079337,0.998597,0.0292343,-0.00124545,0.0441334
96173719000,0.732946,0.251481,0.0386674,-0.0229657,-0.0479593,-0.00715518,0.998573,0.0295186,-0.00130802,0.0444923
96183719000,0.732715,0.25101,0.0385999,-0.0231629,-0.0462481,-0.00634147,0.998549,0.0297834,-0.00136763,0.0448345
96193719000,0.732484,0.250554,0.0385412,-0.023147,-0.0449584,-0.00539483,0.998527,0.0300479,-0.00142255,0.0451571
96203719000,0.731943,0.249704,0.0559977,-0.0229937,-0.0436302,0.00156139,0.998505,0.0303056,-0.00147919,0.0454675
96213719000,0.731714,0.249273,0.0560174,-0.022936,-0.0425383,0.00237172,0.998485,0.0305465,-0.00153175,0.0457511
96223719000,0.731486,0.248853,0.0560448,-0.0226192,-0.0414966,0.00310982,0.998465,0.0307845,-0.0015909,0.0460204
96233719000,0.731261,0.248442,0.0560782,-0.022399,-0.0406408,0.00356169,0.998446,0.0310188,-0.0016508,0.0462732
96243719000,0.731038,0.248038,0.0561164,-0.0221276,-0.0401813,0.00407797,0.998428,0.0312356,-0.00171557,0.0465141
96253719000,0.730818,0.247639,0.056159,-0.0218914,-0.0396756,0.00444491,0.998411,0.0314351,-0.00178115,0.0467409
96263719000,0.730601,0.247244,0.0562043,-0.021471,-0.0394282,0.0046098,0.998394,0.0316228,-0.00185281,0.0469594
96273719000,0.730388,0.24685,0.0562509,-0.0211926,-0.0393064,0.00471615,0.998379,0.0318004,-0.00193696,0.0471726
96283719000,0.729275,0.246197,0.055779,-0.024872,-0.0412522,0.00220775,0.998364,0.0319597,-0.00203563,0.0473777
96293719000,0.729029,0.245783,0.0558019,-0.0244376,-0.0415181,0.00237861,0.998349,0.0321037,-0.00214379,0.0475798
96303719000,0.728787,0.245365,0.0558273,-0.023904,-0.041933,0.00270978,0.998335,0.0322365,-0.00225158,0.0477826
96313719000,0.728552,0.244943,0.0558566,-0.0231573,-0.0424838,0.00313549,0.998321,0.0323636,-0.00236999,0.0479843
96323719000,0.728323,0.244514,0.0558906,-0.0225734,-0.043416,0.00366914,0.998307,0.0324899,-0.00247763,0.0481805
96333719000,0.728102,0.244075,0.0559302,-0.0215904,-0.0444195,0.00426176,0.998293,0.0326101,-0.00258463,0.0483754
96343719000,0.727891,0.243624,0.0559769,-0.0206256,-0.0455991,0.00507289,0.99828,0.0327353,-0.00268187,0.0485677
96353719000,0.72769,0.243162,0.056031,-0.0195489,-0.0468079,0.00573809,0.998266,0.0328655,-0.0027765,0.0487633
96363719000,0.727499,0.242689,0.0560917,-0.0186492,-0.0478186,0.00640901,0.998252,0.0329955,-0.00285721,0.0489525
96373719000,0.725784,0.243391,0.0551726,-0.0238172,-0.0447065,0.00245774,0.998238,0.033123,-0.0029294,0.049146
96383719000,0.725551,0.242939,0.0552016,-0.0229253,-0.0456986,0.00334585,0.998224,0.0332492,-0.00298245,0.0493362
96393719000,0.724258,0.243336,0.0545319,-0.0263208,-0.0434459,0.000995006,0.998211,0.0333773,-0.00302424,0.0495151
96403719000,0.723998,0.242898,0.0545443,-0.0254956,-0.0440807,0.00148706,0.998198,0.0334968,-0.00305283,0.0496922
96413719000,0.723748,0.242453,0.0545609,-0.024654,-0.0449399,0.00183041,0.998185,0.0336147,-0.00306389,0.0498657
96423719000,0.723506,0.242001,0.0545806,-0.0237293,-0.0454832,0.00212067,0.998174,0.0337193,-0.00306767,0.0500312
96433719000,0.723273,0.241545,0.0546013,-0.0228029,-0.0457432,0.00202225,0.998162,0.0338133,-0.00306263,0.0502022
96443719000,0.72305,0.241084,0.0546218,-0.0218001,-0.0465647,0.00206761,0.998151,0.0338912,-0.00304674,0.0503731
96453719000,0.722837,0.240615,0.0546424,-0.020912,-0.0470654,0.00205452,0.99814,0.0339514,-0.00302498,0.0505424
96463719000,0.722632,0.240144,0.0546624,-0.0199932,-0.0471324,0.00195491,0.99813,0.0340014,-0.00299498,0.0507108
96473719000,0.72151,0.240449,0.0537077,-0.0233047,-0.0452374,-0.00233439,0.99812,0.0340408,-0.0029643,0.0508867
96483719000,0.721282,0.239995,0.053683,-0.0222965,-0.0455414,-0.00261536,0.99811,0.0340663,-0.00291899,0.051069
96493719000,0.721064,0.239539,0.0536563,-0.0212934,-0.0455796,-0.00271688,0.9981,0.0340733,-0.00286588,0.0512471
96503719000,0.720856,0.239084,0.0536278,-0.020317,-0.0455597,-0.00298254,0.998091,0.0340728,-0.00280844,0.0514268
96513719000,0.720658,0.238628,0.0535965,-0.0192822,-0.0456329,-0.00328918,0.998083,0.034064,-0.00275011,0.0516063
96523719000,0.720469,0.23817,0.0535618,-0.0184552,-0.0459502,-0.00363931,0.998074,0.0340467,-0.00268401,0.0517802
96533719000,0.720289,0.23771,0.0535234,-0.0175684,-0.0459595,-0.00403399,0.998066,0.0340241,-0.002615,0.0519534
96543719000,0.720117,0.23725,0.0534815,-0.0167716,-0.0461867,-0.00435505,0.998058,0.034001,-0.00254301,0.0521359
96553719000,0.719954,0.236787,0.0534366,-0.0159302,-0.0462718,-0.00462209,0.998049,0.0339712,-0.00246933,0.0523184
96563719000,0.719798,0.236324,0.0533885,-0.0151855,-0.0462884,-0.00499153,0.998041,0.0339315,-0.00239036,0.0525039
96573719000,0.71965,0.23586,0.0533362,-0.0143699,-0.0465184,-0.00546785,0.998033,0.0338979,-0.00230713,0.0526931
96583719000,0.719511,0.235394,0.0532794,-0.0135432,-0.0467049,-0.00589657,0.998024,0.0338611,-0.00221768,0.0528818
96593719000,0.71938,0.234926,0.0532166,-0.0127049,-0.0470269,-0.00666165,0.998015,0.0338163,-0.00213663,0.0530764
96603719000,0.718557,0.23479,0.052357,-0.0151925,-0.0467705,-0.0105359,0.998007,0.0337745,-0.00205761,0.0532658
96613719000,0.71794,0.234521,0.051818,-0.0165498,-0.046675,-0.0128876,0.997998,0.0337398,-0.00198689,0.0534523
96623719000,0.717779,0.234052,0.051686,-0.0156674,-0.0471442,-0.0135194,0.997989,0.0337169,-0.00193288,0.0536419
96633719000,0.717626,0.233579,0.051547,-0.0149853,-0.047556,-0.0142635,0.997979,0.0337055,-0.00189145,0.05384
96643719000,0.71748,0.233101,0.0514011,-0.0142791,-0.0479209,-0.0149303,0.997967,0.0337241,-0.00186188,0.0540466
96653719000,0.717341,0.232622,0.0512494,-0.013406,-0.0479644,-0.0153968,0.997954,0.0337632,-0.00184625,0.0542629
96663719000,0.717211,0.232142,0.0510932,-0.0127439,-0.0480222,-0.0158442,0.99794,0.0338278,-0.00185679,0.0544877
96673719000,0.717088,0.231662,0.0509326,-0.0117881,-0.0480625,-0.0162787,0.997924,0.033908,-0.00188246,0.0547246
96683719000,0.716974,0.231181,0.0507672,-0.0109865,-0.0480533,-0.0168015,0.997906,0.0340172,-0.0019134,0.0549719
96693719000,0.716869,0.230702,0.0505973,-0.0100151,-0.0478098,-0.017189,0.997888,0.0341315,-0.00195218,0.0552276
96703719000,0.716506,0.229735,0.0506957,-0.0102963,-0.0491955,-0.0166981,0.99787,0.0342604,-0.00199567,0.0554823
96713719000,0.716407,0.229243,0.0505258,-0.00942677,-0.0490141,-0.0172729,0.99785,0.0344029,-0.00204151,0.0557473
96723719000,0.716318,0.228755,0.0503509,-0.00850008,-0.0486254,-0.01771,0.99783,0.0345446,-0.0020777,0.0560184
96733719000,0.716236,0.228271,0.0501715,-0.00775992,-0.0482949,-0.0181782,0.997808,0.0346974,-0.00211662,0.0563034
96743719000,0.716164,0.227791,0.0499869,-0.00681032,-0.0477015,-0.0187416,0.997786,0.0348524,-0.00214444,0.0566022
96753719000,0.7161,0.227317,0.0497975,-0.00588162,-0.047086,-0.0191353,0.997762,0.0350177,-0.00216693,0.0569179
96763719000,0.716046,0.226848,0.0496048,-0.00497856,-0.0465572,-0.0194077,0.997738,0.0351811,-0.00218631,0.0572478
96773719000,0.716001,0.226387,0.0494089,-0.00397348,-0.045835,-0.0197799,0.997712,0.0353429,-0.00220463,0.0575882
96783719000,0.715966,0.225932,0.0492083,-0.00294881,-0.0450921,-0.0203223,0.997686,0.0355134,-0.00220973,0.0579411
96793719000,0.715942,0.225485,0.0490028,-0.00184425,-0.0442715,-0.0207802,0.997659,0.0356844,-0.00220762,0.0582966
96803719000,0.715929,0.225045,0.0487924,-0.000877235,-0.0436636,-0.0213122,0.997632,0.0358535,-0.00220113,0.058657
96813719000,0.715925,0.224611,0.0485774,4.37424e-05,-0.0431618,-0.0216731,0.997604,0.036025,-0.00218164,0.0590221
96823719000,0.714768,0.223183,0.0494385,-0.0026376,-0.0455229,-0.018139,0.997576,0.0361995,-0.00216292,0.059385
96833719000,0.713998,0.222107,0.0499282,-0.00390209,-0.0468222,-0.0161823,0.997547,0.0363769,-0.00213366,0.0597655
96843719000,0.713964,0.221638,0.0497633,-0.00309059,-0.0467469,-0.0168097,0.997517,0.0365523,-0.00210595,0.0601546
96853719000,0.713935,0.221171,0.0495936,-0.00252829,-0.0467062,-0.0171224,0.997486,0.0367406,-0.00207191,0.0605562
96863719000,0.713913,0.220704,0.0494202,-0.00191853,-0.0466973,-0.0175689,0.997454,0.0369357,-0.00202983,0.0609685
96873719000,0.713897,0.220238,0.0492432,-0.00137702,-0.0465343,-0.017825,0.997421,0.0371302,-0.00197303,0.0613975
96883719000,0.713886,0.219773,0.0490633,-0.000779609,-0.0463947,-0.0181617,0.997386,0.0373283,-0.00191505,0.061841
96893719000,0.713881,0.21931,0.0488803,-0.000145459,-0.0462269,-0.0184294,0.99735,0.037531,-0.00185861,0.0622938
96903719000,0.713883,0.218849,0.0486933,0.000433166,-0.0459396,-0.0189644,0.997313,0.0377441,-0.00180225,0.0627633
96913719000,0.71389,0.218392,0.048501,0.00102818,-0.0456066,-0.0194996,0.997274,0.0379638,-0.00174138,0.0632423
96923719000,0.713409,0.217332,0.0494472,0.000720674,-0.0463833,-0.0157301,0.997235,0.038187,-0.00169019,0.0637311
96933719000,0.713418,0.216871,0.0492872,0.000995674,-0.0459087,-0.0162808,0.997194,0.0384217,-0.00164496,0.0642233
96943719000,0.713429,0.216413,0.049122,0.00124447,-0.0456185,-0.0167633,0.997152,0.0386578,-0.00160017,0.0647303
96953719000,0.713443,0.215958,0.0489522,0.001584,-0.0452839,-0.0171843,0.99711,0.0388949,-0.00157035,0.0652456
96963719000,0.713461,0.215507,0.0487782,0.00200367,-0.0450668,-0.017615,0.997066,0.0391389,-0.0015551,0.0657669
96973719000,0.713482,0.215057,0.0485992,0.00223993,-0.0448117,-0.0181994,0.997021,0.0393866,-0.0015498,0.0662965
96983719000,0.713505,0.21461,0.0484145,0.00238057,-0.04468,-0.0187378,0.996975,0.0396434,-0.00156023,0.0668321
96993719000,0.71353,0.214165,0.048225,0.00249306,-0.0443329,-0.0191603,0.996928,0.039909,-0.00157919,0.0673675
97003719000,0.713554,0.213723,0.0480309,0.00248435,-0.044128,-0.0196631,0.996881,0.0401785,-0.00162415,0.0679057
97013719000,0.71358,0.213284,0.0478316,0.0025467,-0.0435887,-0.0201877,0.996833,0.0404669,-0.00168304,0.0684402
97023719000,0.713208,0.212332,0.0492699,0.00242902,-0.0432259,-0.014627,0.996784,0.0407576,-0.00175471,0.0689689
97033719000,0.713232,0.211903,0.049121,0.0024184,-0.0424169,-0.0151617,0.996736,0.041064,-0.00185147,0.0694877
97043719000,0.713007,0.211072,0.0500611,0.00246375,-0.0419621,-0.0116674,0.996688,0.041374,-0.00196932,0.0699832
97053719000,0.71303,0.210655,0.049942,0.00230127,-0.0413233,-0.0121432,0.996641,0.0416881,-0.00210869,0.0704645
97063719000,0.713053,0.210246,0.0498183,0.00225056,-0.0405002,-0.0125869,0.996594,0.0420079,-0.0022634,0.0709252
97073719000,0.713075,0.209844,0.0496906,0.0020749,-0.0397382,-0.0129648,0.996549,0.0423326,-0.00243018,0.0713608
97083719000,0.713096,0.209452,0.0495585,0.00210156,-0.0388541,-0.0134603,0.996504,0.0426571,-0.002616,0.0717825
97093719000,0.713117,0.209066,0.049422,0.00213105,-0.0381876,-0.0138385,0.996461,0.0429793,-0.00282408,0.0721832
97103719000,0.713138,0.208688,0.0492822,0.00205298,-0.0374046,-0.014109,0.996419,0.0432943,-0.00303582,0.0725645
97113719000,0.713157,0.20832,0.0491394,0.00185935,-0.036394,-0.0144525,0.996378,0.043598,-0.00326235,0.0729312
97123719000,0.713176,0.20796,0.0489944,0.0017636,-0.0355721,-0.0145542,0.996338,0.0439008,-0.00350368,0.0732833
97133719000,0.713192,0.207608,0.0488477,0.00149569,-0.0347508,-0.0147927,0.9963,0.0442014,-0.00375446,0.0736144
97143719000,0.713206,0.207265,0.0486987,0.00124099,-0.0338563,-0.0150032,0.996263,0.0444909,-0.0040094,0.0739279
97153719000,0.712752,0.205621,0.0501247,0.000476966,-0.0365062,-0.0094559,0.996227,0.0447741,-0.00427254,0.0742224
97163719000,0.712755,0.205262,0.0500293,0.000289698,-0.0352905,-0.00961016,0.996193,0.0450471,-0.00454936,0.0744947
97173719000,0.712757,0.204913,0.0499323,0.000149008,-0.0344387,-0.00978795,0.996161,0.0453078,-0.00482519,0.0747475
97183719000,0.712757,0.204573,0.0498334,-0.000182943,-0.0334386,-0.0099929,0.996131,0.0455456,-0.00510718,0.0749776
97193719000,0.712755,0.204243,0.0497329,-0.000318162,-0.0325691,-0.0101196,0.996103,0.0457757,-0.00539577,0.0751895
97203719000,0.712546,0.203655,0.0581283,-0.00047397,-0.0317813,-0.00652984,0.996077,0.0459966,-0.00568679,0.0753893
97213719000,0.712541,0.203341,0.0580627,-0.000607822,-0.0311217,-0.00660328,0.996052,0.0462053,-0.00597678,0.0755695
97223719000,0.712534,0.203033,0.0579965,-0.000708678,-0.030538,-0.00662937,0.996028,0.0464065,-0.00627105,0.0757297
97233719000,0.712526,0.20273,0.0579309,-0.000850977,-0.0299735,-0.00648966,0.996008,0.0465815,-0.00656972,0.0758678
97243719000,0.712061,0.20139,0.0588171,-0.00201593,-0.0322651,-0.00131732,0.995989,0.0467434,-0.00686841,0.0759861
97253719000,0.712039,0.20107,0.0588052,-0.00236041,-0.031707,-0.00104672,0.995972,0.0468953,-0.00716906,0.0760861
97263719000,0.711777,0.200053,0.0594118,-0.00286956,-0.0333939,0.00235863,0.995957,0.0470321,-0.00746647,0.0761735
97273719000,0.711747,0.19972,0.0594365,-0.00314901,-0.0331324,0.00257366,0.995942,0.0471657,-0.00776254,0.0762501
97283719000,0.711714,0.199389,0.0594638,-0.00345256,-0.0330874,0.0028755,0.995929,0.0472932,-0.00806276,0.0763161
97293719000,0.711678,0.199058,0.0594938,-0.00362736,-0.0330177,0.00313407,0.995916,0.0474085,-0.00835254,0.0763799
97303719000,0.711641,0.198727,0.0595274,-0.00391543,-0.0332212,0.00359497,0.995903,0.0475225,-0.00864323,0.0764411
97313719000,0.7116,0.198394,0.0595658,-0.004217,-0.0333824,0.00407203,0.995892,0.047629,-0.00892409,0.0764973
97323719000,0.711556,0.198059,0.0596082,-0.00452922,-0.0336053,0.00441062,0.99588,0.0477331,-0.00919989,0.0765483
97333719000,0.71151,0.197722,0.059656,-0.00475927,-0.0338647,0.00515691,0.99587,0.0478224,-0.00946275,0.0765906
97343719000,0.71146,0.197381,0.05971,-0.0052068,-0.0342737,0.00564164,0.99586,0.047911,-0.00971742,0.0766346
97353719000,0.711406,0.197037,0.0597693,-0.00556909,-0.0345822,0.00620466,0.99585,0.0479923,-0.00996453,0.0766828
97363719000,0.711349,0.196689,0.0598347,-0.00587955,-0.0350706,0.00689017,0.99584,0.0480698,-0.0102042,0.0767335
97373719000,0.710866,0.196358,0.0604502,-0.00730863,-0.0344819,0.0101388,0.995829,0.0481528,-0.01042,0.0767893
97383719000,0.710791,0.196012,0.0605553,-0.00772384,-0.0347277,0.0108914,0.995819,0.0482323,-0.0106263,0.0768502
97393719000,0.710711,0.195664,0.0606682,-0.00809598,-0.0348305,0.0116872,0.995808,0.048307,-0.0108138,0.0769167
97403719000,0.710628,0.195314,0.0607882,-0.00865923,-0.03517,0.0123108,0.995796,0.0483821,-0.0109846,0.0769968
97413719000,0.710539,0.194959,0.0609147,-0.00912722,-0.0357215,0.0129932,0.995784,0.0484508,-0.0111421,0.0770834
97423719000,0.710445,0.194601,0.061048,-0.00956792,-0.0359603,0.013662,0.995772,0.0485185,-0.0112803,0.0771803
97433719000,0.710348,0.194239,0.061189,-0.0099714,-0.0363329,0.0145431,0.99576,0.0485892,-0.0114149,0.0772755
97443719000,0.710246,0.193877,0.0613375,-0.01045,-0.0362582,0.0151557,0.995747,0.0486489,-0.0115307,0.0773777
97453719000,0.710138,0.193514,0.061492,-0.0110426,-0.0362483,0.015745,0.995735,0.0487048,-0.0116264,0.077485
97463719000,0.710025,0.193151,0.0616526,-0.01164,-0.0364121,0.0163714,0.995724,0.0487501,-0.0117069,0.0775955
97473719000,0.709838,0.193127,0.0616133,-0.0127084,-0.035359,0.0162162,0.995712,0.0487853,-0.0117742,0.0777075
97483719000,0.709708,0.192773,0.0617777,-0.0132672,-0.0355289,0.0166634,0.995701,0.0488109,-0.011835,0.0778265
97493719000,0.709626,0.19267,0.0617553,-0.0137877,-0.0346994,0.0164661,0.99569,0.0488305,-0.0118841,0.0779417
97503719000,0.709486,0.192323,0.0619216,-0.0142639,-0.03478,0.0167848,0.99568,0.0488458,-0.0119193,0.0780609
97513719000,0.709341,0.191975,0.062092,-0.0147068,-0.0348413,0.0173022,0.995669,0.0488544,-0.0119482,0.0781887
97523719000,0.709191,0.191627,0.0622674,-0.0153397,-0.0347809,0.0177805,0.995659,0.0488559,-0.011958,0.0783172
97533719000,0.709034,0.191278,0.0624473,-0.0159189,-0.0349279,0.0181991,0.995649,0.0488491,-0.0119624,0.0784422
97543719000,0.708873,0.190929,0.0626306,-0.0164304,-0.034964,0.018456,0.995639,0.0488414,-0.0119684,0.0785714
97553719000,0.708706,0.190579,0.0628172,-0.0168996,-0.0350218,0.0188621,0.99563,0.0488281,-0.0119574,0.0787038
97563719000,0.708536,0.190228,0.0630073,-0.0171491,-0.035083,0.0191639,0.99562,0.0488058,-0.0119423,0.0788369
97573719000,0.708362,0.189877,0.0632001,-0.0175942,-0.0352487,0.0194005,0.995612,0.0487812,-0.0119117,0.0789687
97583719000,0.708439,0.189821,0.062641,-0.0177586,-0.0352698,0.0167612,0.995603,0.0487557,-0.0118826,0.0790997
97593719000,0.708261,0.189468,0.0628096,-0.017863,-0.0353724,0.0169511,0.995594,0.0487271,-0.0118445,0.0792313
97603719000,0.70808,0.189112,0.0629811,-0.0181619,-0.0357565,0.017362,0.995586,0.0486894,-0.0118006,0.0793616
97613719000,0.707897,0.188754,0.0631566,-0.0184872,-0.0358931,0.0177266,0.995579,0.0486448,-0.011745,0.0794899
97623719000,0.707711,0.188394,0.0633357,-0.0187318,-0.0359692,0.0181048,0.995571,0.0485984,-0.0116845,0.0796192
97633719000,0.707523,0.188034,0.0635184,-0.018905,-0.0361428,0.0184319,0.995564,0.0485502,-0.0116183,0.0797458
97643719000,0.707333,0.187672,0.0637052,-0.0190035,-0.0362168,0.0189265,0.995558,0.0484907,-0.0115504,0.0798751
97653719000,0.707143,0.18731,0.0638969,-0.0190959,-0.0362429,0.019417,0.995551,0.0484352,-0.0114816,0.0800077
97663719000,0.706951,0.186948,0.0640935,-0.0192237,-0.0361308,0.019891,0.995544,0.0483685,-0.0114044,0.0801366
97673719000,0.706759,0.186586,0.064294,-0.0191925,-0.0362011,0.0202149,0.995539,0.0482964,-0.0113214,0.0802643
97683719000,0.706398,0.186761,0.0633306,-0.0206956,-0.0351231,0.0159865,0.995534,0.0482113,-0.0112437,0.0803834
97693719000,0.706093,0.186735,0.0627611,-0.0215361,-0.0343182,0.0134646,0.99553,0.0481164,-0.0111705,0.080499
97703719000,0.705878,0.186394,0.0628974,-0.0213913,-0.0340113,0.0137874,0.995527,0.0480159,-0.0110904,0.0806094
97713719000,0.705665,0.186055,0.0630362,-0.02131,-0.0337655,0.0139787,0.995525,0.0479086,-0.0110167,0.0807065
97723719000,0.705452,0.185718,0.0631776,-0.0213226,-0.0335164,0.0142941,0.995524,0.0477933,-0.0109486,0.0808014
97733719000,0.70524,0.185385,0.0633217,-0.0210446,-0.0331808,0.0145441,0.995523,0.0476725,-0.0108884,0.0808865
97743719000,0.705031,0.185056,0.0634688,-0.0207414,-0.0325539,0.0148624,0.995524,0.0475344,-0.0108215,0.0809641
97753719000,0.704825,0.184733,0.0636198,-0.0203942,-0.0320543,0.0153464,0.995527,0.0473774,-0.010758,0.0810308
97763719000,0.704624,0.184416,0.063775,-0.0198236,-0.0312874,0.0156918,0.995531,0.0472045,-0.0106963,0.0810888
97773719000,0.704429,0.184108,0.063933,-0.0191933,-0.0303997,0.0159034,0.995536,0.0470182,-0.0106363,0.0811402
97783719000,0.703992,0.183874,0.0631264,-0.0203144,-0.0302279,0.012362,0.995543,0.0468111,-0.010574,0.0811843
97793719000,0.703792,0.183576,0.0632522,-0.0197101,-0.0293999,0.0128009,0.995552,0.0465828,-0.0105128,0.0812153
97803719000,0.703598,0.183288,0.0633825,-0.0190786,-0.0281639,0.0132563,0.995562,0.0463439,-0.0104497,0.0812388
97813719000,0.70341,0.183012,0.0635169,-0.0184769,-0.0271115,0.0136258,0.995574,0.0460861,-0.0103783,0.0812498
97823719000,0.703229,0.182746,0.0636558,-0.0177417,-0.0261484,0.0141548,0.995587,0.0458144,-0.0103021,0.0812466
97833719000,0.703055,0.182489,0.063799,-0.0170243,-0.0252101,0.0144971,0.995602,0.0455267,-0.0102205,0.0812354
97843719000,0.702888,0.182243,0.0639465,-0.0163858,-0.0240438,0.0149931,0.995619,0.0452263,-0.0101398,0.0812074
97853719000,0.702727,0.182008,0.0640989,-0.0157418,-0.0229711,0.0154825,0.995637,0.0449213,-0.01006,0.0811658
97863719000,0.702574,0.181784,0.0642562,-0.0150159,-0.0217233,0.0159907,0.995656,0.0446067,-0.00998478,0.0811111
97873719000,0.702427,0.181573,0.0644191,-0.0142726,-0.0204742,0.0165929,0.995677,0.0442836,-0.00990074,0.0810471
97883719000,0.702288,0.181374,0.0645884,-0.0135952,-0.0192807,0.0172539,0.995698,0.0439566,-0.00982375,0.0809749
97893719000,0.702156,0.181187,0.0647637,-0.0128602,-0.0180712,0.0178108,0.995721,0.0436188,-0.00974006,0.0808843
97903719000,0.701384,0.180811,0.0635965,-0.0157154,-0.0191254,0.0135701,0.995745,0.0432743,-0.00964754,0.0807902
97913719000,0.700812,0.180456,0.0628793,-0.017452,-0.0195086,0.0110128,0.995769,0.0429247,-0.00955237,0.080687
97923719000,0.70064,0.180267,0.0629924,-0.0169519,-0.0184563,0.0115953,0.995794,0.0425722,-0.00946281,0.0805808
97933719000,0.700474,0.180088,0.0631114,-0.0163705,-0.0173979,0.012208,0.995819,0.0422179,-0.00937086,0.0804664
97943719000,0.700314,0.17992,0.0632375,-0.0156471,-0.0162637,0.0130113,0.995844,0.041855,-0.00926105,0.0803516
97953719000,0.70016,0.179761,0.0633714,-0.0151496,-0.0154722,0.013777,0.99587,0.0414933,-0.00915648,0.0802312
97963719000,0.70001,0.17961,0.063513,-0.0146941,-0.0146594,0.0145418,0.995896,0.041139,-0.00904308,0.080109
97973719000,0.699866,0.179467,0.0636623,-0.0141888,-0.0139039,0.0153111,0.995922,0.0407826,-0.00892495,0.0799843
97983719000,0.699727,0.179333,0.0638193,-0.0136597,-0.0130238,0.0160904,0.995947,0.0404232,-0.00880237,0.0798595
97993719000,0.699593,0.179206,0.0639844,-0.0131834,-0.0122483,0.0169379,0.995972,0.0400635,-0.00867173,0.0797418
98003719000,0.699463,0.179088,0.0641574,-0.0126779,-0.0114639,0.0176534,0.995996,0.03971,-0.00853435,0.0796341
98013719000,0.699339,0.178977,0.0643379,-0.0120751,-0.0107033,0.0184562,0.99602,0.039359,-0.00838198,0.0795267
98023719000,0.699,0.179087,0.0630354,-0.0136033,-0.0106045,0.0137733,0.996043,0.039014,-0.00822063,0.079423
98033719000,0.698866,0.178985,0.0631771,-0.0130441,-0.00990321,0.0145481,0.996066,0.0386732,-0.00805163,0.079325
98043719000,0.698737,0.178889,0.0633266,-0.0127621,-0.00919651,0.0153611,0.996087,0.0383362,-0.00787865,0.0792342
98053719000,0.698612,0.178801,0.0634837,-0.0123642,-0.00839437,0.0160505,0.996108,0.0379986,-0.00769483,0.0791504
98063719000,0.69849,0.17872,0.0636478,-0.0119723,-0.00784547,0.0167686,0.996129,0.0376597,-0.00750082,0.0790703
98073719000,0.698372,0.178646,0.0638192,-0.0116064,-0.00707716,0.0175149,0.996149,0.037329,-0.00729974,0.0789967
98083719000,0.698258,0.178579,0.0639977,-0.0113128,-0.00623348,0.0181982,0.996169,0.0369983,-0.00709357,0.0789132
98093719000,0.698146,0.178521,0.0641835,-0.0110232,-0.00537215,0.0189505,0.996189,0.036676,-0.00688403,0.0788321
98103719000,0.698037,0.178471,0.0643764,-0.0108155,-0.00449419,0.019625,0.996208,0.0363608,-0.00666964,0.0787537
98113719000,0.698065,0.178997,0.0625054,-0.0117522,-0.00383726,0.0127714,0.996227,0.036046,-0.00645407,0.0786801
98123719000,0.697949,0.178963,0.0626364,-0.0115719,-0.00308181,0.0134361,0.996245,0.0357432,-0.00622698,0.0786154
98133719000,0.697922,0.179246,0.061388,-0.0121508,-0.00255695,0.00894512,0.996262,0.0354416,-0.00600087,0.0785527
98143719000,0.697802,0.179225,0.0614803,-0.0119472,-0.00159727,0.0095168,0.996278,0.0351431,-0.0057635,0.0784954
98153719000,0.697683,0.179213,0.0615781,-0.0118805,-0.000817317,0.0100299,0.996294,0.0348436,-0.00552845,0.0784435
98163719000,0.697565,0.179209,0.0616802,-0.0116598,-3.32115e-05,0.010391,0.996309,0.0345511,-0.00528055,0.0783972
98173719000,0.697449,0.179213,0.0617871,-0.0115345,0.000796057,0.0109946,0.996324,0.0342521,-0.00503055,0.0783575
98183719000,0.697335,0.179224,0.061899,-0.0112295,0.00151369,0.01139,0.996339,0.0339462,-0.0047677,0.0783191
98193719000,0.697223,0.179243,0.0620156,-0.0111498,0.00224436,0.0119152,0.996353,0.0336356,-0.0044934,0.0782878
98203719000,0.697113,0.17927,0.0621361,-0.0109652,0.00323949,0.0121953,0.996367,0.0333183,-0.0042095,0.0782581
98213719000,0.697004,0.179306,0.0622595,-0.0108101,0.0039356,0.0124906,0.996381,0.0329959,-0.00392282,0.0782329
98223719000,0.696897,0.179351,0.0623861,-0.0105397,0.00500208,0.0128175,0.996395,0.0326699,-0.00362435,0.0782146
98233719000,0.696792,0.179406,0.0625153,-0.0104507,0.00596006,0.0130349,0.996408,0.0323495,-0.00331506,0.0781923
98243719000,0.696979,0.179803,0.0606646,-0.0107608,0.00614006,0.00596206,0.996422,0.0320273,-0.00300065,0.0781629
98253719000,0.696873,0.179869,0.060725,-0.0105139,0.0070081,0.00613042,0.996435,0.0317052,-0.00268737,0.0781329
98263719000,0.696769,0.179944,0.060787,-0.0102855,0.00788133,0.00625284,0.996448,0.0313778,-0.00236949,0.0781045
98273719000,0.696668,0.180027,0.0608497,-0.00995234,0.0087611,0.00629309,0.996462,0.0310407,-0.00204635,0.078081
98283719000,0.69657,0.180119,0.0609119,-0.00950745,0.00968187,0.00615661,0.996475,0.0306954,-0.00172401,0.0780593
98293719000,0.696281,0.179969,0.0690917,-0.00930085,0.0106663,0.00949813,0.996487,0.0303292,-0.00139443,0.0780448
98303719000,0.696189,0.180079,0.069187,-0.00909555,0.0113239,0.00956481,0.9965,0.029945,-0.00105541,0.0780345
98313719000,0.696099,0.180196,0.0692813,-0.00890455,0.01209,0.00929167,0.996512,0.0295507,-0.000707496,0.0780349
98323719000,0.696011,0.180319,0.0693733,-0.00878548,0.0126043,0.00911015,0.996524,0.0291477,-0.000352974,0.0780396
98333719000,0.695981,0.180904,0.0681551,-0.00994662,0.0130669,0.00207272,0.996536,0.0287233,1.12387e-05,0.0780474
98343719000,0.695884,0.181039,0.0681754,-0.0096921,0.0137694,0.00198949,0.996547,0.0282871,0.00038376,0.0780623
98353719000,0.695812,0.181398,0.067328,-0.0103912,0.0138666,-0.00263445,0.996558,0.0278422,0.000750559,0.0780783
98363719000,0.69571,0.18154,0.0673002,-0.0100122,0.0143481,-0.00293618,0.996568,0.0273924,0.00111706,0.0781007
98373719000,0.695611,0.181686,0.0672708,-0.00974677,0.0149055,-0.00294865,0.996579,0.0269408,0.0014853,0.0781183
98383719000,0.695516,0.181838,0.0672397,-0.00935598,0.0154879,-0.00327239,0.996589,0.0264751,0.00185852,0.0781349
98393719000,0.695424,0.181995,0.0672057,-0.00888293,0.0159275,-0.00351,0.9966,0.0260057,0.00222551,0.0781507
98403719000,0.695338,0.182157,0.06717,-0.00841275,0.0164005,-0.00364734,0.99661,0.0255289,0.00261029,0.0781703
98413719000,0.695255,0.182324,0.0671333,-0.00818215,0.0170771,-0.0036781,0.996619,0.0250458,0.00300904,0.0781925
98423719000,0.695176,0.182499,0.0670952,-0.00755741,0.0178413,-0.00395138,0.996629,0.0245444,0.00341456,0.0782122
98433719000,0.695103,0.18268,0.0670552,-0.00707388,0.0183556,-0.00403595,0.996638,0.0240316,0.00382631,0.0782331
98443719000,0.694722,0.183065,0.0663208,-0.00850447,0.0187372,-0.00745444,0.996647,0.0235095,0.00424001,0.078253
98453719000,0.69464,0.183256,0.0662454,-0.00784732,0.0193572,-0.00762216,0.996657,0.0229841,0.00466344,0.0782646
98463719000,0.694566,0.183453,0.0661685,-0.00711154,0.0199183,-0.00775637,0.996666,0.0224491,0.00509693,0.0782688
98473719000,0.694497,0.183654,0.0660899,-0.00654314,0.020299,-0.00796672,0.996676,0.0219166,0.00553029,0.0782655
98483719000,0.694435,0.183859,0.0660101,-0.00588051,0.0206645,-0.00800541,0.996686,0.0213779,0.00597264,0.0782551
98493719000,0.694379,0.184066,0.0659287,-0.00542891,0.0208476,-0.00826612,0.996697,0.0208405,0.00640932,0.0782342
98503719000,0.694328,0.184276,0.0658449,-0.00470495,0.0210978,-0.00848823,0.996707,0.0203036,0.00684945,0.0782028
98513719000,0.694284,0.184487,0.0657588,-0.00406122,0.021245,-0.00873802,0.996718,0.0197831,0.00729376,0.0781611
98523719000,0.694247,0.184701,0.0656704,-0.00335654,0.0215428,-0.00894762,0.996728,0.019262,0.0077332,0.0781143
98533719000,0.694217,0.184917,0.0655791,-0.00258105,0.0216926,-0.00931099,0.996739,0.0187585,0.00816523,0.0780617
98543719000,0.693572,0.185425,0.0650961,-0.00437132,0.022659,-0.011302,0.996749,0.018259,0.00859118,0.0779998
98553719000,0.693532,0.185652,0.0649811,-0.00365063,0.0227199,-0.0116971,0.996759,0.0177802,0.00900663,0.0779336
98563719000,0.693012,0.186039,0.0646462,-0.00457456,0.0232449,-0.0131207,0.996769,0.017319,0.00940142,0.0778629
98573719000,0.692971,0.186273,0.0645127,-0.00370421,0.0232986,-0.0135775,0.99678,0.0168687,0.00978235,0.0777778
98583719000,0.692937,0.186505,0.0643739,-0.00299963,0.0232348,-0.0141709,0.996791,0.0164276,0.0101504,0.0776791
98593719000,0.692911,0.186737,0.0642285,-0.00212712,0.0231448,-0.0149143,0.996803,0.0160015,0.0104965,0.0775721
98603719000,0.692895,0.186968,0.0640753,-0.00125032,0.0230371,-0.0157244,0.996815,0.0155961,0.0108206,0.0774607
98613719000,0.692886,0.187197,0.0639134,-0.000474364,0.0228124,-0.0166635,0.996826,0.0152061,0.0111248,0.0773478
98623719000,0.692884,0.187424,0.0637424,2.31756e-05,0.0225959,-0.0175257,0.996837,0.0148283,0.0113984,0.0772352
98633719000,0.692888,0.187649,0.063563,0.000848372,0.022372,-0.0183643,0.996849,0.0144737,0.0116474,0.0771223
98643719000,0.692901,0.187871,0.0633753,0.00174618,0.0219745,-0.0191675,0.99686,0.014153,0.0118629,0.0770028
98653719000,0.692922,0.188088,0.0631793,0.00247946,0.0215182,-0.0200326,0.996872,0.0138504,0.0120416,0.0768763
98663719000,0.692222,0.188301,0.0633499,0.000863467,0.0218827,-0.0193537,0.996884,0.0135776,0.0121877,0.0767401
98673719000,0.692234,0.188518,0.0631522,0.00152276,0.0214713,-0.0201846,0.996897,0.0133315,0.0122994,0.076601
98683719000,0.692252,0.188731,0.062945,0.0020427,0.0210661,-0.0212651,0.99691,0.0131172,0.0123759,0.0764532
98693719000,0.692276,0.188939,0.0627275,0.00269609,0.0205934,-0.0222221,0.996924,0.0129312,0.0124149,0.0762995
98703719000,0.692306,0.189142,0.0625003,0.00332521,0.0199992,-0.0232305,0.996938,0.0127736,0.0124147,0.076143
98713719000,0.692342,0.189339,0.0622625,0.0039216,0.0193172,-0.0243306,0.996952,0.0126434,0.012373,0.0759879
98723719000,0.692384,0.189529,0.0620136,0.00446906,0.0187227,-0.0254365,0.996966,0.0125484,0.0122817,0.0758259
98733719000,0.692431,0.189711,0.0617547,0.00494066,0.0176658,-0.0263426,0.996981,0.0124833,0.0121487,0.0756688
98743719000,0.692483,0.189882,0.0614865,0.00550047,0.0166616,-0.0272985,0.996995,0.0124505,0.0119709,0.0755149
98753719000,0.692541,0.190044,0.0612089,0.00605818,0.0156187,-0.0282203,0.997009,0.0124559,0.0117558,0.0753603
98763719000,0.691563,0.189979,0.062443,0.00427182,0.0156305,-0.0232252,0.997023,0.0124986,0.0115026,0.0752171
98773719000,0.691608,0.190128,0.0622064,0.00473366,0.014294,-0.0240922,0.997035,0.0125779,0.0112134,0.0750821
98783719000,0.690901,0.190218,0.0630221,0.00332593,0.0139672,-0.0206486,0.997046,0.0126972,0.0108824,0.0749638
98793719000,0.690936,0.19035,0.0628109,0.00370042,0.0126298,-0.0215928,0.997055,0.0128695,0.0105107,0.0748692
98803719000,0.690974,0.190469,0.0625902,0.00402205,0.0110975,-0.0225576,0.997062,0.0130885,0.0100932,0.0747999
98813719000,0.691016,0.190573,0.0623596,0.0043834,0.00964748,-0.0235597,0.997066,0.0133577,0.00962541,0.0747565
98823719000,0.691063,0.190662,0.0621185,0.00491765,0.00813287,-0.0246633,0.997068,0.0136845,0.00910683,0.0747332
98833719000,0.691114,0.190736,0.0618672,0.00537316,0.0066828,-0.0255926,0.997067,0.0140694,0.00853788,0.0747378
98843719000,0.69117,0.190796,0.0616067,0.00573086,0.00527707,-0.0264985,0.997064,0.0145122,0.00792327,0.0747644
98853719000,0.691228,0.190842,0.061337,0.00578186,0.0039176,-0.027457,0.997058,0.0150063,0.00726139,0.0748137
98863719000,0.691286,0.190873,0.0610572,0.00593228,0.00230039,-0.0284968,0.997049,0.0155535,0.00655555,0.0748878
98873719000,0.690319,0.190565,0.0629013,0.00430652,0.00215061,-0.0210811,0.997037,0.0161423,0.00580797,0.0749864
98883719000,0.690362,0.190579,0.062687,0.00446974,0.000739494,-0.0217991,0.997021,0.0167709,0.00502391,0.0751227
98893719000,0.690408,0.190579,0.0624661,0.00475261,-0.000770688,-0.022381,0.997001,0.0174423,0.00420982,0.0752813
98903719000,0.690457,0.190564,0.0622399,0.00505467,-0.00213434,-0.0228453,0.996978,0.0181447,0.00336793,0.0754649
98913719000,0.690509,0.190538,0.0620091,0.00527408,-0.00311973,-0.0233289,0.996951,0.0188638,0.00251502,0.0756726
98923719000,0.690563,0.190502,0.0617735,0.0054479,-0.00403043,-0.0237902,0.99692,0.0196086,0.00163644,0.0759119
98933719000,0.690618,0.190459,0.061533,0.00558958,-0.00475353,-0.0242919,0.996887,0.0203671,0.000756997,0.0761696
98943719000,0.690676,0.190408,0.0612882,0.00599988,-0.00531878,-0.0246834,0.99685,0.0211367,-0.00011933,0.0764424
98953719000,0.690737,0.190352,0.0610401,0.00612935,-0.0059505,-0.0249388,0.99681,0.0219167,-0.00100893,0.0767348
98963719000,0.690801,0.19029,0.0607888,0.00664683,-0.00654763,-0.0253037,0.996767,0.0227087,-0.00190366,0.0770465
98973719000,0.689641,0.18898,0.0633854,0.00448283,-0.0088911,-0.0148519,0.996722,0.0235051,-0.00280123,0.0773686
98983719000,0.689687,0.188888,0.0632361,0.00482407,-0.0093327,-0.0150163,0.996673,0.0243044,-0.00369492,0.0777102
98993719000,0.688913,0.188043,0.0649085,0.0035753,-0.0106848,-0.00832984,0.996622,0.0250994,-0.0045788,0.0780613
99003719000,0.68895,0.187934,0.0648241,0.00400662,-0.0108772,-0.00855055,0.996569,0.0258881,-0.00545896,0.0784224
99013719000,0.688992,0.187824,0.0647387,0.00435679,-0.0111383,-0.00853522,0.996514,0.0266751,-0.00632143,0.0787975
99023719000,0.689038,0.187711,0.0646532,0.0048909,-0.0113977,-0.00856928,0.996456,0.0274524,-0.00717242,0.0791804
99033719000,0.68909,0.187597,0.064568,0.00548039,-0.0114461,-0.00847011,0.996398,0.0282202,-0.00800371,0.0795662
99043719000,0.689147,0.187482,0.0644839,0.00599292,-0.0116709,-0.00833509,0.996339,0.0289753,-0.00880687,0.0799519
99053719000,0.68921,0.187365,0.0644018,0.00659111,-0.011666,-0.00809532,0.996279,0.0297136,-0.00959159,0.0803334
99063719000,0.689279,0.187249,0.0643217,0.00718543,-0.0115528,-0.00792302,0.996218,0.0304314,-0.0103482,0.0807236
99073719000,0.688346,0.185916,0.0660428,0.00529602,-0.0145387,-0.000900657,0.996157,0.0311308,-0.0110782,0.0811105
99083719000,0.688401,0.185771,0.0660356,0.00577724,-0.0144176,-0.000552872,0.996096,0.0318136,-0.0117839,0.081492
99093719000,0.688461,0.185628,0.0660329,0.00634986,-0.0141339,1.35808e-05,0.996036,0.0324703,-0.0124637,0.0818729
99103719000,0.688528,0.185488,0.0660364,0.00704481,-0.0137917,0.000691846,0.995976,0.0331056,-0.0131121,0.0822463
99113719000,0.688603,0.185353,0.0660456,0.00782487,-0.0132508,0.00115843,0.995916,0.0337209,-0.0137291,0.0826148
99123719000,0.688684,0.185222,0.0660607,0.00843854,-0.012862,0.00184685,0.995858,0.0343091,-0.0143156,0.0829778
99133719000,0.688772,0.185095,0.0660825,0.00903335,-0.0126167,0.00252198,0.9958,0.034878,-0.0148693,0.083338
99143719000,0.688866,0.184971,0.0661118,0.00976299,-0.0122068,0.00332595,0.995742,0.0354217,-0.0153856,0.0837013
99153719000,0.688967,0.18485,0.066149,0.010515,-0.0120474,0.00412989,0.995686,0.0359372,-0.0158621,0.0840602
99163719000,0.689076,0.184731,0.066195,0.0112188,-0.0118165,0.00505906,0.99563,0.0364338,-0.016302,0.0844223
99173719000,0.68919,0.184614,0.0662495,0.0117012,-0.0114386,0.00585314,0.995575,0.0369067,-0.0167035,0.0847874
99183719000,0.689311,0.184502,0.0663129,0.0123422,-0.0111088,0.00680881,0.995521,0.0373636,-0.0170695,0.0851527
99193719000,0.688747,0.183404,0.0674235,0.0108867,-0.013821,0.0116703,0.995468,0.0377907,-0.0173979,0.0855159
99203719000,0.688859,0.183266,0.067546,0.0115131,-0.0137018,0.0128276,0.995417,0.0381929,-0.0176878,0.0858737
99213719000,0.688508,0.18253,0.0681907,0.010599,-0.0153685,0.0158392,0.995367,0.0385783,-0.0179365,0.0862288
99223719000,0.688617,0.182375,0.068355,0.0111164,-0.015376,0.017022,0.995318,0.0389425,-0.0181541,0.0865764
99233719000,0.688731,0.182222,0.0685309,0.0117513,-0.0153479,0.0181567,0.995272,0.0392843,-0.0183402,0.0869143
99243719000,0.688851,0.182069,0.0687183,0.0122945,-0.0152292,0.019338,0.995227,0.0396072,-0.0184936,0.0872547
99253719000,0.688975,0.181917,0.0689177,0.0124861,-0.0150876,0.0205316,0.995183,0.0399197,-0.0186265,0.0875847
99263719000,0.689103,0.181766,0.0691287,0.0130007,-0.0151396,0.0216765,0.99514,0.040229,-0.0187331,0.087906
99273719000,0.689234,0.181616,0.0693506,0.0132756,-0.0148994,0.0227014,0.995098,0.0405295,-0.0188235,0.0882218
99283719000,0.68937,0.181468,0.0695832,0.013829,-0.0147647,0.0238193,0.995058,0.0408088,-0.0188848,0.0885273
99293719000,0.689506,0.181314,0.0700006,0.0142465,-0.0148043,0.0249623,0.995019,0.0410872,-0.0189291,0.0888281
99303719000,0.689764,0.18142,0.0698502,0.0144097,-0.0145933,0.0236366,0.994981,0.0413617,-0.0189657,0.0891185
99313719000,0.689909,0.181275,0.0700914,0.0146109,-0.0144559,0.0245886,0.994943,0.0416288,-0.0189877,0.0894113
99323719000,0.690057,0.18113,0.0703417,0.0149046,-0.0144376,0.025485,0.994906,0.0418811,-0.0190031,0.0897029
99333719000,0.690207,0.180985,0.0706013,0.0151471,-0.0146145,0.0264258,0.99487,0.0421257,-0.0190094,0.0899917
99343719000,0.690359,0.180838,0.0708692,0.0151868,-0.0147408,0.0271629,0.994834,0.0423638,-0.0190031,0.0902737
99353719000,0.690511,0.18069,0.0711446,0.0152528,-0.0149566,0.0279068,0.994799,0.0425956,-0.0189989,0.0905503
99363719000,0.690664,0.18054,0.0714275,0.0154291,-0.014941,0.02867,0.994765,0.0428144,-0.018988,0.0908282
99373719000,0.690818,0.18039,0.0717186,0.0153944,-0.0151267,0.029552,0.994732,0.0430195,-0.0189738,0.0910957
99383719000,0.690972,0.180239,0.0720178,0.0153187,-0.0151099,0.0302995,0.994699,0.0432224,-0.0189614,0.0913584
99393719000,0.691125,0.180088,0.0723239,0.0153289,-0.0150484,0.030908,0.994668,0.0434114,-0.0189429,0.0916136
99403719000,0.691973,0.180919,0.0712818,0.0165893,-0.0129693,0.0250482,0.994638,0.0435849,-0.0189272,0.0918573
99413719000,0.692579,0.181402,0.0706565,0.0170872,-0.0116649,0.0215741,0.994609,0.0437583,-0.0189109,0.0920939
99423719000,0.69275,0.181285,0.0708752,0.0169383,-0.0117639,0.0221716,0.99458,0.0439231,-0.0188986,0.0923223
99433719000,0.692917,0.181167,0.0710997,0.0165423,-0.0117565,0.0227268,0.994554,0.0440792,-0.0188844,0.0925387
99443719000,0.693081,0.181049,0.0713299,0.0161909,-0.0118724,0.0233037,0.994528,0.0442345,-0.018881,0.0927441
99453719000,0.693241,0.180931,0.0715653,0.015887,-0.0118666,0.0237858,0.994503,0.0443935,-0.018877,0.0929356
99463719000,0.693397,0.180812,0.0718051,0.0152683,-0.0118557,0.0241801,0.994479,0.0445465,-0.0188783,0.0931175
99473719000,0.693548,0.180693,0.0720487,0.0148798,-0.0119752,0.0245358,0.994456,0.0446927,-0.0188945,0.0932913
99483719000,0.693693,0.180572,0.0722959,0.014201,-0.0122016,0.0249083,0.994433,0.0448334,-0.0189076,0.0934608
99493719000,0.693833,0.180448,0.072547,0.0138116,-0.0125451,0.0253034,0.994411,0.0449601,-0.0189329,0.0936328
99503719000,0.694693,0.181238,0.0713118,0.0144869,-0.0110861,0.0188724,0.994389,0.045081,-0.0189569,0.0938056
99513719000,0.694835,0.181125,0.0715022,0.0139442,-0.0114987,0.0192017,0.994367,0.0451933,-0.0189773,0.0939765
99523719000,0.694972,0.181008,0.071695,0.0133734,-0.0119072,0.01936,0.994346,0.0453016,-0.0190083,0.094143
99533719000,0.695103,0.180886,0.0718893,0.0129378,-0.01243,0.0195136,0.994325,0.0454019,-0.0190458,0.0943035
99543719000,0.69523,0.180759,0.0720848,0.0124626,-0.0129558,0.0195813,0.994305,0.0454935,-0.019085,0.0944667
99553719000,0.695352,0.180626,0.0722818,0.0118221,-0.0135944,0.0198228,0.994285,0.0455686,-0.0191254,0.0946359
99563719000,0.695467,0.180488,0.0724811,0.0112861,-0.0140585,0.0200281,0.994264,0.0456352,-0.0191773,0.0948137
99573719000,0.695577,0.180345,0.0726815,0.010759,-0.0145064,0.020049,0.994243,0.0456904,-0.0192304,0.0949942
99583719000,0.695683,0.180198,0.0728827,0.0103029,-0.0149575,0.0201894,0.994222,0.0457314,-0.0192727,0.0951782
99593719000,0.695783,0.180046,0.0730846,0.00981178,-0.0153688,0.0202037,0.994202,0.04577,-0.0193138,0.0953698
99603719000,0.695879,0.17989,0.073287,0.00934752,-0.015854,0.0202742,0.99418,0.0457932,-0.0193491,0.0955718
99613719000,0.69597,0.179729,0.0734897,0.00874148,-0.0163967,0.0202667,0.994158,0.0458084,-0.0193845,0.0957865
99623719000,0.696698,0.180939,0.0718709,0.00946443,-0.0134411,0.0129114,0.994137,0.0458085,-0.0194124,0.0960062
99633719000,0.6972,0.18166,0.0708919,0.0099106,-0.0116308,0.008427,0.994114,0.0457899,-0.0194339,0.0962431
99643719000,0.697296,0.181542,0.0709758,0.00946239,-0.0119368,0.00835244,0.994092,0.045748,-0.0194503,0.0964904
99653719000,0.69739,0.181422,0.0710588,0.0091895,-0.0121697,0.0082381,0.994069,0.0456904,-0.0194531,0.0967547
99663719000,0.69748,0.181299,0.0711402,0.00896524,-0.0123331,0.00804414,0.994046,0.0456203,-0.0194531,0.0970239
99673719000,0.697568,0.181175,0.0712196,0.00855845,-0.0125731,0.0078398,0.994022,0.045526,-0.0194376,0.0973083
99683719000,0.697652,0.181049,0.0712966,0.00830263,-0.0125878,0.00756187,0.993999,0.0454058,-0.0194109,0.0976046
99693719000,0.697735,0.180924,0.0713716,0.0081851,-0.0123893,0.00744379,0.993977,0.04526,-0.0193629,0.0979104
99703719000,0.697817,0.180802,0.0714462,0.00816432,-0.012037,0.00747881,0.993954,0.0450972,-0.0193135,0.0982279
99713719000,0.697898,0.180683,0.07152,0.00811695,-0.0116865,0.00726588,0.993932,0.0449122,-0.0192487,0.0985497
99723719000,0.697979,0.180569,0.0715919,0.00808286,-0.0110266,0.00712024,0.993911,0.0447026,-0.0191712,0.0988738
99733719000,0.698099,0.181019,0.0706558,0.00746825,-0.00914279,0.00300844,0.99389,0.044466,-0.0190781,0.0992016
99743719000,0.698174,0.180931,0.0706837,0.00747378,-0.00835829,0.00257893,0.993871,0.0442032,-0.0189817,0.0995341
99753719000,0.698249,0.180853,0.0707067,0.00739,-0.00735054,0.00202274,0.993852,0.0439183,-0.0188684,0.0998622
99763719000,0.698323,0.180785,0.070725,0.00743853,-0.00617986,0.00162021,0.993835,0.0436031,-0.0187461,0.100196
99773719000,0.698397,0.180729,0.0707385,0.00746102,-0.0050692,0.00109371,0.99382,0.0432555,-0.0185981,0.100527
99783719000,0.698473,0.180684,0.0707468,0.00762802,-0.00385017,0.000566956,0.993806,0.0428832,-0.0184379,0.100851
99793719000,0.69855,0.180652,0.0707501,0.00784582,-0.00258244,9.11388e-05,0.993793,0.0424807,-0.0182734,0.101174
99803719000,0.69863,0.180633,0.0707479,0.00821495,-0.00118569,-0.000525582,0.993782,0.0420433,-0.0180968,0.101499
99813719000,0.698714,0.180627,0.0707395,0.00858936,4.25262e-05,-0.00116578,0.993772,0.0415778,-0.0178992,0.101822
99823719000,0.698802,0.180633,0.0707243,0.00896896,0.00106612,-0.00187964,0.993764,0.0410842,-0.0176903,0.102138
99833719000,0.698456,0.180522,0.070416,0.00752155,0.00157,-0.00365644,0.993757,0.0405534,-0.017468,0.102454
99843719000,0.698532,0.180544,0.0703761,0.00770476,0.00272077,-0.0043195,0.993751,0.0399915,-0.0172383,0.102771
99853719000,0.698296,0.180352,0.0702258,0.00674399,0.00300041,-0.00555625,0.993746,0.0394076,-0.016999,0.103084
99863719000,0.698366,0.180389,0.0701666,0.00707283,0.00425997,-0.00627297,0.993742,0.0388013,-0.0167496,0.103391
99873719000,0.698439,0.180438,0.0701012,0.00751355,0.0054727,-0.00680865,0.99374,0.0381653,-0.0164898,0.103692
99883719000,0.698516,0.1805,0.0700302,0.00794664,0.00685519,-0.00739588,0.993739,0.0375058,-0.0162258,0.103984
99893719000,0.698598,0.180574,0.0699539,0.00845749,0.00807512,-0.00787782,0.993739,0.0368261,-0.0159554,0.104266
99903719000,0.698685,0.18066,0.0698716,0.0088823,0.00915439,-0.00857332,0.99374,0.0361302,-0.0156787,0.10454
99913719000,0.698776,0.180757,0.0697827,0.00938732,0.0102601,-0.00919628,0.993744,0.0354214,-0.0153932,0.104794
99923719000,0.698872,0.180865,0.0696892,0.00985003,0.0113345,-0.00950573,0.993747,0.0347057,-0.015105,0.105045
99933719000,0.698973,0.180983,0.0695923,0.0102628,0.0122747,-0.00988601,0.993752,0.0339741,-0.0148127,0.105281
99943719000,0.699077,0.18111,0.0694914,0.0105906,0.0131297,-0.0102845,0.993757,0.033239,-0.0145138,0.105505
99953719000,0.698389,0.180973,0.0701497,0.0089835,0.0140048,-0.0077398,0.993763,0.0325086,-0.0142203,0.105713
99963719000,0.698482,0.181118,0.070071,0.00951178,0.0148443,-0.00799279,0.993771,0.0317768,-0.0139262,0.105899
99973719000,0.69858,0.181271,0.0699901,0.0101525,0.0156796,-0.00818246,0.993781,0.0310534,-0.013634,0.106066
99983719000,0.698685,0.181433,0.0699079,0.0108067,0.0167885,-0.00827129,0.993791,0.0303388,-0.0133473,0.106214
99993719000,0.698796,0.181605,0.0698252,0.0113968,0.0175616,-0.00825128,0.993803,0.0296404,-0.0130665,0.106334
100003719000,0.698912,0.181785,0.0697419,0.011905,0.0185538,-0.00841443,0.993817,0.0289594,-0.0127966,0.10642
100013719000,0.699034,0.181975,0.0696568,0.0125463,0.0195063,-0.00861037,0.993834,0.0283032,-0.0125392,0.106466
100023719000,0.699162,0.182173,0.0695701,0.0129356,0.0201514,-0.00873049,0.993854,0.0276786,-0.0123108,0.106473
100033719000,0.699294,0.182379,0.0694815,0.0134573,0.0209771,-0.00899162,0.993876,0.0270879,-0.0120937,0.106442
100043719000,0.699431,0.182591,0.0693913,0.0139195,0.021524,-0.00903443,0.993901,0.0265298,-0.0119082,0.106369
100053719000,0.698564,0.182609,0.0705167,0.0117688,0.0226729,-0.00467872,0.99393,0.0260168,-0.0117507,0.106247
100063719000,0.698684,0.182837,0.0704696,0.012306,0.022906,-0.0047339,0.993962,0.0255346,-0.0116192,0.106079
100073719000,0.698117,0.182901,0.0711924,0.010977,0.0232915,-0.00190624,0.993996,0.0250924,-0.0115199,0.105875
100083719000,0.69823,0.183135,0.071173,0.0115026,0.0233035,-0.00196898,0.994033,0.0246867,-0.0114493,0.105633
100093719000,0.698348,0.183368,0.0711541,0.0120449,0.0233603,-0.00182368,0.994072,0.0243191,-0.0114043,0.105352
100103719000,0.698471,0.183601,0.0711364,0.0125592,0.0231939,-0.00170122,0.994113,0.0239924,-0.0113844,0.105041
100113719000,0.698598,0.183831,0.0711198,0.0128945,0.022937,-0.00161803,0.994156,0.0237113,-0.0113886,0.104697
100123719000,0.698729,0.184059,0.0711052,0.0133813,0.022519,-0.00131584,0.994201,0.0234639,-0.0114172,0.104324
100133719000,0.698865,0.184281,0.0710937,0.013788,0.0220369,-0.000984657,0.994246,0.0232524,-0.0114687,0.103931
100143719000,0.699005,0.1845,0.0710861,0.0141659,0.0217145,-0.000539213,0.994293,0.0230827,-0.0115494,0.103513
100153719000,0.699148,0.184715,0.0710828,0.014436,0.0212572,-0.000101764,0.994341,0.0229458,-0.0116506,0.103073
100163719000,0.699294,0.184926,0.0710844,0.0148601,0.0208436,0.000422095,0.994389,0.022841,-0.0117761,0.102614
100173719000,0.69863,0.185381,0.071846,0.0129629,0.0224302,0.00380304,0.994439,0.0227743,-0.0119193,0.102131
100183719000,0.69876,0.185603,0.0718879,0.0131747,0.0220274,0.00456667,0.994489,0.0227367,-0.0120756,0.10163
100193719000,0.698892,0.18582,0.0719364,0.0132672,0.0213697,0.00514092,0.99454,0.0227256,-0.0122446,0.101109
100203719000,0.699027,0.186031,0.0719917,0.0137183,0.0208503,0.00592573,0.994591,0.0227446,-0.0124282,0.10058
100213719000,0.699166,0.186236,0.0720552,0.0140007,0.0201361,0.00676338,0.994643,0.0227834,-0.0126249,0.100035
100223719000,0.699307,0.186434,0.0721268,0.0142374,0.0194047,0.0075528,0.994695,0.0228438,-0.0128411,0.0994779
100233719000,0.69945,0.186625,0.0722064,0.0143858,0.0187181,0.00837659,0.994746,0.0229256,-0.0130669,0.0989115
100243719000,0.699595,0.186808,0.0722941,0.0144404,0.0180085,0.00915628,0.994798,0.023024,-0.0133123,0.0983361
100253719000,0.699739,0.186985,0.0723895,0.0143653,0.0172217,0.00992332,0.994849,0.0231383,-0.0135722,0.0977559
100263719000,0.699883,0.187154,0.0724927,0.0145151,0.0165877,0.0107287,0.9949,0.02326,-0.0138401,0.0971707
100273719000,0.699439,0.187775,0.0725311,0.0125604,0.0178921,0.0113466,0.99495,0.0233989,-0.0141117,0.096581
100283719000,0.699565,0.18795,0.0726495,0.0126664,0.0171227,0.0123259,0.995,0.0235386,-0.0143851,0.0959893
100293719000,0.699331,0.188508,0.0726215,0.0113398,0.0180426,0.0128057,0.995049,0.0236827,-0.0146595,0.0954051
100303719000,0.699465,0.188711,0.0716816,0.0114346,0.0171834,0.0135657,0.995096,0.0238227,-0.014929,0.0948303
100313719000,0.69958,0.188878,0.0718239,0.011525,0.0162828,0.0148791,0.995142,0.023964,-0.0151924,0.0942675
100323719000,0.699694,0.189036,0.0719802,0.0113019,0.0153834,0.0163983,0.995186,0.0240996,-0.0154424,0.0937279
100333719000,0.699805,0.189185,0.0721522,0.0110389,0.0143247,0.0179863,0.995228,0.0242345,-0.015679,0.0932132
100343719000,0.699914,0.189322,0.0723406,0.0106381,0.0131321,0.0196969,0.995266,0.0243583,-0.0158908,0.092735
100353719000,0.700019,0.189448,0.0725468,0.0103069,0.0120837,0.021545,0.995301,0.0244611,-0.0160699,0.0923023
100363719000,0.70012,0.189564,0.072772,0.0098774,0.0111193,0.0234961,0.995332,0.0245502,-0.0162046,0.0919195
100373719000,0.700403,0.19019,0.0721325,0.00931899,0.0108535,0.0209074,0.995358,0.0246212,-0.0162965,0.0915972
100383719000,0.700494,0.190293,0.0723512,0.00898644,0.00975516,0.02283,0.995381,0.0246675,-0.0163351,0.091327
100393719000,0.700583,0.190385,0.0725886,0.0087643,0.00870671,0.0246636,0.995401,0.0246872,-0.0163217,0.0911107
100403719000,0.70067,0.190466,0.0728446,0.0086225,0.00752232,0.0265304,0.995417,0.0246823,-0.0162664,0.0909481
100413719000,0.700755,0.190535,0.0731199,0.00845973,0.00638194,0.0285268,0.995428,0.024671,-0.0161608,0.0908423
100423719000,0.700839,0.190593,0.0734137,0.00837781,0.00521724,0.0302343,0.995436,0.0246528,-0.0160121,0.0907929
100433719000,0.700923,0.190641,0.0737249,0.00826481,0.00430636,0.0320087,0.995439,0.0246125,-0.0158099,0.0908064
100443719000,0.701004,0.190678,0.0740544,0.00808652,0.00298561,0.0338858,0.995438,0.0245551,-0.0155516,0.0908773
100453719000,0.701084,0.190702,0.0744015,0.00794953,0.00188056,0.035541,0.995433,0.0244711,-0.0152368,0.0910085
100463719000,0.701162,0.190717,0.0747639,0.00762888,0.00106211,0.0369303,0.995424,0.0243644,-0.0148671,0.0911971
100473719000,0.701238,0.190722,0.0751398,0.00750025,7.04231e-05,0.0382537,0.99541,0.0242383,-0.014446,0.0914458
100483719000,0.701312,0.190718,0.075529,0.0073181,-0.000811262,0.0395928,0.995393,0.0240819,-0.0139692,0.0917497
100493719000,0.702183,0.192222,0.0729011,0.00769097,0.00097811,0.0272675,0.995372,0.0238928,-0.0134493,0.0921041
100503719000,0.70226,0.192229,0.0731796,0.00762647,0.000503828,0.0284441,0.995347,0.0236787,-0.0128837,0.0925034
100513719000,0.702863,0.193269,0.0714288,0.00783545,0.00192381,0.0203619,0.99532,0.0234386,-0.0122726,0.0929383
100523719000,0.702941,0.193287,0.0716369,0.007535,0.00166501,0.021245,0.995289,0.0231815,-0.0116244,0.0934219
100533719000,0.703017,0.193303,0.0718524,0.00757841,0.00155447,0.0218504,0.995254,0.0229095,-0.0109429,0.0939374
100543719000,0.703092,0.193319,0.0720733,0.00750785,0.00164251,0.0223379,0.995217,0.0226242,-0.0102368,0.0944787
100553719000,0.703167,0.193335,0.0722977,0.00743246,0.00155978,0.0225471,0.995177,0.0223266,-0.00951006,0.0950458
100563719000,0.703242,0.193351,0.0725234,0.00751651,0.00165044,0.0225979,0.995135,0.022022,-0.00876329,0.0956313
100573719000,0.703318,0.193368,0.0727494,0.00775642,0.00169783,0.022595,0.995089,0.0217173,-0.00799454,0.0962367
100583719000,0.703396,0.193387,0.0729748,0.0079439,0.00204587,0.0224772,0.995042,0.0214006,-0.0072157,0.0968563
100593719000,0.703476,0.193408,0.0731985,0.00798324,0.00224914,0.0222633,0.994993,0.0210678,-0.00642919,0.0974844
100603719000,0.704448,0.194378,0.0704245,0.00908046,0.00306012,0.00934911,0.994942,0.0207368,-0.00564436,0.0981284
100613719000,0.70454,0.194411,0.0705149,0.00928226,0.00357894,0.00871596,0.994889,0.0204032,-0.00484956,0.0987747
100623719000,0.704634,0.194449,0.0705976,0.00940863,0.00394293,0.00783471,0.994835,0.0200611,-0.00405649,0.0994244
100633719000,0.704729,0.194492,0.0706715,0.00953849,0.0045927,0.00693674,0.994779,0.0197184,-0.00327816,0.100073
100643719000,0.704826,0.194541,0.070736,0.0100115,0.00528484,0.00596504,0.994723,0.0193809,-0.00251004,0.100718
100653719000,0.704929,0.194597,0.0707893,0.0104777,0.00595122,0.00470346,0.994667,0.0190493,-0.0017603,0.101351
100663719000,0.705036,0.19466,0.0708294,0.0109775,0.00653439,0.00330472,0.994611,0.0187218,-0.00102749,0.101972
100673719000,0.705148,0.194728,0.0708544,0.0114476,0.00722921,0.00170305,0.994555,0.0183901,-0.000314144,0.102575
100683719000,0.705264,0.194804,0.0708638,0.0118328,0.00790687,0.000172096,0.994501,0.0180715,0.000374486,0.103155
100693719000,0.705385,0.194887,0.0708568,0.012288,0.0086357,-0.00156661,0.994449,0.0177589,0.00102578,0.103707
100703719000,0.70551,0.194976,0.0708311,0.0127241,0.00930912,-0.0035711,0.994398,0.0174617,0.00163879,0.104234
100713719000,0.705888,0.195202,0.0687374,0.0126753,0.00817835,-0.0135534,0.994351,0.0171741,0.00221133,0.104724
100723719000,0.706018,0.195287,0.0685912,0.01325,0.00868479,-0.0156845,0.994306,0.0169047,0.00274641,0.105177
100733719000,0.70618,0.195332,0.0673685,0.0132247,0.00788844,-0.0221542,0.994266,0.0166553,0.00323629,0.10558
100743719000,0.706317,0.195414,0.067135,0.0140167,0.00830035,-0.0245484,0.99423,0.016433,0.00367694,0.105937
100753719000,0.70646,0.195498,0.0668777,0.0145067,0.00853686,-0.0268947,0.994199,0.0162301,0.00406404,0.106246
100763719000,0.706608,0.195584,0.066597,0.015145,0.00871655,-0.0292511,0.994173,0.0160477,0.00439691,0.106504
100773719000,0.706762,0.195673,0.0662918,0.015721,0.00902988,-0.0317852,0.994153,0.0158855,0.00467507,0.106704
100783719000,0.706923,0.195764,0.0659615,0.0165056,0.00915715,-0.0342744,0.994139,0.0157516,0.00489102,0.106848
100793719000,0.707092,0.195856,0.0656073,0.0171538,0.00923566,-0.036578,0.99413,0.0156436,0.0050498,0.106934
100803719000,0.707267,0.195947,0.0652295,0.0179041,0.00906123,-0.0389856,0.994128,0.0155641,0.0051551,0.106964
100813719000,0.707449,0.196036,0.0648287,0.0184586,0.00875169,-0.0411642,0.994131,0.0155155,0.00521302,0.106934
100823719000,0.70663,0.195665,0.0656912,0.0163302,0.00823723,-0.0384269,0.994141,0.0154949,0.00519932,0.106848
100833719000,0.706798,0.195745,0.0652967,0.0171211,0.00788346,-0.0404688,0.994156,0.0155044,0.00513804,0.106709
100843719000,0.706972,0.195823,0.0648826,0.0177086,0.00759665,-0.0423686,0.994177,0.0155525,0.00502462,0.106515
100853719000,0.707152,0.195897,0.0644491,0.0183358,0.00734724,-0.0443234,0.994202,0.0156301,0.00488257,0.106273
100863719000,0.707338,0.195969,0.0639975,0.0189745,0.00697035,-0.0460047,0.994232,0.015749,0.00468954,0.105982
100873719000,0.707531,0.196038,0.0635284,0.0196042,0.00675564,-0.0478124,0.994267,0.0159011,0.00445903,0.105644
100883719000,0.707732,0.196104,0.0630417,0.0204957,0.0065648,-0.0495295,0.994306,0.0160827,0.0041897,0.105257
100893719000,0.707941,0.196169,0.062538,0.0212428,0.00642758,-0.0512001,0.99435,0.016293,0.00388455,0.104821
100903719000,0.708158,0.196233,0.0620192,0.0221419,0.00620623,-0.0525584,0.994397,0.0165333,0.00354066,0.104345
100913719000,0.708382,0.196294,0.0614867,0.0227555,0.00609303,-0.0539559,0.994449,0.0168055,0.00316169,0.103817
100923719000,0.706727,0.195253,0.0649338,0.0196011,0.00592167,-0.0404973,0.994506,0.0170996,0.00274437,0.103237
100933719000,0.70571,0.194618,0.0670551,0.0177764,0.00576888,-0.0323396,0.994566,0.0174213,0.0023002,0.102612
100943719000,0.70589,0.194675,0.0667264,0.0184272,0.00582216,-0.0334108,0.99463,0.0177566,0.00183058,0.101943
100953719000,0.706077,0.194733,0.0663878,0.0190979,0.0056755,-0.0343016,0.994696,0.0181093,0.00133938,0.101244
100963719000,0.706271,0.194789,0.0660402,0.0196572,0.0055396,-0.0352163,0.994765,0.0184741,0.000825994,0.100505
100973719000,0.706471,0.194844,0.0656839,0.0203036,0.00546381,-0.0360505,0.994835,0.0188592,0.00029179,0.0997346
100983719000,0.706676,0.194898,0.0653199,0.020774,0.00532814,-0.0367496,0.994907,0.0192588,-0.000254539,0.098938
100993719000,0.706887,0.194949,0.0649494,0.0212505,0.00502274,-0.0373418,0.994981,0.0196676,-0.000817536,0.0981044
101003719000,0.707101,0.194998,0.0645736,0.0216636,0.00475234,-0.0378273,0.995057,0.0200821,-0.00138723,0.0972457
101013719000,0.70732,0.195046,0.0641937,0.0219997,0.00472442,-0.038157,0.995133,0.0205071,-0.00196531,0.0963671
101023719000,0.706057,0.193819,0.0676244,0.0195981,0.00378272,-0.023939,0.995209,0.0209399,-0.00254794,0.0954717
101033719000,0.706254,0.193857,0.0673842,0.0198154,0.0038277,-0.0241027,0.995285,0.0213853,-0.00312636,0.0945577
101043719000,0.706454,0.193894,0.067143,0.0203254,0.00367504,-0.0241284,0.99536,0.0218247,-0.00370367,0.0936349
101053719000,0.706658,0.19393,0.0669019,0.0205137,0.00335806,-0.0240862,0.995436,0.022265,-0.00428432,0.0927035
101063719000,0.706865,0.193963,0.0666621,0.0207748,0.00340911,-0.023881,0.99551,0.0227099,-0.00486656,0.0917634
101073719000,0.707073,0.193997,0.0664256,0.0208889,0.00338652,-0.0234242,0.995583,0.0231587,-0.00544008,0.090822
101083719000,0.707283,0.194031,0.0661935,0.0211153,0.00330626,-0.0229827,0.995655,0.0236089,-0.00600976,0.0898759
101093719000,0.707495,0.194064,0.0659666,0.0211717,0.00321418,-0.0224074,0.995725,0.024063,-0.0065748,0.0889312
101103719000,0.707707,0.194095,0.0657461,0.0211701,0.00309768,-0.0216891,0.995794,0.0245155,-0.00712496,0.0879912
101113719000,0.707919,0.194125,0.0655329,0.0212512,0.00288962,-0.0209539,0.99586,0.0249656,-0.00765197,0.0870659
101123719000,0.708131,0.194153,0.0653281,0.0211713,0.00262013,-0.0199999,0.995924,0.0254171,-0.00816244,0.0861569
101133719000,0.708343,0.194178,0.0651329,0.02128,0.00242053,-0.019044,0.995986,0.025861,-0.00865079,0.0852565
101143719000,0.708554,0.194202,0.0649473,0.0208903,0.0023273,-0.0180736,0.996045,0.0263005,-0.0091217,0.0843782
101153719000,0.708762,0.194223,0.0647725,0.0206017,0.00192718,-0.0168997,0.996102,0.0267262,-0.00956664,0.083519
101163719000,0.708967,0.194241,0.0646093,0.0204314,0.00160278,-0.0157368,0.996156,0.0271435,-0.00998484,0.0826869
101173719000,0.70917,0.194256,0.0644582,0.0200598,0.00133656,-0.0144697,0.996207,0.027546,-0.0103791,0.0818805
101183719000,0.709368,0.194267,0.0643208,0.0195578,0.000960166,-0.0130232,0.996256,0.0279399,-0.0107502,0.0811023
101193719000,0.709563,0.194276,0.0641983,0.019407,0.00071571,-0.0114757,0.996302,0.0283238,-0.0110962,0.0803508
101203719000,0.708377,0.193425,0.0671463,0.0164134,8.78636e-05,0.000553791,0.996345,0.0287087,-0.0114118,0.0796332
101213719000,0.708539,0.193422,0.06716,0.0160611,-0.000533476,0.00219449,0.996386,0.0290791,-0.0116966,0.078951
101223719000,0.708697,0.193413,0.0671907,0.0156218,-0.00120928,0.00392758,0.996423,0.0294385,-0.0119457,0.0783079
101233719000,0.708851,0.193397,0.067239,0.0151867,-0.0020858,0.00574729,0.996457,0.0297911,-0.0121663,0.0777013
101243719000,0.709001,0.193372,0.0673059,0.0147271,-0.00288082,0.00761637,0.996488,0.0301346,-0.0123593,0.0771398
101253719000,0.709145,0.193338,0.0673925,0.0141266,-0.00383682,0.00971351,0.996515,0.030473,-0.0125178,0.076633
101263719000,0.709283,0.193295,0.0675001,0.0135007,-0.00489752,0.0118104,0.996538,0.0308057,-0.0126431,0.0761771
101273719000,0.709415,0.193239,0.067628,0.0127969,-0.00613593,0.0137569,0.996558,0.0311285,-0.0127336,0.0757756
101283719000,0.709539,0.193172,0.0677749,0.0121446,-0.00737522,0.015639,0.996573,0.031451,-0.0127871,0.0754265
101293719000,0.709658,0.193092,0.0679416,0.0115135,-0.00867001,0.0176849,0.996585,0.0317687,-0.0128116,0.0751375
101303719000,0.70977,0.192999,0.0681278,0.011021,-0.00989461,0.0195622,0.996593,0.0320677,-0.0127989,0.0749074
101313719000,0.709877,0.192894,0.068333,0.0104304,-0.0111915,0.0214759,0.996597,0.0323607,-0.0127487,0.0747369
101323719000,0.709979,0.192775,0.0685575,0.00982785,-0.01252,0.023419,0.996596,0.0326539,-0.0126656,0.0746281
101333719000,0.710074,0.192642,0.0688011,0.0092724,-0.0140543,0.0253084,0.996592,0.0329254,-0.0125494,0.0745829
101343719000,0.710165,0.192494,0.0690634,0.00881649,-0.0156041,0.027161,0.996585,0.0331806,-0.0124029,0.0745928
101353719000,0.71025,0.19233,0.0693437,0.00834083,-0.0172096,0.0288944,0.996573,0.0334213,-0.0122329,0.0746748
101363719000,0.710331,0.19215,0.0696407,0.00781201,-0.0187631,0.030495,0.996556,0.0336518,-0.0120321,0.0748223
101373719000,0.710406,0.191955,0.0699537,0.00725355,-0.0202054,0.0321169,0.996535,0.0338723,-0.0118033,0.075037
101383719000,0.710476,0.191745,0.0702818,0.00671472,-0.02181,0.0334937,0.99651,0.0340722,-0.0115546,0.0753166
101393719000,0.710547,0.191526,0.0704919,0.00641753,-0.0234089,0.0347518,0.996482,0.0342534,-0.0112859,0.0756537
101403719000,0.710608,0.191284,0.0708456,0.00589847,-0.0249989,0.0359814,0.996449,0.0344219,-0.0109916,0.0760531
101413719000,0.711901,0.193986,0.0688732,0.00773774,-0.0190749,0.0261822,0.996412,0.034571,-0.0106771,0.0765071
101423719000,0.711977,0.193789,0.0691411,0.00734748,-0.0203776,0.027411,0.996372,0.0346996,-0.0103447,0.0770219
101433719000,0.712812,0.195393,0.0679639,0.00833797,-0.0170892,0.0217984,0.996328,0.0348121,-0.00999328,0.0775868
101443719000,0.712893,0.195215,0.068187,0.007817,-0.0183408,0.0228249,0.99628,0.0348991,-0.00962667,0.0781969
101453719000,0.712968,0.195027,0.0684205,0.00716204,-0.0192931,0.0238569,0.99623,0.0349678,-0.009231,0.0788568
101463719000,0.713037,0.19483,0.0686634,0.00657652,-0.0201988,0.0247279,0.996176,0.0350214,-0.00882664,0.0795567
101473719000,0.7131,0.194623,0.0689139,0.00601272,-0.0210803,0.0253826,0.996119,0.0350608,-0.0084177,0.0802904
101483719000,0.713156,0.194409,0.0691713,0.00524472,-0.0218779,0.0260984,0.996059,0.0350872,-0.00800129,0.0810594
101493719000,0.713206,0.194187,0.0694353,0.00470982,-0.0225195,0.0266959,0.995996,0.0351014,-0.00759053,0.0818627
101503719000,0.713251,0.193959,0.0697047,0.00433536,-0.0229979,0.0271795,0.995931,0.0351034,-0.00717321,0.0826891
101513719000,0.713292,0.193727,0.0699773,0.0039113,-0.0234902,0.0273378,0.995864,0.0350937,-0.0067587,0.0835358
101523719000,0.713329,0.19349,0.0702519,0.0033368,-0.0238241,0.0275848,0.995795,0.0350724,-0.00633622,0.0843969
101533719000,0.713359,0.193251,0.0705279,0.00274192,-0.0238936,0.0276181,0.995725,0.0350414,-0.00592002,0.0852622
101543719000,0.714378,0.194653,0.0679254,0.0035026,-0.0212166,0.0159193,0.995653,0.0349954,-0.00550139,0.0861359
101553719000,0.714411,0.194441,0.0680835,0.00302859,-0.0211889,0.0157187,0.995582,0.0349384,-0.00509201,0.0870069
101563719000,0.714438,0.19423,0.0682383,0.00229561,-0.0209512,0.0152292,0.99551,0.0348709,-0.00470571,0.0878755
101573719000,0.714458,0.194021,0.0683869,0.00165997,-0.020823,0.0144945,0.995437,0.0347977,-0.00433157,0.0887395
101583719000,0.71447,0.193815,0.0685287,0.000898447,-0.0205003,0.0138603,0.995366,0.0347149,-0.00397123,0.0895829
101593719000,0.714475,0.193612,0.0686629,6.36905e-05,-0.0200994,0.0129826,0.995296,0.034621,-0.00363299,0.0904154
101603719000,0.714472,0.193413,0.0687876,-0.000738833,-0.0196561,0.0119633,0.995226,0.0345241,-0.00331943,0.0912287
101613719000,0.714461,0.193219,0.0689013,-0.00142413,-0.0190915,0.0107706,0.995157,0.0344237,-0.00303653,0.0920192
101623719000,0.714443,0.193031,0.0690033,-0.00211402,-0.0185827,0.00962609,0.995091,0.0343211,-0.00278504,0.092785
101633719000,0.714419,0.192847,0.0690933,-0.00272483,-0.018122,0.00837806,0.995025,0.0342171,-0.00256924,0.0935269
101643719000,0.715123,0.193195,0.0668878,-0.00256572,-0.0180429,-0.00143308,0.994962,0.0341212,-0.00239114,0.0942344
101653719000,0.715564,0.193293,0.0655843,-0.00261401,-0.0180137,-0.00753932,0.994902,0.0340211,-0.00224146,0.0949118
101663719000,0.715535,0.193115,0.0655014,-0.00329663,-0.0176777,-0.00904988,0.994844,0.0339199,-0.00213706,0.095554
101673719000,0.715499,0.19294,0.0654038,-0.00382907,-0.0173007,-0.0104545,0.994789,0.0338272,-0.00207182,0.0961626
101683719000,0.715458,0.192768,0.0652933,-0.00439195,-0.0171035,-0.0116458,0.994736,0.0337427,-0.00203851,0.0967313
101693719000,0.715411,0.192597,0.0651702,-0.00495647,-0.01705,-0.0129874,0.994686,0.0336602,-0.00204201,0.0972732
101703719000,0.715359,0.192426,0.0650338,-0.00554324,-0.0172766,-0.0142799,0.994638,0.0335982,-0.00207772,0.0977818
101713719000,0.7153,0.192252,0.0648847,-0.0061516,-0.0173435,-0.0155554,0.994594,0.0335377,-0.00213628,0.0982564
101723719000,0.715236,0.192078,0.0647227,-0.00667501,-0.0175437,-0.0168342,0.994551,0.0334874,-0.00221985,0.0986982
101733719000,0.715166,0.191902,0.0645481,-0.00733514,-0.0175764,-0.01808,0.994512,0.033454,-0.00233544,0.0991054
101743719000,0.714824,0.191717,0.064486,-0.00877237,-0.0177078,-0.0190248,0.994474,0.0334324,-0.00247464,0.0994833
101753719000,0.714733,0.19154,0.0642897,-0.00947567,-0.0177735,-0.0202204,0.99444,0.033416,-0.00263883,0.0998313
101763719000,0.714636,0.191361,0.0640821,-0.0097325,-0.0179791,-0.0213153,0.994408,0.0334066,-0.0028276,0.100146
101773719000,0.714538,0.19118,0.0638635,-0.00993686,-0.0182279,-0.0223927,0.994379,0.0334144,-0.00304322,0.10042
101783719000,0.714436,0.190996,0.063634,-0.010411,-0.0185132,-0.0235039,0.994353,0.033435,-0.00326979,0.100667
101793719000,0.714331,0.19081,0.063394,-0.0107538,-0.0186345,-0.0245084,0.994329,0.0334642,-0.00351182,0.10088
101803719000,0.714221,0.190622,0.0631435,-0.0111712,-0.0190026,-0.0255788,0.994309,0.0334961,-0.00377055,0.101064
101813719000,0.714107,0.19043,0.0628831,-0.0116095,-0.0194428,-0.0265044,0.994291,0.0335436,-0.00405006,0.101215
101823719000,0.71399,0.190234,0.0626135,-0.0117763,-0.0197752,-0.0274135,0.994276,0.0335872,-0.00432124,0.101337
101833719000,0.713871,0.190034,0.0623356,-0.0121487,-0.0201773,-0.0281724,0.994263,0.0336466,-0.00460097,0.101432
101843719000,0.713749,0.189831,0.0620498,-0.0121241,-0.020425,-0.0289956,0.994252,0.0337169,-0.00488277,0.101497
101853719000,0.713629,0.189625,0.0617561,-0.0120076,-0.0207972,-0.0297409,0.994244,0.0337865,-0.00518508,0.101538
101863719000,0.712218,0.189053,0.0635122,-0.0146994,-0.020608,-0.0230801,0.994239,0.0338586,-0.00547481,0.101555
101873719000,0.711277,0.188646,0.0645549,-0.016352,-0.0204964,-0.0189911,0.994234,0.0339387,-0.0057642,0.101554
101883719000,0.711113,0.188439,0.0643631,-0.0162097,-0.0209639,-0.0193774,0.994231,0.0340258,-0.00605317,0.101536
101893719000,0.710952,0.188227,0.0641672,-0.0160245,-0.0213415,-0.019796,0.99423,0.0341221,-0.00633529,0.101501
101903719000,0.710794,0.188011,0.0639676,-0.0156729,-0.0218793,-0.0201293,0.994229,0.0342243,-0.00661454,0.101453
101913719000,0.710638,0.18779,0.0637649,-0.015379,-0.0224216,-0.0204204,0.99423,0.0343281,-0.00688592,0.101396
101923719000,0.710487,0.187563,0.0635596,-0.0149511,-0.0229537,-0.0206369,0.994231,0.0344338,-0.00714857,0.101334
101933719000,0.71034,0.187331,0.0633523,-0.0143803,-0.0234892,-0.0208202,0.994231,0.0345447,-0.00740365,0.101272
101943719000,0.710199,0.187094,0.0631427,-0.0138107,-0.0238333,-0.0210902,0.994232,0.034663,-0.00763723,0.101204
101953719000,0.710065,0.186854,0.0629319,-0.0130949,-0.0241173,-0.0210805,0.994233,0.0347847,-0.007855,0.10114
101963719000,0.708519,0.186389,0.0646683,-0.0157544,-0.0231769,-0.0138628,0.994234,0.0349089,-0.00806242,0.101075
101973719000,0.708366,0.186155,0.0645303,-0.0146444,-0.0235506,-0.0137306,0.994235,0.0350304,-0.00825758,0.101006
101983719000,0.708225,0.185919,0.0643941,-0.0136661,-0.0236293,-0.0135156,0.994235,0.0351515,-0.00844159,0.100943
101993719000,0.708095,0.185682,0.0642605,-0.0123182,-0.02384,-0.0132047,0.994236,0.0352777,-0.00861341,0.10088
102003719000,0.707978,0.185443,0.064129,-0.0111291,-0.0239389,-0.0130787,0.994236,0.0354091,-0.00876342,0.100815
102013719000,0.707873,0.185203,0.0639995,-0.00981172,-0.023954,-0.0128274,0.994237,0.0355353,-0.00889381,0.100752
102023719000,0.707782,0.184964,0.0638727,-0.00846913,-0.02387,-0.0125434,0.994238,0.0356588,-0.00900993,0.100692
102033719000,0.707705,0.184726,0.0637489,-0.00688151,-0.0238236,-0.0122098,0.994239,0.0357836,-0.00910384,0.100628
102043719000,0.707644,0.184489,0.0636275,-0.00527232,-0.0236382,-0.0120661,0.99424,0.0359037,-0.00918182,0.10057
102053719000,0.7076,0.184252,0.0635082,-0.00363715,-0.0236584,-0.0117998,0.99424,0.0360223,-0.00923911,0.100515
102063719000,0.707571,0.184016,0.0633925,-0.00201951,-0.0236151,-0.0113382,0.994242,0.0361265,-0.00928003,0.100456
102073719000,0.70756,0.183781,0.063281,-0.000210356,-0.0234386,-0.0109504,0.994244,0.0362263,-0.00930437,0.100401
102083719000,0.705367,0.182948,0.0650441,-0.00467193,-0.0230917,-0.00379804,0.994246,0.036316,-0.00931398,0.100346
102093719000,0.703903,0.182331,0.0660994,-0.00719726,-0.0230479,0.000525366,0.994248,0.0363964,-0.00930688,0.100299
102103719000,0.70384,0.182102,0.0661072,-0.00547151,-0.0225915,0.00103639,0.99425,0.0364652,-0.00928379,0.100256
102113719000,0.703794,0.181877,0.0661209,-0.00359758,-0.0224181,0.00170109,0.994252,0.0365293,-0.00924392,0.100216
102123719000,0.703767,0.181655,0.0661409,-0.00188485,-0.0220624,0.00231128,0.994254,0.0365839,-0.00919503,0.100179
102133719000,0.703756,0.181436,0.0661677,-0.000252908,-0.0215942,0.00303556,0.994256,0.0366377,-0.00912752,0.100149
102143719000,0.703762,0.181222,0.0662013,0.00140018,-0.0212156,0.00370176,0.994257,0.036681,-0.00905133,0.100125
102153719000,0.703785,0.181013,0.0662418,0.00315328,-0.0207244,0.00439677,0.994258,0.0367224,-0.00896352,0.10011
102163719000,0.703825,0.180808,0.0662892,0.00497912,-0.0202266,0.00508628,0.994259,0.0367592,-0.00885684,0.100098
102173719000,0.703884,0.180609,0.0663445,0.00667648,-0.0196109,0.00595568,0.99426,0.0367858,-0.00873293,0.100085
102183719000,0.702745,0.180248,0.0668539,0.00416369,-0.0187939,0.00835095,0.994262,0.0368006,-0.0085947,0.100078
102193719000,0.702794,0.180064,0.0669414,0.00571554,-0.0181745,0.00915421,0.994263,0.0368161,-0.00844556,0.100073
102203719000,0.702859,0.179885,0.0670374,0.00726623,-0.0176112,0.0100384,0.994264,0.0368295,-0.00827947,0.10007
102213719000,0.702939,0.179712,0.0671413,0.00862952,-0.0169558,0.0107383,0.994265,0.036837,-0.00810141,0.100074
102223719000,0.703033,0.179546,0.0672529,0.0101112,-0.0162896,0.0115797,0.994266,0.0368512,-0.00791521,0.100074
102233719000,0.70314,0.179386,0.067373,0.0113467,-0.0157156,0.012449,0.994267,0.0368552,-0.00772127,0.100078
102243719000,0.703259,0.179232,0.0675023,0.0125516,-0.0150113,0.0134085,0.994269,0.0368511,-0.00752001,0.100076
102253719000,0.70339,0.179085,0.0676406,0.0135036,-0.0144865,0.0142628,0.994271,0.0368357,-0.0073051,0.10008
102263719000,0.703529,0.178943,0.0677871,0.0144555,-0.0138681,0.0150209,0.994273,0.0368094,-0.00708373,0.10008
102273719000,0.703678,0.178808,0.0679414,0.0151973,-0.0130864,0.015843,0.994276,0.0367728,-0.00685569,0.10008
102283719000,0.703438,0.178856,0.0674863,0.0141952,-0.0121978,0.0144384,0.994279,0.0367333,-0.00662223,0.100077
102293719000,0.703584,0.178736,0.0676342,0.0149057,-0.0118467,0.0151558,0.994283,0.0366838,-0.00638055,0.100076
102303719000,0.703419,0.178695,0.067308,0.0138467,-0.0113813,0.014273,0.994287,0.0366244,-0.00613011,0.100076
102313719000,0.703559,0.178584,0.0674543,0.0141114,-0.0109447,0.014985,0.994291,0.0365567,-0.00587645,0.100076
102323719000,0.703702,0.178477,0.067607,0.0144545,-0.0104583,0.0155716,0.994295,0.0364816,-0.00562147,0.100078
102333719000,0.703846,0.178374,0.0677657,0.0144344,-0.0100097,0.0161569,0.994298,0.0364092,-0.00536058,0.100081
102343719000,0.70399,0.178277,0.0679305,0.0143442,-0.00947228,0.0168106,0.994303,0.036333,-0.00510183,0.100081
102353719000,0.704134,0.178185,0.0681017,0.0144767,-0.00890494,0.0174214,0.994307,0.0362574,-0.00483903,0.100081
102363719000,0.704277,0.178099,0.0682777,0.0141089,-0.0083825,0.0177854,0.994311,0.0361699,-0.00457612,0.100082
102373719000,0.704416,0.178017,0.0684575,0.0137137,-0.00794731,0.0181638,0.994316,0.0360697,-0.00430803,0.10008
102383719000,0.705207,0.178547,0.0674844,0.0151373,-0.00629756,0.014325,0.994321,0.0359668,-0.00405094,0.100079
102393719000,0.705356,0.178487,0.0676302,0.0147001,-0.00582985,0.0148407,0.994326,0.0358606,-0.00379446,0.100076
102403719000,0.705482,0.178407,0.0687902,0.0141151,-0.00548105,0.0155347,0.994332,0.0357468,-0.00354158,0.100068
102413719000,0.70562,0.178355,0.0689469,0.0133055,-0.00502072,0.0157999,0.994338,0.0356303,-0.00329633,0.100062
102423719000,0.705748,0.178306,0.0691071,0.0123712,-0.00467748,0.0162272,0.994344,0.0355093,-0.00305241,0.10005
102433719000,0.705868,0.178261,0.0692697,0.0115969,-0.00427799,0.0163022,0.994351,0.0353774,-0.00282442,0.100037
102443719000,0.705979,0.17822,0.0694334,0.0106836,-0.0039481,0.0164444,0.994358,0.0352556,-0.00260332,0.100014
102453719000,0.706081,0.178184,0.0695991,0.00971272,-0.00339725,0.0166869,0.994366,0.0351201,-0.00238231,0.0999902
102463719000,0.706174,0.178151,0.0697669,0.00881561,-0.00309719,0.0168715,0.994374,0.0349842,-0.00216719,0.0999582
102473719000,0.706257,0.178122,0.0699358,0.00786273,-0.00273503,0.016911,0.994384,0.0348401,-0.00195461,0.099915
102483719000,0.706331,0.178096,0.070105,0.00686102,-0.00236843,0.0169364,0.994394,0.0346851,-0.00175361,0.0998672
102493719000,0.706394,0.178074,0.070275,0.00573793,-0.00207109,0.0170555,0.994406,0.0345275,-0.00156566,0.0998067
102503719000,0.70768,0.178895,0.0693162,0.00802278,-8.74528e-05,0.0115636,0.994419,0.0343655,-0.00138867,0.0997369
102513719000,0.707755,0.178897,0.0694312,0.00705673,0.000417015,0.0114393,0.994434,0.0341932,-0.00121503,0.0996526
102523719000,0.708729,0.179393,0.0688168,0.00869516,0.00156638,0.00800506,0.99445,0.0340196,-0.00104764,0.0995549
102533719000,0.708811,0.17941,0.0688962,0.00764229,0.00167828,0.00787961,0.994467,0.0338346,-0.000889134,0.0994465
102543719000,0.708882,0.179429,0.0689743,0.00657121,0.00211595,0.00773849,0.994486,0.0336422,-0.000735592,0.0993276
102553719000,0.708942,0.17945,0.069051,0.005444,0.0022494,0.00760914,0.994505,0.0334466,-0.0005933,0.0992028
102563719000,0.708991,0.179474,0.0691266,0.00443237,0.00249531,0.00750219,0.994525,0.0332505,-0.000455326,0.0990667
102573719000,0.70903,0.179499,0.0692009,0.00334483,0.00249592,0.0073496,0.994546,0.0330489,-0.000319222,0.0989225
102583719000,0.709058,0.179524,0.0692735,0.00221276,0.00249152,0.00716859,0.994568,0.0328371,-0.000193859,0.0987739
102593719000,0.709075,0.179548,0.0693448,0.00118228,0.00240636,0.00709191,0.99459,0.0326237,-7.73851e-05,0.0986228
102603719000,0.709082,0.179572,0.0694151,0.00021259,0.00233141,0.00697695,0.994612,0.0324103,3.58343e-05,0.098475
102613719000,0.709512,0.180301,0.0688299,0.00059554,0.00446151,0.00406788,0.994633,0.0321966,0.000147514,0.0983258
102623719000,0.709514,0.180345,0.0688699,-0.000290797,0.00419275,0.00394233,0.994655,0.0319835,0.000262348,0.0981777
102633719000,0.709506,0.180386,0.0689087,-0.00116927,0.00398013,0.00382045,0.994677,0.031768,0.000365849,0.098024
102643719000,0.70949,0.180423,0.0689456,-0.00208383,0.00351255,0.00356022,0.994699,0.0315526,0.000461481,0.0978728
102653719000,0.709465,0.180456,0.0689805,-0.00284744,0.00301872,0.00340519,0.99472,0.031336,0.000558287,0.0977279
102663719000,0.709433,0.180484,0.0690138,-0.00370919,0.00260491,0.00326,0.99474,0.0311238,0.000641407,0.0975891
102673719000,0.709393,0.180507,0.0690452,-0.00422084,0.00212204,0.00301449,0.994759,0.0309094,0.000720209,0.0974562
102683719000,0.709348,0.180526,0.0690748,-0.00470023,0.00156113,0.00291921,0.994778,0.0306956,0.000788753,0.097333
102693719000,0.709298,0.180539,0.0691028,-0.00525168,0.00116984,0.00268124,0.994796,0.0304771,0.000849559,0.0972185
102703719000,0.709244,0.180549,0.0691286,-0.00556973,0.000779673,0.00246954,0.994813,0.0302494,0.000905978,0.0971116
102713719000,0.709186,0.180555,0.0691523,-0.00601004,0.000314057,0.00227625,0.99483,0.0300175,0.000950541,0.0970144
102723719000,0.709124,0.180556,0.0691738,-0.00642788,-0.000121757,0.00200922,0.994846,0.0297811,0.000993735,0.0969239
102733719000,0.708878,0.181582,0.0688426,-0.00745633,0.003382,0.000143202,0.994861,0.0295477,0.00102779,0.0968336
102743719000,0.708715,0.182242,0.0686572,-0.00796445,0.00532693,-0.000820721,0.994876,0.0293015,0.0010523,0.0967527
102753719000,0.708635,0.182293,0.0686477,-0.00810246,0.00476181,-0.00107407,0.994891,0.0290492,0.00107296,0.0966761
102763719000,0.708552,0.182339,0.0686345,-0.0083316,0.00438199,-0.00155688,0.994906,0.0287947,0.00107711,0.0966056
102773719000,0.708468,0.182382,0.0686173,-0.0085249,0.00424611,-0.00188319,0.99492,0.0285231,0.00108313,0.0965418
102783719000,0.708382,0.182422,0.0685968,-0.00860636,0.00379496,-0.00221881,0.994934,0.0282418,0.00107604,0.0964773
102793719000,0.708296,0.182458,0.0685726,-0.00863666,0.00337949,-0.00262322,0.994948,0.0279625,0.00105815,0.096416
102803719000,0.708211,0.18249,0.0685448,-0.00840176,0.00294142,-0.00293363,0.994962,0.0276645,0.00103622,0.0963587
102813719000,0.708128,0.182519,0.0685122,-0.00825092,0.00283378,-0.00360091,0.994976,0.0273705,0.00101017,0.0962971
102823719000,0.708046,0.182545,0.0684744,-0.00813847,0.00256328,-0.00395307,0.994991,0.0270715,0.000980698,0.0962291
102833719000,0.707214,0.182878,0.0686478,-0.0103686,0.00413702,-0.00340436,0.995005,0.0267669,0.000942791,0.0961623
102843719000,0.707111,0.18292,0.0686124,-0.0101011,0.00408635,-0.00367199,0.99502,0.026453,0.000901401,0.0960947
102853719000,0.707012,0.182961,0.068574,-0.00980355,0.00414509,-0.00400971,0.995035,0.0261356,0.000858066,0.0960261
102863719000,0.706914,0.183002,0.0685329,-0.00963385,0.00409942,-0.0042188,0.99505,0.0258193,0.000811263,0.0959584
102873719000,0.70682,0.183043,0.0684897,-0.00914007,0.00410486,-0.00441028,0.995065,0.0255019,0.000761737,0.0958909
102883719000,0.706731,0.183084,0.0684452,-0.00873113,0.00414063,-0.00449373,0.99508,0.0251849,0.000707439,0.0958223
102893719000,0.706646,0.183125,0.0684007,-0.00822458,0.00399518,-0.00441175,0.995094,0.0248698,0.000653203,0.0957504
102903719000,0.706567,0.183164,0.0683566,-0.00756116,0.00374486,-0.00440952,0.995109,0.024565,0.000600145,0.0956804
102913719000,0.706496,0.1832,0.0683124,-0.00683122,0.00360065,-0.00441213,0.995123,0.0242661,0.000554439,0.0956102
102923719000,0.706431,0.183236,0.0682683,-0.00616392,0.00358959,-0.00441022,0.995137,0.0239573,0.000503775,0.095544
102933719000,0.705159,0.183323,0.0687845,-0.00961001,0.00435648,-0.00244142,0.99515,0.0236547,0.000452376,0.0954818
102943719000,0.705067,0.183367,0.06876,-0.00886363,0.00434759,-0.00245115,0.995163,0.0233446,0.000399285,0.0954269
102953719000,0.704142,0.18345,0.0691005,-0.0109641,0.00475673,-0.00112247,0.995175,0.0230388,0.000349295,0.0953701
102963719000,0.704036,0.183496,0.069089,-0.010118,0.0043701,-0.00117511,0.995187,0.0227299,0.000291809,0.0953172
102973719000,0.703939,0.183538,0.0690778,-0.00938601,0.00388916,-0.00107814,0.995199,0.0224261,0.000231615,0.0952655
102983719000,0.703848,0.183575,0.0690668,-0.00870723,0.00348032,-0.00110375,0.99521,0.0221283,0.000162025,0.0952194
102993719000,0.703766,0.183607,0.0690562,-0.00778864,0.00310178,-0.00103208,0.99522,0.0218378,9.40081e-05,0.0951815
103003719000,0.703692,0.183637,0.0690465,-0.0070275,0.00275585,-0.000899392,0.99523,0.0215576,1.86083e-05,0.0951478
103013719000,0.703626,0.183663,0.069038,-0.00620257,0.00242813,-0.000808565,0.995239,0.0212727,-5.45217e-05,0.0951187
103023719000,0.703567,0.183686,0.069031,-0.00545289,0.00222606,-0.000593665,0.995247,0.020996,-0.000133503,0.0950965
103033719000,0.703517,0.183706,0.0690255,-0.00465034,0.00181177,-0.000492938,0.995254,0.0207216,-0.000212458,0.0950783
103043719000,0.703474,0.183722,0.0690225,-0.00395927,0.00142418,-0.000107035,0.995261,0.0204472,-0.000294938,0.0950645
103053719000,0.703439,0.183736,0.0690233,-0.00292073,0.0013218,0.000256879,0.995268,0.0201706,-0.000366875,0.0950539
103063719000,0.702248,0.183924,0.0693926,-0.00581059,0.00237926,0.00197841,0.995273,0.0199069,-0.000443336,0.0950517
103073719000,0.702194,0.183947,0.0694146,-0.00497131,0.00219425,0.00240886,0.995278,0.0196422,-0.000513941,0.0950521
103083719000,0.702148,0.183969,0.0694412,-0.0042506,0.00206329,0.00292371,0.995283,0.0193842,-0.000585129,0.0950552
103093719000,0.702109,0.183989,0.0694731,-0.00353986,0.00198829,0.00345075,0.995287,0.0191323,-0.000646219,0.0950672
103103719000,0.702077,0.184008,0.069511,-0.00284229,0.00190558,0.00412412,0.99529,0.0188833,-0.000710954,0.0950816
103113719000,0.702053,0.184027,0.0695547,-0.00191351,0.00191323,0.00462556,0.995293,0.0186402,-0.000768536,0.0950962
103123719000,0.702038,0.184046,0.0696046,-0.00116877,0.00171927,0.00535486,0.995296,0.0184034,-0.000822975,0.0951149
103133719000,0.702029,0.184063,0.0696601,-0.000577302,0.00169465,0.00573517,0.995298,0.0181746,-0.000879582,0.095137
103143719000,0.702027,0.184079,0.0697205,0.000190352,0.00158689,0.00634377,0.9953,0.0179491,-0.000914921,0.0951573
103153719000,0.702032,0.184094,0.0697857,0.000772598,0.00146071,0.00669871,0.995302,0.0177192,-0.000945059,0.0951811
103163719000,0.702042,0.184109,0.0698552,0.00128805,0.00150119,0.00721427,0.995303,0.0175072,-0.000972078,0.095206
103173719000,0.701046,0.184321,0.0697602,-0.00170689,0.00216565,0.00722237,0.995304,0.017291,-0.00100348,0.0952354
103183719000,0.700395,0.184479,0.0696952,-0.00340286,0.00255829,0.00716591,0.995304,0.0170936,-0.00102465,0.0952666
103193719000,0.700363,0.184504,0.0697697,-0.00293937,0.00235739,0.0077241,0.995304,0.0168933,-0.00105103,0.0953027
103203719000,0.700336,0.184527,0.0698495,-0.00243378,0.00224137,0.00823884,0.995303,0.0167005,-0.00107034,0.0953492
103213719000,0.700314,0.184549,0.0699336,-0.00200215,0.002129,0.00858594,0.995301,0.0165098,-0.00108927,0.0954009
103223719000,0.700296,0.184569,0.0700211,-0.00160862,0.00198751,0.0089153,0.995299,0.0163242,-0.00110752,0.0954545
103233719000,0.700283,0.184589,0.0701118,-0.00100263,0.00198058,0.00922077,0.995297,0.0161458,-0.00113146,0.0955064
103243719000,0.700275,0.184608,0.0702056,-0.000651734,0.00189118,0.0095452,0.995295,0.0159718,-0.00114663,0.0955637
103253719000,0.70027,0.184627,0.0703022,-0.000251128,0.00187685,0.00977128,0.995291,0.0158009,-0.00115633,0.0956251
103263719000,0.700268,0.184646,0.0704012,-0.000134504,0.00186361,0.010018,0.995289,0.0156298,-0.00117285,0.0956822
103273719000,0.700031,0.184912,0.0698277,-0.00123249,0.00231496,0.00765757,0.995286,0.0154564,-0.00119232,0.0957342
103283719000,0.700021,0.184936,0.0699053,-0.000912709,0.00234089,0.00785775,0.995284,0.0152841,-0.00120634,0.0957891
103293719000,0.700012,0.184959,0.0699838,-0.000835374,0.002265,0.00784704,0.99528,0.0151256,-0.00122272,0.0958504
103303719000,0.700003,0.184981,0.0700623,-0.000858208,0.00224187,0.00785944,0.995277,0.0149602,-0.00124873,0.095905
103313719000,0.699994,0.185004,0.0701417,-0.000948548,0.00229367,0.00800671,0.995274,0.0148036,-0.0012615,0.0959586
103323719000,0.699984,0.185028,0.0702216,-0.00106122,0.00254404,0.00797211,0.995272,0.0146392,-0.00128458,0.0960094
103333719000,0.699972,0.185054,0.0703014,-0.00139739,0.00266168,0.00800369,0.995269,0.0144708,-0.00131417,0.0960599
103343719000,0.699957,0.185082,0.0703814,-0.00165182,0.00303854,0.00799402,0.995267,0.0143161,-0.0013395,0.096107
103353719000,0.699939,0.185115,0.0704617,-0.00196956,0.00340436,0.0080668,0.995265,0.0141551,-0.00137636,0.096151
103363719000,0.699917,0.185151,0.0705427,-0.00227629,0.00381944,0.0081243,0.995264,0.0139932,-0.00141071,0.0961912
103373719000,0.699893,0.185192,0.0706239,-0.00263523,0.00437759,0.00811067,0.995262,0.0138281,-0.00145302,0.0962257
103383719000,0.700033,0.185407,0.0698048,-0.00297589,0.0046129,0.00469229,0.995262,0.0136629,-0.0015022,0.0962574
103393719000,0.700124,0.185539,0.0693169,-0.00334097,0.0050848,0.00271534,0.995261,0.0135032,-0.00155307,0.0962802
103403719000,0.700087,0.185593,0.0693429,-0.00395394,0.0057064,0.00249002,0.995262,0.0133392,-0.00161223,0.096298
103413719000,0.700044,0.185653,0.0693665,-0.0046136,0.00629384,0.00221277,0.995263,0.0131885,-0.00167795,0.0963088
103423719000,0.699996,0.185719,0.0693876,-0.00512702,0.00689796,0.00201903,0.995264,0.0130414,-0.00174973,0.0963157
103433719000,0.699941,0.185791,0.0694067,-0.00579391,0.0075047,0.00180708,0.995266,0.012894,-0.00183181,0.0963141
103443719000,0.69988,0.185869,0.0694227,-0.00648173,0.0082272,0.00138289,0.995268,0.0127477,-0.00191938,0.0963097
103453719000,0.699812,0.185955,0.0694348,-0.00706507,0.00887977,0.00104299,0.995271,0.0125919,-0.00201543,0.0962954
103463719000,0.699738,0.186048,0.0694429,-0.00765701,0.00967489,0.000577568,0.995275,0.0124283,-0.00211911,0.0962773
103473719000,0.699659,0.186148,0.069446,-0.00825887,0.0104425,3.14147e-05,0.995279,0.0122712,-0.00222568,0.0962491
103483719000,0.699823,0.186148,0.0691544,-0.00832379,0.0104077,-0.00138984,0.995285,0.0121018,-0.00233376,0.0962124
103493719000,0.699735,0.186256,0.0691382,-0.00921392,0.0112062,-0.00185481,0.995291,0.0119395,-0.00245827,0.0961626
103503719000,0.699558,0.186267,0.0737452,-0.00969454,0.0121206,-0.000459108,0.995299,0.0117693,-0.00258821,0.0961019
103513719000,0.699458,0.186392,0.0737382,-0.0103681,0.012829,-0.000938639,0.995307,0.0116025,-0.00272638,0.0960295
103523719000,0.699351,0.186523,0.0737258,-0.01097,0.0134338,-0.00153942,0.995317,0.0114348,-0.00287104,0.095944
103533719000,0.699238,0.186661,0.0737079,-0.0116194,0.0141062,-0.00203103,0.995328,0.0112614,-0.00302789,0.0958485
103543719000,0.699119,0.186805,0.0736845,-0.012296,0.0147888,-0.00266142,0.995339,0.0110914,-0.0031869,0.0957434
103553719000,0.698992,0.186956,0.0736553,-0.0129893,0.0153259,-0.00316414,0.995351,0.01092,-0.00335923,0.0956291
103563719000,0.698859,0.187113,0.0736218,-0.013655,0.0160441,-0.00355098,0.995364,0.0107472,-0.00353901,0.0955103
103573719000,0.698719,0.187276,0.0735822,-0.0142637,0.0166526,-0.00435636,0.995378,0.0105685,-0.00372873,0.0953812
103583719000,0.698574,0.187446,0.0735353,-0.0147874,0.017327,-0.00502101,0.995392,0.0103906,-0.00392952,0.0952429
103593719000,0.698492,0.187516,0.0736522,-0.0150091,0.017872,-0.00471266,0.995407,0.0102091,-0.00413576,0.0950985
103603719000,0.698414,0.187589,0.0737312,-0.0150212,0.0184093,-0.00451113,0.995423,0.0100289,-0.00435676,0.0949444
103613719000,0.698261,0.187777,0.0736837,-0.0156243,0.0191616,-0.00498107,0.995439,0.00985627,-0.00457903,0.0947814
103623719000,0.698101,0.187973,0.073633,-0.0162534,0.0200293,-0.00516434,0.995456,0.00968538,-0.00481642,0.0946084
103633719000,0.697936,0.188179,0.0735807,-0.0168305,0.0210426,-0.00530867,0.995473,0.00951963,-0.00505637,0.094431
103643719000,0.697764,0.188394,0.0735273,-0.0174518,0.0221066,-0.00536243,0.995491,0.00936429,-0.00529877,0.0942388
103653719000,0.697588,0.18862,0.0734741,-0.0178628,0.0230338,-0.00527923,0.995511,0.00922137,-0.00554874,0.0940312
103663719000,0.697407,0.188855,0.0734218,-0.0182623,0.0240262,-0.00517485,0.995531,0.00910465,-0.00582009,0.0938127
103673719000,0.697223,0.189099,0.07337,-0.0185788,0.0247757,-0.00518751,0.995552,0.00900363,-0.00609816,0.0935844
103683719000,0.697037,0.189352,0.073319,-0.0186932,0.0256738,-0.0050129,0.995573,0.00891763,-0.00638176,0.0933461
103693719000,0.69644,0.189334,0.0737518,-0.0199952,0.0257707,-0.00283917,0.995595,0.00885159,-0.00668024,0.0930962
103703719000,0.696239,0.189594,0.0737232,-0.0201185,0.0262787,-0.00287646,0.995617,0.00879574,-0.0069856,0.0928457
103713719000,0.696038,0.189858,0.0736945,-0.0201105,0.0264534,-0.00286935,0.99564,0.00875581,-0.00730566,0.0925826
103723719000,0.695837,0.190122,0.0736657,-0.02006,0.0264388,-0.00288153,0.995663,0.00872313,-0.00763486,0.0923132
103733719000,0.695638,0.190386,0.0736366,-0.0197053,0.0262904,-0.00293367,0.995685,0.00870743,-0.00796823,0.0920386
103743719000,0.695442,0.190647,0.0736053,-0.0194016,0.0259244,-0.00333719,0.995708,0.00869928,-0.00830876,0.0917654
103753719000,0.69525,0.190904,0.0735712,-0.0190154,0.0255907,-0.00348816,0.99573,0.00869049,-0.00866002,0.0914899
103763719000,0.695063,0.191158,0.0735345,-0.0185291,0.0250723,-0.00385396,0.995753,0.00868569,-0.0090172,0.0912139
103773719000,0.694881,0.191405,0.0734943,-0.0179168,0.0243183,-0.00417845,0.995775,0.00867802,-0.00937898,0.0909361
103783719000,0.694704,0.191644,0.073451,-0.0173644,0.0236491,-0.00447131,0.995796,0.00867572,-0.00974529,0.0906604
103793719000,0.694534,0.191878,0.0734045,-0.0166868,0.0231031,-0.00483596,0.995818,0.00866724,-0.010107,0.0903863
103803719000,0.694371,0.192105,0.0733554,-0.0159969,0.0223415,-0.00497949,0.995839,0.00865141,-0.0104757,0.0901124
103813719000,0.692926,0.192625,0.0741059,-0.018962,0.0240318,-0.00185644,0.99586,0.00863496,-0.0108453,0.0898321
103823719000,0.692741,0.192863,0.0740872,-0.0180364,0.0235975,-0.00188587,0.995882,0.00861912,-0.0112168,0.0895512
103833719000,0.691649,0.193332,0.0745787,-0.0200867,0.0245777,0.000107503,0.995904,0.00860222,-0.01159,0.0892622
103843719000,0.691452,0.193576,0.0745797,-0.0192058,0.0240865,7.57697e-05,0.995926,0.0085815,-0.0119658,0.0889668
103853719000,0.691263,0.193813,0.0745798,-0.0184566,0.0234418,-4.85008e-05,0.995949,0.00855317,-0.0123459,0.0886601
103863719000,0.691082,0.194044,0.0745794,-0.0177054,0.0227561,-3.32577e-05,0.995972,0.0085195,-0.0127168,0.088351
103873719000,0.690909,0.194268,0.0745796,-0.0168991,0.0219171,7.99344e-05,0.995996,0.00847286,-0.0130712,0.0880339
103883719000,0.690744,0.194483,0.0745815,-0.0161728,0.0211865,0.000305736,0.99602,0.00842318,-0.0134183,0.0877084
103893719000,0.690587,0.194692,0.0745864,-0.0152515,0.0205201,0.000671878,0.996045,0.00836642,-0.0137492,0.0873827
103903719000,0.690439,0.194893,0.0745948,-0.0143279,0.0196692,0.000992375,0.99607,0.00831163,-0.0140775,0.0870479
103913719000,0.689378,0.19549,0.0750868,-0.0163169,0.0216017,0.00344428,0.996095,0.00825399,-0.0143987,0.0867131
103923719000,0.68922,0.195702,0.0751238,-0.0153049,0.020975,0.00396869,0.99612,0.00821383,-0.0147037,0.0863786
103933719000,0.689072,0.195908,0.0751661,-0.0143044,0.0201604,0.00448969,0.996145,0.00817146,-0.0149876,0.0860458
103943719000,0.688933,0.196105,0.0752137,-0.0133976,0.0192962,0.00503552,0.996169,0.00813729,-0.0152624,0.0857157
103953719000,0.688803,0.196295,0.0752662,-0.0125642,0.0185887,0.00545121,0.996194,0.00811012,-0.0155224,0.0853897
103963719000,0.688682,0.196477,0.0753241,-0.0117451,0.0178581,0.00612521,0.996218,0.00808357,-0.0157672,0.0850632
103973719000,0.688569,0.196652,0.0753889,-0.0108497,0.0171659,0.00683779,0.996242,0.00805871,-0.015988,0.0847424
103983719000,0.688465,0.196819,0.0754616,-0.00983999,0.0161257,0.00770324,0.996266,0.00803851,-0.0161928,0.0844198
103993719000,0.688372,0.196975,0.0755432,-0.00880249,0.0151765,0.00862989,0.996291,0.0080208,-0.0163797,0.0840985
104003719000,0.688288,0.197122,0.0756341,-0.0079734,0.0141687,0.00953965,0.996314,0.00800095,-0.0165547,0.0837862
104013719000,0.688214,0.197258,0.0757341,-0.0068979,0.0130934,0.0104671,0.996338,0.00797936,-0.0167042,0.083477
104023719000,0.68815,0.197384,0.0758441,-0.00599117,0.0119927,0.0115305,0.996361,0.00796347,-0.0168275,0.0831808
104033719000,0.687025,0.19843,0.0758094,-0.00872137,0.0146987,0.0120384,0.996383,0.00795633,-0.0169275,0.0828906
104043719000,0.686943,0.198571,0.0759359,-0.00767131,0.0135237,0.0132552,0.996406,0.00795435,-0.0170025,0.0826051
104053719000,0.686106,0.199431,0.0758422,-0.00922742,0.0153528,0.0135804,0.996428,0.00795844,-0.0170572,0.0823232
104063719000,0.686019,0.199578,0.075985,-0.00814347,0.0140787,0.0149922,0.99645,0.00797722,-0.0170761,0.0820554
104073719000,0.685943,0.199713,0.0761433,-0.00711779,0.0129411,0.0166658,0.996471,0.00801367,-0.0170754,0.0817952
104083719000,0.685877,0.199836,0.0763179,-0.0060716,0.0116679,0.0182517,0.996491,0.00806864,-0.017046,0.0815444
104093719000,0.685822,0.199946,0.0765087,-0.00500462,0.0103415,0.0199084,0.996511,0.00814589,-0.016996,0.0813041
104103719000,0.685776,0.200044,0.076717,-0.0041192,0.00923602,0.0217635,0.99653,0.00824903,-0.0169196,0.0810766
104113719000,0.685659,0.200923,0.0758343,-0.00395518,0.0105029,0.0192463,0.996549,0.00837095,-0.0168155,0.0808556
104123719000,0.685624,0.201023,0.0760357,-0.00322831,0.00944506,0.0210165,0.996567,0.00852261,-0.0166849,0.0806424
104133719000,0.685595,0.201111,0.0762547,-0.00255572,0.00831959,0.0227939,0.996584,0.0087014,-0.0165366,0.0804423
104143719000,0.685573,0.201189,0.0764912,-0.0018782,0.0073012,0.0245103,0.996601,0.00889052,-0.016358,0.0802516
104153719000,0.685557,0.201258,0.0767444,-0.00129826,0.00632857,0.0261244,0.996617,0.00908677,-0.016152,0.0800745
104163719000,0.685547,0.201315,0.077012,-0.000644076,0.00523431,0.0274027,0.996632,0.00930255,-0.0159197,0.0799033
104173719000,0.685543,0.201363,0.0772926,-8.98522e-05,0.00428682,0.0287055,0.996647,0.00952924,-0.015659,0.0797395
104183719000,0.685545,0.201402,0.0775852,0.000533847,0.00340702,0.0298262,0.996661,0.00977109,-0.0153788,0.0795878
104193719000,0.685553,0.201432,0.0778887,0.00100272,0.0026358,0.0308719,0.996675,0.0100174,-0.0150784,0.0794432
104203719000,0.685566,0.201455,0.0782021,0.00153077,0.00200522,0.0318021,0.996688,0.0102658,-0.0147585,0.0793082
104213719000,0.685584,0.201472,0.0785252,0.00221049,0.00143743,0.0328253,0.9967,0.010521,-0.0144189,0.0791826
104223719000,0.685608,0.201483,0.0788571,0.0026115,0.000718414,0.0335537,0.996712,0.0107739,-0.0140642,0.0790636
104233719000,0.685637,0.201488,0.0791967,0.00320314,0.000264768,0.0343567,0.996724,0.0110284,-0.0136917,0.0789469
104243719000,0.686203,0.202703,0.0762635,0.00353622,0.0021122,0.023167,0.996735,0.0112917,-0.0133086,0.0788328
104253719000,0.686552,0.203474,0.0744655,0.00404606,0.00316254,0.0165937,0.996746,0.011565,-0.012917,0.0787258
104263719000,0.686595,0.203504,0.0746343,0.00451087,0.002842,0.0171831,0.996755,0.0118405,-0.0125152,0.0786245
104273719000,0.686643,0.203533,0.0748097,0.00492675,0.0028295,0.0178977,0.996765,0.0121276,-0.0121022,0.0785275
104283719000,0.686693,0.203561,0.0749911,0.00515237,0.00294004,0.0183784,0.996773,0.0124204,-0.0116889,0.0784404
104293719000,0.686746,0.203592,0.0751772,0.00537269,0.00314821,0.0188369,0.996781,0.012713,-0.01127,0.0783508
104303719000,0.686801,0.203625,0.075368,0.00556202,0.00347901,0.0193243,0.996789,0.0130074,-0.0108475,0.0782644
104313719000,0.686857,0.203661,0.075562,0.00571413,0.00377854,0.0194723,0.996796,0.0132988,-0.0104195,0.0781793
104323719000,0.686916,0.203701,0.0757565,0.00602849,0.00411696,0.0194382,0.996803,0.0135798,-0.00998237,0.0780996
104333719000,0.686977,0.203743,0.0759507,0.00623598,0.00429918,0.0193901,0.99681,0.0138397,-0.00954587,0.0780219
104343719000,0.687831,0.204312,0.0734162,0.00751875,0.00406551,0.00911627,0.996817,0.0140877,-0.0091048,0.0779438
104353719000,0.687907,0.204354,0.073506,0.00770932,0.00432266,0.00884569,0.996823,0.0143215,-0.00867149,0.0778709
104363719000,0.687985,0.204397,0.0735928,0.00776286,0.00441581,0.00850578,0.996829,0.0145366,-0.00822986,0.0778033
104373719000,0.688063,0.20444,0.0736751,0.00785336,0.00416016,0.00796643,0.996835,0.0147311,-0.00778415,0.0777365
104383719000,0.688141,0.204481,0.0737526,0.00776048,0.00403827,0.00753617,0.99684,0.0148998,-0.00734745,0.0776779
104393719000,0.688219,0.20452,0.0738244,0.00788589,0.00380129,0.00682351,0.996845,0.0150466,-0.00691598,0.0776262
104403719000,0.688298,0.204558,0.0738889,0.00785864,0.0037685,0.00606627,0.99685,0.0151757,-0.00647963,0.0775764
104413719000,0.688377,0.204595,0.0739459,0.00802762,0.00364856,0.00534217,0.996854,0.0152887,-0.00606694,0.077529
104423719000,0.688457,0.204633,0.0739965,0.00800122,0.00378225,0.00477176,0.996859,0.0153805,-0.00565557,0.0774802
104433719000,0.688537,0.204672,0.0740403,0.0080403,0.00417651,0.00399762,0.996865,0.0154591,-0.00524973,0.0774245
104443719000,0.688618,0.204716,0.0740772,0.00802807,0.00451145,0.00337975,0.99687,0.0155147,-0.00485964,0.0773657
104453719000,0.688697,0.204764,0.0741087,0.00781839,0.00509006,0.00292031,0.996876,0.0155648,-0.00448118,0.0773077
104463719000,0.689483,0.205403,0.0718871,0.00861871,0.0060409,-0.00568822,0.996882,0.0156018,-0.00411579,0.0772391
104473719000,0.689568,0.205467,0.0718277,0.0084544,0.00679023,-0.00619252,0.996889,0.0156351,-0.00375979,0.0771631
104483719000,0.690118,0.205816,0.0704326,0.00900247,0.00749321,-0.0116308,0.996896,0.0156604,-0.00342105,0.0770826
104493719000,0.690207,0.205895,0.0703126,0.00871867,0.0084618,-0.0123603,0.996903,0.0156742,-0.00308907,0.0769996
104503719000,0.690223,0.205895,0.0741981,0.00826427,0.00925399,-0.0117833,0.996911,0.0156801,-0.00276533,0.0769125
104513719000,0.690304,0.20599,0.074076,0.00786887,0.00981359,-0.0126357,0.996919,0.0156776,-0.00245987,0.0768181
104523719000,0.69038,0.206091,0.0739456,0.0074851,0.0103652,-0.0134452,0.996927,0.0156758,-0.00215493,0.0767223
104533719000,0.690454,0.206196,0.0738071,0.00722871,0.010718,-0.0142499,0.996935,0.0156575,-0.00186754,0.0766282
104543719000,0.690524,0.206305,0.0736596,0.00687966,0.0109985,-0.0152493,0.996943,0.0156283,-0.00159253,0.0765391
104553719000,0.690591,0.206414,0.0735026,0.00647429,0.0108989,-0.0161562,0.99695,0.0155871,-0.00132811,0.0764618
104563719000,0.690654,0.206523,0.0733362,0.00613539,0.0107872,-0.0171271,0.996956,0.015532,-0.00107219,0.0763919
104573719000,0.690882,0.206757,0.0729755,0.00621259,0.0109687,-0.0189866,0.996962,0.0154589,-0.000827702,0.0763327
104583719000,0.690944,0.206866,0.0727807,0.00609493,0.0108037,-0.0199726,0.996968,0.0153762,-0.000593716,0.0762807
104593719000,0.691004,0.206973,0.0725766,0.00585318,0.0104987,-0.0208424,0.996972,0.0152839,-0.00036739,0.0762401
104603719000,0.691061,0.207076,0.072363,0.00556436,0.0101046,-0.0218819,0.996977,0.0151718,-0.000153846,0.0762059
104613719000,0.691115,0.207176,0.0721398,0.00534523,0.0100252,-0.0227472,0.996981,0.0150552,4.75168e-05,0.0761772
104623719000,0.691167,0.207276,0.0719087,0.0050341,0.0100136,-0.0234739,0.996984,0.0149326,0.00023647,0.0761507
104633719000,0.691217,0.207376,0.0716706,0.00487868,0.00990774,-0.0241535,0.996989,0.0147977,0.000417574,0.0761151
104643719000,0.691264,0.207475,0.0714265,0.00461071,0.00984046,-0.0246654,0.996994,0.0146604,0.000593025,0.0760755
104653719000,0.691309,0.207572,0.071178,0.00434096,0.00965283,-0.0250387,0.996999,0.0145159,0.000748689,0.0760357
104663719000,0.690923,0.208089,0.0716055,0.00344424,0.0121333,-0.0221831,0.997005,0.0143673,0.000893525,0.0759908
104673719000,0.690956,0.20821,0.0713833,0.00313124,0.0120013,-0.022268,0.99701,0.0142214,0.00103641,0.0759416
104683719000,0.69073,0.208604,0.0716203,0.00238042,0.0133933,-0.020312,0.997016,0.0140845,0.00116842,0.0758934
104693719000,0.690753,0.208736,0.071417,0.00214721,0.0130793,-0.020337,0.997021,0.0139587,0.0012975,0.0758489
104703719000,0.690773,0.208865,0.0712135,0.00192516,0.0125972,-0.0203643,0.997026,0.0138472,0.00141636,0.075797
104713719000,0.690791,0.208988,0.0710096,0.00168528,0.0119448,-0.0204197,0.997031,0.0137458,0.00152904,0.0757521
104723719000,0.690806,0.209104,0.0708046,0.00126345,0.0112988,-0.0205854,0.997035,0.0136501,0.00162972,0.0757135
104733719000,0.690818,0.209212,0.0705984,0.00112763,0.0102792,-0.0206545,0.997038,0.0135656,0.00172301,0.0756869
104743719000,0.690828,0.209308,0.0703911,0.000929988,0.00897638,-0.0208007,0.99704,0.0134873,0.00181492,0.0756759
104753719000,0.690837,0.209391,0.0701833,0.000881762,0.00756649,-0.0207645,0.997041,0.0134174,0.00190619,0.0756685
104763719000,0.690846,0.209459,0.0699745,0.000879847,0.00607513,-0.0209844,0.997042,0.0133464,0.00197811,0.075669
104773719000,0.690856,0.209512,0.0697634,0.0010004,0.00450428,-0.0212393,0.997042,0.0132827,0.00204557,0.0756771
104783719000,0.690866,0.209548,0.0695499,0.00117653,0.0027614,-0.0214633,0.997041,0.0132151,0.00210029,0.0756923
104793719000,0.690046,0.210288,0.0703546,-0.00047338,0.0053128,-0.0174928,0.997041,0.013153,0.00215366,0.0757096
104803719000,0.690043,0.210332,0.070179,-0.000155855,0.00351622,-0.0176244,0.99704,0.0130921,0.00218945,0.0757283
104813719000,0.690042,0.210359,0.0700035,1.21544e-05,0.0019115,-0.0174798,0.997039,0.013036,0.00221501,0.0757509
104823719000,0.690044,0.210372,0.0698295,0.00024259,0.000577086,-0.0173146,0.997038,0.0129768,0.00222698,0.0757688
104833719000,0.690048,0.21037,0.0696579,0.000663737,-0.000808385,-0.0170099,0.997039,0.0129263,0.00222557,0.0757743
104843719000,0.690056,0.210356,0.0694903,0.000915902,-0.00216194,-0.01651,0.99704,0.0128818,0.00221731,0.0757675
104853719000,0.690067,0.210328,0.0693279,0.00121887,-0.00334913,-0.0159681,0.997041,0.0128527,0.00220068,0.075756
104863719000,0.690081,0.210288,0.0691708,0.00169154,-0.00469228,-0.0154506,0.997043,0.012832,0.00217483,0.075742
104873719000,0.6901,0.210234,0.0690199,0.00206555,-0.00609534,-0.0147273,0.997045,0.0128219,0.00214325,0.0757157
104883719000,0.690122,0.210168,0.0688771,0.00234577,-0.00707394,-0.0138377,0.997047,0.0128228,0.00210729,0.0756845
104893719000,0.68896,0.210921,0.0695244,-0.000569613,-0.00403396,-0.0101249,0.997049,0.0128362,0.00206866,0.0756528
104903719000,0.688956,0.210874,0.0694262,-0.000250086,-0.0053261,-0.00950624,0.997052,0.012861,0.00203202,0.0756182
104913719000,0.688165,0.211485,0.0697576,-0.0020918,-0.00340938,-0.00734266,0.997054,0.0129008,0.00200219,0.0755843
104923719000,0.688147,0.211443,0.0696869,-0.00157112,-0.00504202,-0.00679719,0.997055,0.0129455,0.00196523,0.0755582
104933719000,0.688134,0.211383,0.0696219,-0.000915643,-0.0069377,-0.00620524,0.997057,0.0129971,0.00193188,0.0755275
104943719000,0.688127,0.211303,0.0695619,-0.000456644,-0.00894698,-0.00579272,0.997058,0.0130441,0.00190114,0.0755082
104953719000,0.688126,0.211204,0.0695055,0.000136336,-0.0109686,-0.00549038,0.997058,0.01309,0.00187304,0.0755065
104963719000,0.688131,0.211083,0.0694524,0.000855819,-0.0132169,-0.00511682,0.997057,0.0131354,0.00183993,0.0755081
104973719000,0.688143,0.210939,0.0694028,0.0016042,-0.0155652,-0.00481338,0.997056,0.0131773,0.00179184,0.0755203
104983719000,0.688163,0.210773,0.069355,0.00241949,-0.0176365,-0.00473783,0.997053,0.0132173,0.00175157,0.0755435
104993719000,0.687226,0.211303,0.0693378,-1.45726e-06,-0.0166461,-0.00444303,0.997051,0.0132632,0.00170581,0.075571
105003719000,0.687229,0.211125,0.0692934,0.000556503,-0.0189444,-0.00443468,0.997047,0.0132952,0.00164888,0.0756098
105013719000,0.687239,0.210925,0.06925,0.00138635,-0.0210919,-0.00425796,0.997044,0.0133146,0.00158407,0.0756495
105023719000,0.687256,0.210705,0.0692075,0.00197419,-0.023012,-0.00423292,0.997041,0.0133314,0.00151617,0.0756858
105033719000,0.687279,0.210466,0.0691654,0.0027637,-0.0248095,-0.00419547,0.997038,0.0133412,0.00144657,0.0757285
105043719000,0.68731,0.21021,0.0691245,0.00346641,-0.0263748,-0.00398654,0.997035,0.0133444,0.00137151,0.0757669
105053719000,0.68735,0.209939,0.0690863,0.00438389,-0.027732,-0.00364706,0.997033,0.0133484,0.00128997,0.0758036
105063719000,0.687398,0.209656,0.0690511,0.00526586,-0.0288976,-0.00339645,0.99703,0.0133485,0.00120945,0.0758385
105073719000,0.687454,0.209362,0.0690185,0.0059663,-0.0298983,-0.00311001,0.997027,0.0133605,0.00113091,0.0758739
105083719000,0.687517,0.209057,0.068989,0.00660793,-0.031001,-0.00279114,0.997025,0.0133768,0.00104577,0.0759062
105093719000,0.687586,0.208743,0.0689624,0.00727452,-0.0318348,-0.00253348,0.997022,0.0133878,0.000972228,0.0759374
105103719000,0.687661,0.208422,0.0689387,0.00763956,-0.0324372,-0.00221736,0.99702,0.0134059,0.000895985,0.0759619
105113719000,0.68774,0.208094,0.068918,0.00816155,-0.0331448,-0.00190831,0.997018,0.013426,0.000820841,0.0759842
105123719000,0.686717,0.20863,0.0684621,0.00482708,-0.0302476,-0.00329224,0.997017,0.0134557,0.00075537,0.076003
105133719000,0.686071,0.208871,0.0681538,0.00285299,-0.0286208,-0.00434522,0.997015,0.0134835,0.000693804,0.0760209
105143719000,0.686102,0.208583,0.0681102,0.00329824,-0.0290008,-0.00436293,0.997013,0.0135075,0.000627739,0.0760389
105153719000,0.686137,0.208291,0.0680651,0.00361846,-0.029298,-0.00467049,0.997012,0.0135392,0.000555279,0.0760548
105163719000,0.686174,0.207997,0.0680182,0.00387886,-0.0295993,-0.00470907,0.99701,0.0135787,0.000479296,0.0760711
105173719000,0.686216,0.207699,0.0679699,0.00444945,-0.03001,-0.00494733,0.997008,0.0136265,0.000401982,0.0760872
105183719000,0.686262,0.207397,0.0679193,0.00487868,-0.0302592,-0.00516979,0.997006,0.0136744,0.000321431,0.0761097
105193719000,0.686314,0.207093,0.0678653,0.00548871,-0.0306048,-0.00562739,0.997003,0.0137194,0.000237177,0.076131
105203719000,0.686371,0.206786,0.0678054,0.00585862,-0.0307391,-0.00634784,0.997001,0.013767,0.000147161,0.0761531
105213719000,0.686431,0.206479,0.0677383,0.00624568,-0.0308264,-0.00708629,0.996999,0.0138118,5.79817e-05,0.07617
105223719000,0.686299,0.206131,0.0674493,0.00570222,-0.0313832,-0.00863727,0.996997,0.013863,-4.57004e-05,0.0761889
105233719000,0.686358,0.205815,0.0673584,0.00617275,-0.0317737,-0.00955739,0.996995,0.0139139,-0.000158225,0.0762075
105243719000,0.686423,0.205496,0.0672585,0.00672029,-0.031885,-0.0104131,0.996993,0.0139549,-0.000277132,0.0762286
105253719000,0.686493,0.205177,0.0671499,0.00733393,-0.0320898,-0.011316,0.996991,0.0139838,-0.000400175,0.0762478
105263719000,0.686568,0.204855,0.0670317,0.00777159,-0.0321134,-0.0123224,0.996988,0.0140064,-0.000538034,0.0762728
105273719000,0.686649,0.204534,0.0669035,0.00824685,-0.0321823,-0.0133072,0.996986,0.0140161,-0.000683047,0.0763012
105283719000,0.686733,0.204212,0.0667661,0.00855853,-0.0321625,-0.0141765,0.996984,0.0140208,-0.000844018,0.0763299
105293719000,0.68682,0.203892,0.0666196,0.00896798,-0.0319852,-0.0151234,0.996981,0.0140091,-0.00100791,0.0763592
105303719000,0.686911,0.203573,0.0664635,0.00912234,-0.0316946,-0.016093,0.996979,0.013989,-0.0011777,0.0763963
105313719000,0.687003,0.203258,0.0662976,0.00932796,-0.0312831,-0.0171005,0.996976,0.0139624,-0.0013577,0.0764375
105323719000,0.687098,0.202947,0.0661227,0.00961651,-0.0309015,-0.0178693,0.996973,0.0139297,-0.0015408,0.0764769
105333719000,0.687194,0.202642,0.06594,0.00962872,-0.0302105,-0.0186669,0.99697,0.0138934,-0.00173045,0.0765137
105343719000,0.686713,0.201849,0.0666731,0.00836313,-0.0307829,-0.0163283,0.996968,0.0138559,-0.00192843,0.076548
105353719000,0.686423,0.201206,0.0671199,0.0073643,-0.0310332,-0.0147179,0.996965,0.0138097,-0.00212113,0.0765811
105363719000,0.686497,0.200898,0.066969,0.00748477,-0.0304945,-0.015464,0.996963,0.0137576,-0.00232691,0.0766127
105373719000,0.686571,0.200597,0.0668104,0.00737965,-0.0297493,-0.0162449,0.99696,0.0137097,-0.00253353,0.0766511
105383719000,0.686645,0.200303,0.0666451,0.00734747,-0.0290056,-0.0168217,0.996957,0.01367,-0.00274532,0.0766928
105393719000,0.686718,0.200017,0.0664728,0.00726609,-0.0281676,-0.0176299,0.996954,0.0136249,-0.00296778,0.0767374
105403719000,0.68679,0.199739,0.066293,0.00727938,-0.0273572,-0.0183437,0.99695,0.0135796,-0.00319903,0.0767894
105413719000,0.686863,0.19947,0.0661053,0.0072197,-0.0265025,-0.0191857,0.996945,0.0135328,-0.00343411,0.0768496
105423719000,0.686936,0.19921,0.0659092,0.00736133,-0.0255814,-0.0200424,0.99694,0.0134846,-0.00367173,0.0769139
105433719000,0.68701,0.198958,0.0657048,0.00736388,-0.0247079,-0.0208438,0.996934,0.0134392,-0.00391544,0.0769848
105443719000,0.686409,0.19799,0.0671218,0.00580263,-0.025443,-0.0156415,0.996928,0.0133857,-0.00416271,0.0770647
105453719000,0.686467,0.197739,0.0669625,0.00585605,-0.0247918,-0.0162179,0.99692,0.013322,-0.0044203,0.0771593
105463719000,0.686526,0.197496,0.0667974,0.00589143,-0.0238156,-0.0168057,0.996911,0.013255,-0.00468104,0.077265
105473719000,0.686585,0.197262,0.066627,0.00601791,-0.0230351,-0.0172657,0.996903,0.013193,-0.00494546,0.0773721
105483719000,0.686645,0.197035,0.0664512,0.00596878,-0.0224132,-0.0179071,0.996893,0.0131219,-0.00521528,0.0774942
105493719000,0.686706,0.196814,0.0662693,0.00611575,-0.0217034,-0.0184692,0.996882,0.0130566,-0.00548328,0.0776247
105503719000,0.686767,0.196601,0.0660816,0.00623995,-0.0209574,-0.0190653,0.996871,0.0129868,-0.00575166,0.0777625
105513719000,0.68683,0.196395,0.0658893,0.00633338,-0.020182,-0.0194004,0.996858,0.012913,-0.00602436,0.0779109
105523719000,0.686893,0.196197,0.0656937,0.00624381,-0.0194495,-0.0197133,0.996846,0.0128433,-0.00630044,0.0780635
105533719000,0.686957,0.196007,0.0654949,0.00646772,-0.0185183,-0.0200417,0.996832,0.0127698,-0.00658643,0.0782218
105543719000,0.687023,0.195827,0.0652937,0.00677928,-0.0175053,-0.0202029,0.996819,0.0126925,-0.00687387,0.0783864
105553719000,0.686296,0.194932,0.0675437,0.00554738,-0.017315,-0.0115923,0.996804,0.0126258,-0.0071635,0.0785549
105563719000,0.686353,0.194764,0.0674267,0.00583229,-0.0164064,-0.0118004,0.996789,0.0125666,-0.00745452,0.0787254
105573719000,0.685888,0.194046,0.068864,0.00505364,-0.0163873,-0.00631181,0.996774,0.0125085,-0.00774745,0.0788997
105583719000,0.685939,0.193886,0.0688006,0.00534011,-0.0155471,-0.00637305,0.996759,0.0124548,-0.0080377,0.079067
105593719000,0.685995,0.193736,0.0687367,0.0057777,-0.014612,-0.00641111,0.996744,0.0124138,-0.00833214,0.0792365
105603719000,0.685975,0.193492,0.0734284,0.00614774,-0.0138579,-0.00461744,0.996729,0.0123766,-0.00862408,0.0794002
105613719000,0.686039,0.193358,0.073382,0.00651955,-0.0130098,-0.00464889,0.996714,0.0123394,-0.00891145,0.0795614
105623719000,0.686106,0.19323,0.0733362,0.0068717,-0.0124142,-0.00452422,0.996699,0.0123109,-0.00919762,0.0797233
105633719000,0.686176,0.193109,0.0732917,0.00716918,-0.0119243,-0.00437383,0.996683,0.0122883,-0.0094837,0.0798856
105643719000,0.68625,0.192992,0.0732489,0.00767711,-0.0113659,-0.00417859,0.996668,0.0122674,-0.00976971,0.080046
105653719000,0.685645,0.192578,0.0742085,0.0064842,-0.0104674,0.0014381,0.996652,0.01225,-0.0100434,0.0802052
105663719000,0.685712,0.192477,0.0742246,0.00702231,-0.00979668,0.0017746,0.996637,0.012229,-0.010313,0.080362
105673719000,0.685785,0.192382,0.074244,0.00754476,-0.00921563,0.00210083,0.996622,0.0122102,-0.0105845,0.0805161
105683719000,0.685863,0.192291,0.074267,0.00806128,-0.00893894,0.00250896,0.996608,0.0121917,-0.0108508,0.0806589
105693719000,0.685947,0.192204,0.0742941,0.00881688,-0.00842288,0.00290556,0.996594,0.0121751,-0.01111,0.0807967
105703719000,0.686038,0.192121,0.0743259,0.00937053,-0.00810693,0.00345257,0.996581,0.0121573,-0.0113543,0.0809301
105713719000,0.686134,0.192043,0.0743635,0.00981855,-0.0076852,0.00407694,0.996569,0.01214,-0.0115979,0.08105
105723719000,0.686236,0.191967,0.0744068,0.0105694,-0.00745782,0.00457564,0.996557,0.0121285,-0.0118321,0.0811662
105733719000,0.686346,0.191893,0.0744565,0.0113373,-0.00729256,0.00537591,0.996546,0.0121182,-0.0120574,0.0812675
105743719000,0.686462,0.191821,0.0745139,0.0120487,-0.00714225,0.0061073,0.996535,0.0121115,-0.0122819,0.0813628
105753719000,0.685754,0.191886,0.0753069,0.010402,-0.00547186,0.0102151,0.996525,0.012107,-0.0125055,0.0814539
105763719000,0.685861,0.191832,0.0754133,0.0111074,-0.00532393,0.0110517,0.996516,0.0121113,-0.0127112,0.0815389
105773719000,0.685379,0.191863,0.0759342,0.0101273,-0.00440943,0.0137559,0.996507,0.0121148,-0.0129171,0.0816143
105783719000,0.685484,0.191819,0.076077,0.0109132,-0.00452346,0.0147906,0.996498,0.0121224,-0.0131174,0.0816858
105793719000,0.685596,0.191773,0.0762286,0.0115793,-0.00470088,0.0155434,0.99649,0.0121353,-0.0133079,0.081756
105803719000,0.685716,0.191724,0.0763879,0.0123251,-0.0049757,0.0163191,0.996482,0.0121329,-0.0134931,0.0818248
105813719000,0.685841,0.191672,0.0765562,0.0127235,-0.00538149,0.0173247,0.996474,0.0121354,-0.0136642,0.081892
105823719000,0.685971,0.191616,0.0767344,0.0134073,-0.00584287,0.0183245,0.996466,0.0121356,-0.0138354,0.0819553
105833719000,0.686109,0.191555,0.0769219,0.0140621,-0.00639627,0.0191639,0.996459,0.0121344,-0.0140025,0.082018
105843719000,0.686253,0.191488,0.0771178,0.0147081,-0.00695166,0.0200288,0.996451,0.0121312,-0.0141599,0.0820797
105853719000,0.686402,0.191416,0.0773228,0.0152422,-0.00757539,0.0209638,0.996444,0.0121207,-0.0143139,0.0821436
105863719000,0.686137,0.192056,0.0772338,0.0141713,-0.00540078,0.0204075,0.996436,0.012104,-0.0144573,0.0822149
105873719000,0.686281,0.191998,0.0774419,0.0146756,-0.00617833,0.0212203,0.996428,0.0120732,-0.0145862,0.0822919
105883719000,0.68643,0.191933,0.0776593,0.0151079,-0.00681589,0.022258,0.99642,0.0120326,-0.014709,0.0823719
105893719000,0.686583,0.191862,0.0778861,0.0154828,-0.00746763,0.023102,0.996412,0.0119864,-0.0148197,0.0824618
105903719000,0.68674,0.191784,0.0781206,0.0158319,-0.00807768,0.0238078,0.996404,0.0119267,-0.0149168,0.0825516
105913719000,0.6869,0.191701,0.0783634,0.0163502,-0.00861307,0.0247353,0.996396,0.0118559,-0.0149991,0.0826423
105923719000,0.687067,0.191611,0.0786135,0.0168909,-0.00938311,0.0252974,0.996388,0.0117837,-0.0150738,0.0827387
105933719000,0.687238,0.191513,0.0788709,0.0174652,-0.0101367,0.0261742,0.99638,0.0117002,-0.0151402,0.0828318
105943719000,0.687414,0.191409,0.0791363,0.0176931,-0.0106963,0.0269023,0.996373,0.0116151,-0.0152016,0.0829203
105953719000,0.687593,0.191299,0.0794093,0.017985,-0.0112668,0.0276987,0.996366,0.0115219,-0.0152456,0.083004
105963719000,0.687773,0.191184,0.0796898,0.0181313,-0.0117556,0.028403,0.99636,0.0114096,-0.0152734,0.0830887
105973719000,0.687956,0.191064,0.0799765,0.0185067,-0.0122417,0.0289371,0.996354,0.0112899,-0.0152985,0.0831665
105983719000,0.688004,0.192288,0.0788298,0.0176143,-0.00838813,0.0236928,0.996349,0.0111681,-0.0153151,0.083246
105993719000,0.688089,0.19304,0.0781746,0.0171753,-0.0062947,0.0206772,0.996343,0.0110399,-0.0153201,0.0833254
106003719000,0.688262,0.192975,0.0783839,0.017346,-0.00685125,0.0211767,0.996339,0.0109015,-0.0153185,0.0833998
106013719000,0.688435,0.192903,0.0785974,0.0172359,-0.00742998,0.0215288,0.996335,0.0107558,-0.0153156,0.0834695
106023719000,0.688607,0.192825,0.0788152,0.0172911,-0.008283,0.0220365,0.99633,0.0106071,-0.0153121,0.0835394
106033719000,0.688781,0.192736,0.0790376,0.0173492,-0.00945368,0.0224291,0.996326,0.0104503,-0.0152989,0.0836099
106043719000,0.688954,0.192639,0.0792636,0.0173944,-0.0100258,0.0227729,0.996322,0.0102862,-0.0152787,0.0836869
106053719000,0.689128,0.192536,0.0794929,0.0173156,-0.0104093,0.0230925,0.996318,0.0101232,-0.015242,0.0837649
106063719000,0.6893,0.192428,0.0797253,0.0170384,-0.0112181,0.0233818,0.996313,0.00996128,-0.0152009,0.0838451
106073719000,0.689471,0.192311,0.0799602,0.0172395,-0.0122106,0.023607,0.996308,0.0098003,-0.0151602,0.0839286
106083719000,0.689889,0.193241,0.0788037,0.0175204,-0.00990097,0.0184563,0.996304,0.00963852,-0.0151105,0.0840057
106093719000,0.690063,0.193138,0.0789898,0.0174115,-0.0106411,0.0187681,0.9963,0.0094753,-0.0150525,0.0840825
106103719000,0.690238,0.193028,0.0791782,0.0174699,-0.0114724,0.0189025,0.996296,0.00931657,-0.0149873,0.0841613
106113719000,0.690412,0.192908,0.0793687,0.0174568,-0.0123808,0.0192014,0.996292,0.00916344,-0.0149194,0.0842363
106123719000,0.690589,0.192781,0.0795612,0.0178076,-0.0131525,0.0192993,0.996288,0.00901171,-0.0148405,0.084313
106133719000,0.690766,0.192644,0.0797547,0.0177653,-0.0142567,0.0193901,0.996284,0.00886598,-0.0147608,0.0843881
106143719000,0.690945,0.192497,0.0799476,0.0179908,-0.0151361,0.0191965,0.996281,0.00872244,-0.0146765,0.0844603
106153719000,0.691126,0.192341,0.0801387,0.0182049,-0.015899,0.0190237,0.996277,0.00857546,-0.0145854,0.0845282
106163719000,0.691308,0.192179,0.0803288,0.0181042,-0.0166696,0.0189937,0.996275,0.00843249,-0.0144934,0.0845927
106173719000,0.691491,0.192007,0.0805174,0.0185042,-0.0175584,0.0187275,0.996272,0.00829077,-0.0143989,0.0846578
106183719000,0.691676,0.191828,0.0807035,0.0185175,-0.018322,0.0184927,0.996269,0.00814381,-0.014305,0.0847229
106193719000,0.691861,0.191642,0.0808872,0.0185818,-0.0188332,0.0182402,0.996266,0.00799647,-0.0142152,0.0847838
106203719000,0.692122,0.192649,0.0795432,0.0184357,-0.0156905,0.0122199,0.996263,0.0078447,-0.0141136,0.0848457
106213719000,0.692332,0.193226,0.0787672,0.0182068,-0.013992,0.00854456,0.996261,0.00769251,-0.0140078,0.084904
106223719000,0.692515,0.193084,0.0788504,0.018312,-0.0145033,0.00808696,0.996259,0.00754225,-0.0139019,0.0849545
106233719000,0.692699,0.192936,0.0789296,0.0184831,-0.015183,0.00775936,0.996258,0.00739325,-0.0137998,0.0850025
106243719000,0.692885,0.192781,0.079005,0.0187076,-0.0157126,0.00731259,0.996256,0.00725094,-0.0136978,0.0850479
106253719000,0.693072,0.192622,0.0790761,0.0187177,-0.016048,0.00691273,0.996256,0.00710301,-0.0135977,0.0850844
106263719000,0.69326,0.192459,0.0791436,0.01893,-0.0165428,0.00658524,0.996256,0.00695319,-0.0134925,0.0851141
106273719000,0.69345,0.192291,0.0792081,0.0190584,-0.0171116,0.00631586,0.996256,0.00680924,-0.0133868,0.0851406
106283719000,0.693641,0.192118,0.0792695,0.0191853,-0.0174282,0.00597063,0.996256,0.00667189,-0.0132825,0.0851671
106293719000,0.693834,0.191941,0.079328,0.0193354,-0.0179591,0.00573414,0.996257,0.00653277,-0.0131672,0.0851858
106303719000,0.693981,0.192263,0.0788774,0.0191244,-0.0164762,0.00362354,0.996258,0.00639826,-0.0130551,0.0852001
106313719000,0.694174,0.192096,0.0789118,0.0194315,-0.0168851,0.00325561,0.996259,0.0062691,-0.0129418,0.085212
106323719000,0.694369,0.191924,0.0789438,0.0195792,-0.0174133,0.00315184,0.99626,0.00613852,-0.012834,0.0852231
106333719000,0.694566,0.191748,0.0789742,0.0199195,-0.0178808,0.00291912,0.996262,0.00601561,-0.0127251,0.0852238
106343719000,0.694766,0.191567,0.0790014,0.0201164,-0.0183319,0.00252346,0.996265,0.00589709,-0.0126183,0.0852212
106353719000,0.694968,0.191382,0.0790247,0.020163,-0.0186401,0.00213924,0.996267,0.00578208,-0.0125137,0.085219
106363719000,0.695169,0.191193,0.0790444,0.0201744,-0.0190995,0.00179903,0.996269,0.00566699,-0.0124094,0.0852153
106373719000,0.695373,0.191001,0.0790615,0.0205315,-0.019283,0.00162729,0.996272,0.00555762,-0.0123043,0.0852086
106383719000,0.695578,0.190807,0.0790766,0.0203959,-0.0195435,0.00139072,0.996275,0.00544827,-0.012199,0.0851967
106393719000,0.695783,0.19061,0.0790894,0.020662,-0.0199108,0.00117585,0.996277,0.00534183,-0.0120904,0.0851872
106403719000,0.69599,0.190409,0.0790997,0.0207224,-0.0201877,0.000874937,0.99628,0.00524432,-0.0119789,0.085177
106413719000,0.696198,0.190206,0.0791074,0.0208445,-0.020438,0.000659735,0.996282,0.00516496,-0.0118675,0.0851702
106423719000,0.69614,0.1903,0.0791937,0.0198679,-0.0194767,0.000860026,0.996285,0.00508623,-0.0117573,0.0851617
106433719000,0.696338,0.190104,0.0792018,0.019837,-0.0197364,0.000761766,0.996288,0.00500821,-0.0116362,0.0851479
106443719000,0.696381,0.190124,0.0792697,0.0193114,-0.0190227,0.00087337,0.99629,0.00493234,-0.0115163,0.0851432
106453719000,0.696575,0.189932,0.0792782,0.0194357,-0.0192974,0.000826921,0.996292,0.00485511,-0.0113878,0.0851449
106463719000,0.696769,0.189738,0.079287,0.0193206,-0.0195604,0.000934962,0.996293,0.00478107,-0.0112607,0.0851553
106473719000,0.696962,0.18954,0.0792973,0.019324,-0.0199821,0.00113228,0.996293,0.00471015,-0.011126,0.0851709
106483719000,0.697155,0.189338,0.0793099,0.0192465,-0.0203861,0.00137845,0.996293,0.00464829,-0.0109831,0.0851935
106493719000,0.697346,0.189133,0.0793251,0.0190612,-0.020613,0.00167192,0.996292,0.00457669,-0.0108295,0.0852297
106503719000,0.697536,0.188926,0.0793433,0.018858,-0.0208327,0.00195599,0.99629,0.00450516,-0.0106599,0.085277
106513719000,0.697722,0.188716,0.0793647,0.0184014,-0.021107,0.00232563,0.996287,0.00444255,-0.0104867,0.085341
106523719000,0.697785,0.188642,0.0795759,0.0176034,-0.0205377,0.0033384,0.996283,0.00437796,-0.0102993,0.0854159
106533719000,0.697959,0.188436,0.0796125,0.0170823,-0.0207217,0.00397047,0.996277,0.00431515,-0.0101003,0.0855063
106543719000,0.698128,0.188229,0.0796557,0.0166095,-0.020721,0.00468143,0.99627,0.00426208,-0.00989551,0.0856122
106553719000,0.698292,0.188022,0.0797062,0.0161811,-0.0206016,0.00540481,0.996262,0.0042164,-0.00967367,0.0857308
106563719000,0.69845,0.187818,0.0797636,0.0155525,-0.0202476,0.00607497,0.996253,0.00416339,-0.00944065,0.0858646
106573719000,0.698603,0.187617,0.0798277,0.0150088,-0.0198938,0.00674958,0.996243,0.00410722,-0.00919608,0.0860109
106583719000,0.69875,0.187421,0.0798987,0.0144457,-0.0193236,0.00746288,0.996232,0.00405629,-0.00893804,0.0861699
106593719000,0.698974,0.187336,0.0758358,0.0139931,-0.0187697,0.00630564,0.99622,0.00401009,-0.00866274,0.086338
106603719000,0.699111,0.187152,0.0759026,0.0132849,-0.018082,0.00705414,0.996208,0.00396063,-0.0083776,0.086505
106613719000,0.69924,0.186976,0.0759763,0.0126424,-0.0170974,0.00769243,0.996196,0.00390164,-0.00807989,0.086672
106623719000,0.699543,0.186734,0.0759112,0.0126835,-0.0166627,0.00745412,0.996185,0.00383295,-0.007763,0.0868381
106633719000,0.699668,0.186572,0.0759875,0.0122619,-0.0157781,0.00781346,0.996174,0.0037611,-0.00742672,0.0869977
106643719000,0.699971,0.186292,0.0759337,0.0123168,-0.0155179,0.00737512,0.996163,0.00368237,-0.00709539,0.0871509
106653719000,0.700093,0.186143,0.0760097,0.0119495,-0.014226,0.00781753,0.996154,0.00360243,-0.00676456,0.0872892
106663719000,0.700212,0.186008,0.0760889,0.0118068,-0.0128572,0.0080138,0.996145,0.00352207,-0.00643456,0.0874184
106673719000,0.70033,0.185886,0.0761698,0.0118522,-0.0114814,0.00817807,0.996137,0.00344175,-0.00611848,0.0875296
106683719000,0.700448,0.185779,0.076252,0.0117762,-0.0100488,0.00826823,0.996131,0.00335572,-0.00581033,0.0876218
106693719000,0.700566,0.185686,0.0763341,0.0117129,-0.00858022,0.00814212,0.996127,0.00326208,-0.00551806,0.0876936
106703719000,0.700683,0.185607,0.0764147,0.0117373,-0.00714493,0.00798657,0.996124,0.00316937,-0.00524013,0.0877437
106713719000,0.700801,0.185542,0.0764941,0.011915,-0.00580494,0.00787627,0.996124,0.00306775,-0.00497708,0.087766
106723719000,0.700921,0.185491,0.0765708,0.0120312,-0.00447848,0.0074646,0.996125,0.00296294,-0.00473857,0.0877722
106733719000,0.701042,0.185452,0.0766427,0.0122578,-0.00316001,0.0069186,0.996127,0.00286498,-0.00452585,0.087762
106743719000,0.701166,0.185427,0.0767092,0.0123789,-0.00196027,0.00638604,0.996131,0.00276125,-0.00433699,0.0877315
106753719000,0.701178,0.184954,0.0763482,0.0113897,-0.00282585,0.00388759,0.996135,0.00265526,-0.00417134,0.0876928
106763719000,0.701293,0.184932,0.0763842,0.0115948,-0.00160988,0.0033105,0.996141,0.00254185,-0.00403751,0.0876382
106773719000,0.70141,0.18492,0.0764142,0.0117153,-0.000686641,0.00268456,0.996147,0.00241832,-0.00393765,0.0875726
106783719000,0.701528,0.184918,0.0764376,0.0120383,0.000288016,0.00200271,0.996155,0.00230648,-0.00387591,0.0874959
106793719000,0.70165,0.184925,0.0764535,0.0122571,0.00118597,0.00117251,0.996163,0.00220192,-0.00385421,0.0874069
106803719000,0.701774,0.184942,0.0764617,0.0124826,0.00206897,0.000470482,0.996173,0.0021045,-0.00386989,0.0872936
106813719000,0.701899,0.184967,0.076462,0.0126987,0.00302265,-0.000403273,0.996184,0.00202675,-0.0039243,0.0871614
106823719000,0.702028,0.185001,0.0764546,0.0129856,0.00382192,-0.00107924,0.996198,0.00196607,-0.00402128,0.0870019
106833719000,0.70216,0.185043,0.0764399,0.0133406,0.00451687,-0.00185591,0.996214,0.00193119,-0.00416201,0.0868188
106843719000,0.702294,0.185093,0.076418,0.0135434,0.00544339,-0.00254085,0.996231,0.00192623,-0.00434861,0.0866054
106853719000,0.701781,0.184975,0.0764517,0.0116463,0.00567442,-0.00290556,0.996251,0.00194306,-0.00457336,0.0863632
106863719000,0.701899,0.185034,0.076419,0.0120116,0.00621083,-0.00363609,0.996274,0.00197204,-0.00484607,0.0860904
106873719000,0.701559,0.184902,0.0764902,0.0106503,0.00622739,-0.00378673,0.996298,0.0020192,-0.00515464,0.0857889
106883719000,0.701667,0.184967,0.0764493,0.0108746,0.00682269,-0.00439588,0.996324,0.00208307,-0.00550485,0.0854607
106893719000,0.701777,0.185037,0.0764023,0.0112439,0.00719914,-0.00500303,0.996353,0.00216743,-0.00588503,0.0850984
106903719000,0.701891,0.18511,0.0763484,0.0115903,0.00736013,-0.00576981,0.996384,0.00226986,-0.00629017,0.0847042
106913719000,0.702007,0.185184,0.0762875,0.0116267,0.00743897,-0.00641837,0.996416,0.00238349,-0.00673164,0.0842805
106923719000,0.702125,0.185259,0.0762205,0.0118203,0.00750632,-0.00697658,0.996451,0.00251534,-0.00720054,0.0838343
106933719000,0.702245,0.185335,0.0761479,0.012234,0.0076538,-0.00754512,0.996486,0.00265593,-0.00769741,0.0833627
106943719000,0.702369,0.18541,0.07607,0.0126562,0.00747414,-0.0080427,0.996523,0.0028062,-0.00821056,0.082862
106953719000,0.702498,0.185484,0.0759877,0.0129911,0.00717092,-0.00840383,0.996561,0.00297068,-0.0087476,0.0823476
106963719000,0.701761,0.185644,0.0767362,0.0107347,0.00812299,-0.00539789,0.996599,0.00314056,-0.00930161,0.0818197
106973719000,0.701869,0.185722,0.0766817,0.010849,0.00761326,-0.00551653,0.996637,0.0033228,-0.00986843,0.0812835
106983719000,0.701978,0.185795,0.0766261,0.0111042,0.00694828,-0.00559009,0.996674,0.00351705,-0.0104398,0.0807429
106993719000,0.702091,0.185862,0.0765692,0.0114096,0.00644745,-0.00579191,0.996711,0.00372769,-0.0110275,0.0801994
107003719000,0.702208,0.185923,0.0765117,0.0119318,0.00566497,-0.00571086,0.996747,0.00395066,-0.011615,0.0796606
107013719000,0.702329,0.185974,0.0764563,0.0124236,0.0045983,-0.00536491,0.996781,0.00418502,-0.0122022,0.0791284
107023719000,0.702455,0.186015,0.0764036,0.0125925,0.00350793,-0.0051849,0.996814,0.00442788,-0.0127861,0.0786039
107033719000,0.702582,0.186044,0.0763538,0.0128951,0.00231937,-0.00478203,0.996846,0.00468598,-0.0133677,0.0780893
107043719000,0.702713,0.186061,0.0763076,0.0132619,0.00118008,-0.00445403,0.996875,0.00495742,-0.0139319,0.0775944
107053719000,0.702847,0.186067,0.0762658,0.0135755,-6.15801e-05,-0.00389861,0.996904,0.00523524,-0.0144819,0.0771112
107063719000,0.701846,0.186729,0.0773656,0.0111299,0.00237456,0.00103421,0.99693,0.00552527,-0.0150141,0.076649
107073719000,0.701219,0.187236,0.0780489,0.00954848,0.00386083,0.00429812,0.996954,0.00582407,-0.0155289,0.0762144
107083719000,0.701317,0.187267,0.0780972,0.0100743,0.00244866,0.00536555,0.996975,0.00613163,-0.016016,0.0758017
107093719000,0.701419,0.187284,0.0781567,0.0105247,0.00094976,0.00653795,0.996995,0.00645654,-0.0164618,0.0754228
107103719000,0.701527,0.187286,0.0782294,0.0110947,-0.000519851,0.0079928,0.997012,0.00679085,-0.016869,0.0750771
107113719000,0.701642,0.187274,0.0783163,0.0118563,-0.00188246,0.00939789,0.997027,0.00714057,-0.017228,0.0747643
107123719000,0.701764,0.187248,0.0784184,0.0125912,-0.00338296,0.0110103,0.997039,0.00750348,-0.0175392,0.0744883
107133719000,0.701894,0.187206,0.0785369,0.0132207,-0.00507962,0.0126912,0.99705,0.00787846,-0.017782,0.0742499
107143719000,0.702029,0.187144,0.0786729,0.0138121,-0.00722149,0.0145211,0.997058,0.00826549,-0.0179699,0.0740572
107153719000,0.702169,0.187061,0.0788267,0.0142129,-0.00935014,0.0162247,0.997063,0.00866291,-0.0180908,0.0739171
107163719000,0.701598,0.187873,0.0788184,0.0122729,-0.00763295,0.0172624,0.997064,0.00907349,-0.0181537,0.0738363
107173719000,0.701724,0.187784,0.0790007,0.012856,-0.0101379,0.0192038,0.997061,0.00948212,-0.0181574,0.0738215
107183719000,0.701856,0.18767,0.0792014,0.0134234,-0.0126508,0.0209396,0.997054,0.00990133,-0.018097,0.0738767
107193719000,0.701994,0.187531,0.0794209,0.014181,-0.0151644,0.0229512,0.997043,0.0103239,-0.0179593,0.074001
107203719000,0.702137,0.187366,0.0796599,0.0145797,-0.0177968,0.0248498,0.997027,0.0107551,-0.0177583,0.0741967
107213719000,0.702286,0.187175,0.0799191,0.0151095,-0.0205693,0.0269923,0.997007,0.0111928,-0.0174821,0.0744713
107223719000,0.70244,0.186954,0.0801999,0.0158437,-0.0234479,0.0291683,0.996982,0.011637,-0.0171267,0.0748224
107233719000,0.702601,0.186706,0.080502,0.0161873,-0.0261927,0.0312501,0.996952,0.0120965,-0.0166972,0.0752424
107243719000,0.702765,0.186431,0.0808244,0.0166646,-0.0288145,0.0332381,0.996918,0.0125542,-0.0161968,0.0757329
107253719000,0.702934,0.186131,0.0811655,0.0171955,-0.0312368,0.0349795,0.996878,0.0130158,-0.0156216,0.0762912
107263719000,0.703109,0.185807,0.0815243,0.0178358,-0.0335442,0.0367827,0.996834,0.0134749,-0.0149794,0.0769152
107273719000,0.70329,0.185463,0.0818992,0.0183932,-0.035384,0.0381979,0.996785,0.0139325,-0.0142801,0.0776015
107283719000,0.7036,0.187432,0.0795195,0.0183103,-0.0298812,0.0293213,0.996731,0.0144,-0.0135276,0.0783357
107293719000,0.703786,0.187126,0.0798196,0.0186531,-0.0313021,0.0306977,0.996674,0.0148539,-0.0127308,0.0791049
107303719000,0.704014,0.188463,0.0782438,0.0184766,-0.027083,0.0249177,0.996614,0.0153077,-0.011904,0.0799008
107313719000,0.704201,0.188187,0.0784982,0.0188097,-0.0279445,0.0259427,0.996551,0.0157525,-0.0110417,0.0807212
107323719000,0.704391,0.187905,0.0787621,0.0190307,-0.0284804,0.0268507,0.996486,0.0161923,-0.0101514,0.0815516
107333719000,0.704582,0.187618,0.0790344,0.0192973,-0.0289235,0.0276121,0.996419,0.0166313,-0.00924063,0.0823855
107343719000,0.704777,0.187328,0.079314,0.0196038,-0.0289991,0.0283001,0.996351,0.0170641,-0.00831254,0.083216
107353719000,0.704974,0.18704,0.0795989,0.0197803,-0.0287751,0.0286864,0.996282,0.017504,-0.00737093,0.084031
107363719000,0.705173,0.186754,0.0798867,0.0201038,-0.0282514,0.0288637,0.996213,0.0179466,-0.0064376,0.0848281
107373719000,0.705374,0.186476,0.080176,0.0201661,-0.02751,0.0289916,0.996144,0.0183932,-0.00550596,0.0856012
107383719000,0.706591,0.186625,0.0772999,0.0222727,-0.0274251,0.016902,0.996077,0.0188518,-0.00459468,0.0863351
107393719000,0.706816,0.186358,0.0774669,0.0224851,-0.0259927,0.0165009,0.996012,0.0193089,-0.00371876,0.0870222
107403719000,0.707042,0.186107,0.0776272,0.022789,-0.024263,0.0155527,0.99595,0.019778,-0.00287832,0.0876574
107413719000,0.707271,0.185872,0.0777789,0.0229496,-0.0226534,0.0147856,0.995891,0.0202562,-0.00207739,0.0882408
107423719000,0.707501,0.185653,0.0779216,0.0229659,-0.0211722,0.0137494,0.995836,0.0207319,-0.00132622,0.0887656
107433719000,0.70773,0.18545,0.0780533,0.0230094,-0.0194773,0.0125957,0.995785,0.021216,-0.000627381,0.0892246
107443719000,0.707961,0.185263,0.0781716,0.0231481,-0.0178233,0.0110714,0.995739,0.0217108,6.87088e-06,0.08962
107453719000,0.708192,0.185093,0.078275,0.02315,-0.0162043,0.00960568,0.995698,0.0222162,0.000587652,0.0899501
107463719000,0.708423,0.18494,0.0783626,0.022992,-0.0144728,0.00791935,0.995662,0.0227206,0.00109831,0.0902214
107473719000,0.708652,0.184802,0.078433,0.0227621,-0.0130355,0.00614348,0.995631,0.0232219,0.00153651,0.0904282
107483719000,0.70888,0.18468,0.0784857,0.0228273,-0.0113791,0.00440677,0.995605,0.023729,0.00189182,0.0905741
107493719000,0.709106,0.184574,0.0785206,0.0224878,-0.00983257,0.00257257,0.995585,0.0242338,0.0021634,0.0906577
107503719000,0.710364,0.183737,0.076169,0.0240282,-0.0129047,-0.00753365,0.99557,0.0247347,0.00236845,0.0906765
107513719000,0.711247,0.183044,0.0747494,0.0247387,-0.0150296,-0.0135319,0.995561,0.0252242,0.0024945,0.0906375
107523719000,0.711494,0.182903,0.0746081,0.0245147,-0.0130128,-0.0147223,0.995557,0.0257138,0.0025502,0.0905465
107533719000,0.711736,0.182782,0.0744533,0.0240541,-0.0112038,-0.0162423,0.995558,0.0262101,0.00254725,0.0903913
107543719000,0.711975,0.182677,0.074287,0.0237401,-0.00972631,-0.0170167,0.995565,0.0266914,0.00247962,0.0901812
107553719000,0.712212,0.182587,0.0741135,0.023503,-0.00824968,-0.0176845,0.995576,0.0271764,0.00234711,0.089918
107563719000,0.712445,0.18251,0.073934,0.0231649,-0.00725236,-0.0182094,0.995591,0.0276658,0.00216824,0.0896057
107573719000,0.712674,0.182443,0.0737483,0.0226931,-0.00616818,-0.0189332,0.995609,0.0281535,0.001944,0.0892518
107583719000,0.712898,0.182387,0.0735557,0.0220876,-0.00500567,-0.0195777,0.995631,0.0286377,0.0016841,0.0888601
107593719000,0.713067,0.182277,0.0760294,0.0216095,-0.0040958,-0.0192076,0.995655,0.0291214,0.00139005,0.088435
107603719000,0.713115,0.181601,0.0759846,0.020151,-0.0055527,-0.0189326,0.995682,0.0296075,0.00106632,0.0879787
107613719000,0.713315,0.181549,0.0757936,0.0198152,-0.00483479,-0.0192758,0.995709,0.0300932,0.000705996,0.0875083
107623719000,0.71351,0.181503,0.075599,0.0191606,-0.00421784,-0.0196295,0.995737,0.0305766,0.000324174,0.0870217
107633719000,0.713698,0.181464,0.0754014,0.0185558,-0.00368972,-0.0198874,0.995766,0.0310536,-7.39192e-05,0.0865254
107643719000,0.71388,0.181428,0.0752026,0.0178336,-0.00354829,-0.019882,0.995794,0.0315277,-0.000480073,0.0860226
107653719000,0.714055,0.181392,0.0750028,0.017182,-0.00349955,-0.0200768,0.995822,0.0319982,-0.000896177,0.0855234
107663719000,0.714223,0.181357,0.0748031,0.0164003,-0.00358799,-0.0198716,0.995849,0.0324713,-0.00130826,0.085027
107673719000,0.714384,0.181321,0.0746057,0.0156556,-0.00372484,-0.0196022,0.995874,0.0329365,-0.00172054,0.0845422
107683719000,0.714536,0.181282,0.0744115,0.0147842,-0.00397066,-0.0192374,0.995897,0.033394,-0.00210992,0.0840858
107693719000,0.714046,0.181482,0.0750698,0.0124177,-0.00232059,-0.0146111,0.995917,0.0338342,-0.00247843,0.0836617
107703719000,0.714164,0.181457,0.0749268,0.011293,-0.0026778,-0.0139955,0.995934,0.0342572,-0.00281285,0.083275
107713719000,0.713984,0.181635,0.0753083,0.00966387,-0.00172084,-0.0110676,0.995948,0.0346614,-0.0031115,0.0829226
107723719000,0.714076,0.181615,0.0752009,0.00871984,-0.00234293,-0.0104009,0.99596,0.0350357,-0.00337397,0.0826087
107733719000,0.714158,0.181589,0.0751005,0.00783403,-0.00281627,-0.00969478,0.995969,0.0353921,-0.00359018,0.0823428
107743719000,0.714232,0.181559,0.0750071,0.00684086,-0.00311911,-0.00897453,0.995974,0.0357248,-0.00376331,0.0821261
107753719000,0.714295,0.181526,0.0749209,0.00581642,-0.00344161,-0.00826931,0.995977,0.0360405,-0.00388937,0.0819494
107763719000,0.714348,0.181489,0.0748416,0.00484929,-0.00396894,-0.00758903,0.995977,0.0363154,-0.00396638,0.0818193
107773719000,0.714392,0.181447,0.0747684,0.00389028,-0.00440153,-0.00704795,0.995975,0.0365619,-0.00398845,0.0817326
107783719000,0.714426,0.181401,0.0747005,0.00294727,-0.00481187,-0.00653076,0.995971,0.0367828,-0.003962,0.0816901
107793719000,0.714451,0.181351,0.0746383,0.00203529,-0.00526108,-0.00591544,0.995964,0.0369774,-0.00389319,0.0816856
107803719000,0.714467,0.181297,0.0745818,0.00110984,-0.00560895,-0.00538787,0.995955,0.0371501,-0.00377879,0.0817211
107813719000,0.714475,0.181238,0.0745295,0.000438355,-0.00605353,-0.00507573,0.995944,0.0372988,-0.00361087,0.0818013
107823719000,0.714476,0.181175,0.0744803,-8.1356e-05,-0.00662869,-0.00475245,0.99593,0.03742,-0.00340298,0.0819242
107833719000,0.714423,0.182079,0.0746071,-0.00060358,-0.00288037,-0.00405546,0.995914,0.0375192,-0.00315985,0.0820856
107843719000,0.714415,0.182048,0.074567,-0.00106009,-0.0033489,-0.00396313,0.995896,0.0375898,-0.0028874,0.0822813
107853719000,0.714401,0.182012,0.0745269,-0.00176658,-0.00385952,-0.00406671,0.995876,0.0376377,-0.00258109,0.0825081
107863719000,0.714382,0.18197,0.0744861,-0.00218014,-0.00450636,-0.00408647,0.995855,0.0376608,-0.00225332,0.0827646
107873719000,0.714357,0.181922,0.0744442,-0.00265374,-0.00511367,-0.00430525,0.995832,0.0376617,-0.00189858,0.0830501
107883719000,0.714329,0.181869,0.074399,-0.00293511,-0.00548903,-0.00472671,0.995808,0.0376397,-0.00152721,0.0833551
107893719000,0.7143,0.181811,0.0743499,-0.00303475,-0.00597644,-0.00509774,0.995782,0.0375958,-0.00113726,0.0836822
107903719000,0.714268,0.18175,0.074295,-0.0032111,-0.00632025,-0.00588446,0.995756,0.0375311,-0.000741022,0.0840271
107913719000,0.714236,0.181685,0.074233,-0.00323945,-0.00670288,-0.00650731,0.995729,0.0374493,-0.000338161,0.084392
107923719000,0.714038,0.182857,0.0741143,-0.00344097,-0.0021354,-0.00734585,0.995701,0.0373464,6.80903e-05,0.0847629
107933719000,0.714005,0.182832,0.0740373,-0.00313243,-0.00284084,-0.00805246,0.995672,0.0372278,0.00047917,0.0851505
107943719000,0.713828,0.183624,0.0739933,-0.00299097,7.49922e-05,-0.00854836,0.995643,0.037103,0.000887592,0.0855423
107953719000,0.713801,0.183626,0.0739042,-0.00250522,0.000148186,-0.00927323,0.995614,0.0369574,0.00128963,0.0859401
107963719000,0.713778,0.183627,0.073807,-0.00218518,0.000100634,-0.01017,0.995585,0.0368066,0.00168347,0.0863332
107973719000,0.713759,0.183628,0.0737002,-0.00160538,0.00012081,-0.0111919,0.995557,0.0366491,0.00206038,0.0867161
107983719000,0.713747,0.183631,0.0735819,-0.000753713,0.00043355,-0.0124631,0.99553,0.0364792,0.00241938,0.0870834
107993719000,0.713743,0.183637,0.0734499,-4.36225e-05,0.000835567,-0.0139351,0.995506,0.0362891,0.00275365,0.0874263
108003719000,0.713746,0.183648,0.073304,0.000675417,0.00136943,-0.0152553,0.995485,0.0360847,0.00306557,0.0877396
108013719000,0.713756,0.183665,0.0731433,0.00130893,0.00200266,-0.0168733,0.995467,0.0358683,0.00334232,0.0880219
108023719000,0.713773,0.183688,0.0729668,0.0020116,0.00255671,-0.0184368,0.995453,0.0356386,0.00358297,0.0882679
108033719000,0.713795,0.183716,0.0727748,0.00243811,0.00311921,-0.0199545,0.995442,0.0353923,0.00379179,0.0884806
108043719000,0.713823,0.183749,0.0725676,0.00312139,0.0034928,-0.0214914,0.995435,0.0351288,0.0039573,0.0886573
108053719000,0.712878,0.184131,0.0734656,0.000925489,0.00647392,-0.018676,0.995431,0.0348601,0.00408326,0.0887956
108063719000,0.71289,0.184198,0.0732711,0.00146982,0.00689055,-0.0202264,0.995432,0.0345787,0.00416412,0.0888969
108073719000,0.712908,0.184267,0.0730612,0.0021378,0.0069352,-0.021758,0.995436,0.0342938,0.00419059,0.0889531
108083719000,0.712932,0.184338,0.0728354,0.00261049,0.00716888,-0.0234048,0.995445,0.0340012,0.0041724,0.088972
108093719000,0.712961,0.184411,0.0725939,0.00318437,0.00746815,-0.0248889,0.995456,0.0337086,0.00411723,0.0889577
108103719000,0.712995,0.184486,0.0723377,0.00366499,0.00760481,-0.0263577,0.995472,0.0334137,0.00401356,0.0888959
108113719000,0.713033,0.184565,0.0720659,0.00393084,0.00803852,-0.0280048,0.995491,0.0331225,0.00387188,0.0887971
108123719000,0.713075,0.184646,0.0717781,0.00451299,0.00816646,-0.0295446,0.995514,0.0328339,0.00368301,0.0886632
108133719000,0.713122,0.184726,0.0714767,0.00496041,0.00798461,-0.0307399,0.995539,0.0325427,0.00344148,0.0884929
108143719000,0.713175,0.184804,0.0711633,0.00549298,0.0076392,-0.0319501,0.995568,0.0322555,0.0031554,0.0882862
108153719000,0.713233,0.184878,0.0708391,0.00613123,0.00706622,-0.032886,0.995599,0.0319775,0.00281896,0.088042
108163719000,0.711853,0.18503,0.0735222,0.00333856,0.0095801,-0.0227555,0.995633,0.0317109,0.00244249,0.0877724
108173719000,0.710986,0.185183,0.075157,0.00171909,0.0110423,-0.016558,0.995668,0.0314464,0.00202669,0.0874747
108183719000,0.711006,0.185292,0.0749889,0.00224295,0.0106409,-0.0170664,0.995706,0.0311937,0.00158137,0.0871445
108193719000,0.71103,0.185396,0.0748155,0.00268985,0.0102285,-0.0176167,0.995746,0.030952,0.00110551,0.0867822
108203719000,0.711059,0.185494,0.0746371,0.00321893,0.00941018,-0.0180639,0.995787,0.030724,0.0006079,0.0863958
108213719000,0.711094,0.185584,0.0744557,0.00359951,0.0085925,-0.0182133,0.995829,0.0305108,8.34136e-05,0.0859847
108223719000,0.711132,0.185666,0.0742743,0.00399505,0.00786118,-0.0180752,0.995872,0.0303132,-0.000460801,0.0855513
108233719000,0.711174,0.18574,0.0740945,0.00440508,0.00695632,-0.0178718,0.995916,0.0301316,-0.0010174,0.0851019
108243719000,0.711219,0.185806,0.0739169,0.00461366,0.00609527,-0.0176486,0.995959,0.0299663,-0.00157875,0.0846471
108253719000,0.711266,0.185862,0.0737418,0.00483163,0.00512707,-0.0173697,0.996002,0.0298181,-0.00214691,0.0841838
108263719000,0.709985,0.186133,0.0763557,0.00189705,0.00744192,-0.00668927,0.996044,0.0296832,-0.0026993,0.0837133
108273719000,0.710004,0.186203,0.0762905,0.00210121,0.00642388,-0.00635252,0.996086,0.0295525,-0.00325053,0.0832411
108283719000,0.710025,0.186262,0.0762279,0.00217074,0.00536426,-0.00616167,0.996127,0.029427,-0.00379346,0.0827715
108293719000,0.710048,0.18631,0.0761675,0.00247787,0.00423854,-0.00592395,0.996167,0.0293102,-0.00433521,0.0823063
108303719000,0.710076,0.186346,0.0761098,0.00300366,0.00313306,-0.0056202,0.996205,0.0292046,-0.00486819,0.0818446
108313719000,0.710107,0.186371,0.0760555,0.00328415,0.00177625,-0.00523519,0.996243,0.0291003,-0.00539131,0.0813929
108323719000,0.710142,0.186381,0.076005,0.00366323,0.000287486,-0.00485726,0.996278,0.0290047,-0.00589575,0.0809572
108333719000,0.71018,0.186377,0.0759588,0.00390612,-0.00108965,-0.00438442,0.996312,0.0289115,-0.00638654,0.0805346
108343719000,0.71022,0.186359,0.0759174,0.00412051,-0.00261479,-0.00389636,0.996344,0.0288245,-0.0068607,0.0801289
108353719000,0.710263,0.186327,0.0758809,0.00433112,-0.00382391,-0.00340743,0.996374,0.028749,-0.00731698,0.0797437
108363719000,0.709055,0.186773,0.0782025,0.00151424,-0.00110995,0.00568346,0.996402,0.0286781,-0.00775562,0.0793803
108373719000,0.709069,0.186757,0.0782621,0.00146113,-0.00206927,0.00623406,0.996428,0.0286014,-0.00817129,0.0790359
108383719000,0.708287,0.187175,0.079755,-0.000441191,0.000119746,0.0121016,0.996452,0.0285363,-0.00856321,0.0787148
108393719000,0.708282,0.187173,0.0798785,-0.000619867,-0.00055234,0.0126083,0.996475,0.0284705,-0.00893713,0.0784034
108403719000,0.708275,0.187164,0.0800074,-0.000767792,-0.00118446,0.013173,0.996498,0.0284127,-0.00927834,0.0780972
108413719000,0.708268,0.18715,0.0801421,-0.000572002,-0.00157905,0.013765,0.996519,0.028359,-0.00959582,0.0778037
108423719000,0.708261,0.187133,0.080282,-0.000805559,-0.00184042,0.0142135,0.99654,0.028311,-0.00989767,0.0775175
108433719000,0.708252,0.187113,0.0804267,-0.00107578,-0.00222302,0.0147212,0.99656,0.0282685,-0.0101843,0.0772346
108443719000,0.70824,0.187089,0.0805759,-0.00129831,-0.00244545,0.0151262,0.99658,0.0282245,-0.0104543,0.0769544
108453719000,0.708225,0.187063,0.0807298,-0.0016317,-0.00293813,0.0156469,0.9966,0.0281822,-0.0106979,0.0766821
108463719000,0.708209,0.187031,0.0808889,-0.00160153,-0.00333708,0.0161692,0.996619,0.0281354,-0.0109209,0.0764198
108473719000,0.708192,0.186995,0.0810523,-0.00174306,-0.00387645,0.0165153,0.996637,0.028096,-0.0111216,0.076171
108483719000,0.708026,0.187,0.0818299,-0.00199634,-0.00351108,0.0191195,0.996654,0.0280543,-0.0112971,0.0759398
108493719000,0.708005,0.186961,0.0820228,-0.00210601,-0.00429133,0.0194585,0.99667,0.0280075,-0.0114547,0.075718
108503719000,0.707983,0.186915,0.0822201,-0.00223173,-0.00480387,0.0199918,0.996686,0.0279621,-0.0115853,0.0755107
108513719000,0.70796,0.186865,0.0824222,-0.00235238,-0.00522046,0.0204382,0.9967,0.0279144,-0.0117031,0.0753232
108523719000,0.707935,0.186811,0.0826284,-0.00271413,-0.00563646,0.0207986,0.996713,0.0278663,-0.0117931,0.0751568
108533719000,0.707907,0.186753,0.0828378,-0.00287382,-0.00604577,0.0210768,0.996725,0.0278168,-0.011868,0.0750038
108543719000,0.707877,0.18669,0.0830508,-0.00322573,-0.00640249,0.0215159,0.996735,0.0277592,-0.0119259,0.0748774
108553719000,0.707843,0.186625,0.0832687,-0.00339246,-0.00667804,0.0220779,0.996745,0.0277023,-0.0119694,0.0747637
108563719000,0.707808,0.186557,0.0834931,-0.00361373,-0.00686854,0.0227936,0.996753,0.0276466,-0.0119904,0.074672
108573719000,0.707772,0.186488,0.0837237,-0.00365683,-0.00694703,0.0233376,0.99676,0.0275931,-0.0119876,0.0745929
108583719000,0.708007,0.186597,0.083778,-0.00290938,-0.00657389,0.0233914,0.996766,0.0275394,-0.0119663,0.0745324
108593719000,0.707977,0.186532,0.0840154,-0.0030825,-0.00637556,0.0240999,0.996772,0.0274918,-0.0119221,0.0744891
108603719000,0.70815,0.186596,0.0840602,-0.00264148,-0.00606733,0.0240889,0.996775,0.0274494,-0.0118703,0.0744647
108613719000,0.708122,0.186537,0.0843057,-0.00298054,-0.00575421,0.0250257,0.996778,0.0274153,-0.0117955,0.0744554
108623719000,0.708091,0.186481,0.0845602,-0.00325161,-0.00541269,0.0258631,0.996779,0.0273875,-0.0117022,0.0744662
108633719000,0.708057,0.186429,0.0848234,-0.00341975,-0.00503203,0.0267843,0.996779,0.0273645,-0.011599,0.0744876
108643719000,0.708022,0.186381,0.085095,-0.00370497,-0.00447353,0.0275357,0.996779,0.0273387,-0.0114783,0.0745166
108653719000,0.707984,0.18634,0.0853738,-0.00377677,-0.00376251,0.0282269,0.996778,0.0273243,-0.0113483,0.0745573
108663719000,0.707946,0.186306,0.0856599,-0.00391067,-0.0030617,0.0289966,0.996777,0.027307,-0.0112059,0.0746014
108673719000,0.707906,0.186279,0.0859549,-0.00401358,-0.00226861,0.0299925,0.996775,0.0272951,-0.0110549,0.074646
108683719000,0.708234,0.186222,0.0853774,-0.0034734,-0.00234548,0.0276236,0.996773,0.0272886,-0.0108863,0.0746959
108693719000,0.708198,0.186202,0.085658,-0.00367309,-0.00155955,0.0284845,0.996771,0.0272822,-0.0107039,0.0747544
108703719000,0.70826,0.186315,0.0793583,-0.00360836,-0.000998076,0.0269834,0.996768,0.0272816,-0.0105127,0.0748188
108713719000,0.708223,0.186309,0.0796332,-0.00392087,-0.000300485,0.0279947,0.996765,0.0272757,-0.0103211,0.0748871
108723719000,0.708183,0.186308,0.0799192,-0.00406386,0.000171063,0.0292144,0.996762,0.0272654,-0.0101215,0.0749635
108733719000,0.708141,0.186312,0.0802164,-0.00431492,0.00069192,0.0302247,0.996758,0.0272599,-0.00991736,0.0750514
108743719000,0.708098,0.186321,0.080524,-0.00416482,0.00108099,0.0312984,0.996752,0.0272623,-0.00970612,0.0751484
108753719000,0.708057,0.186332,0.080842,-0.00418516,0.00107645,0.0322937,0.996746,0.0272672,-0.00948869,0.0752549
108763719000,0.708015,0.186345,0.0811699,-0.00414276,0.0015719,0.033293,0.996739,0.0272702,-0.00926822,0.0753724
108773719000,0.707975,0.186363,0.0815082,-0.00393298,0.00194788,0.0343686,0.996732,0.0272693,-0.00904284,0.0754981
108783719000,0.707935,0.186385,0.081858,-0.00394434,0.00238812,0.035578,0.996724,0.0272702,-0.00882197,0.0756301
108793719000,0.707897,0.18641,0.0822193,-0.0037665,0.0026359,0.0366775,0.996715,0.0272654,-0.00859805,0.0757754
108803719000,0.708317,0.186714,0.0811008,-0.00306538,0.00253628,0.0305845,0.996706,0.0272547,-0.00838181,0.0759268
108813719000,0.708288,0.18674,0.0814114,-0.00295063,0.0026278,0.0315254,0.996695,0.0272413,-0.00816658,0.0760902
108823719000,0.70855,0.186939,0.0806724,-0.00249307,0.00232718,0.027549,0.996684,0.0272206,-0.00794988,0.0762652
108833719000,0.708527,0.186963,0.0809539,-0.00207784,0.00250018,0.0287493,0.996673,0.0271926,-0.00774103,0.076449
108843719000,0.708509,0.186989,0.0812469,-0.00153207,0.00268056,0.0298435,0.99666,0.0271559,-0.00753979,0.0766409
108853719000,0.708496,0.187017,0.0815512,-0.00104046,0.00288177,0.0310244,0.996648,0.0271113,-0.00733317,0.0768406
108863719000,0.708488,0.187047,0.0818681,-0.000561109,0.00304574,0.0323515,0.996634,0.0270583,-0.00712989,0.0770512
108873719000,0.708485,0.187078,0.0821975,-0.000131206,0.00321195,0.0335397,0.99662,0.0269943,-0.00693178,0.0772712
108883719000,0.708485,0.18711,0.0825392,0.000256284,0.00324139,0.0347886,0.996606,0.026927,-0.00674044,0.077499
108893719000,0.708491,0.187143,0.082893,0.000800205,0.00331554,0.0359678,0.996591,0.0268526,-0.00655284,0.0777368
108903719000,0.708502,0.187176,0.0832592,0.00140915,0.003231,0.0372789,0.996575,0.026771,-0.00636644,0.0779787
108913719000,0.70852,0.187207,0.0836378,0.00218794,0.00303145,0.0384402,0.996559,0.0266835,-0.00617663,0.0782284
108923719000,0.708598,0.188004,0.0818084,0.00166802,0.00378666,0.0302133,0.996543,0.0265972,-0.00600115,0.0784828
108933719000,0.708618,0.188041,0.0821177,0.00239868,0.00351357,0.0316457,0.996525,0.0265044,-0.00582899,0.0787466
108943719000,0.708645,0.188075,0.082441,0.00304959,0.003347,0.0330054,0.996507,0.0264051,-0.00565033,0.0790176
108953719000,0.708678,0.188107,0.0827773,0.00357027,0.00293432,0.0342463,0.996489,0.0263113,-0.00548497,0.0792916
108963719000,0.708718,0.188133,0.0831263,0.00434663,0.00242098,0.0355676,0.99647,0.026223,-0.00532453,0.0795691
108973719000,0.708766,0.188155,0.0834882,0.00525501,0.00196044,0.0368012,0.996451,0.0261393,-0.00516488,0.079847
108983719000,0.708823,0.188172,0.0838632,0.00611764,0.00147737,0.0382131,0.996431,0.0260545,-0.00500925,0.0801305
108993719000,0.708888,0.188184,0.084252,0.00684997,0.00090488,0.039532,0.99641,0.0259687,-0.00485108,0.0804257
109003719000,0.70896,0.188189,0.0846534,0.007707,0.000121603,0.0407447,0.996389,0.0258841,-0.00469425,0.0807229
109013719000,0.708971,0.189584,0.0817704,0.00660048,0.00226209,0.0284341,0.996368,0.0258072,-0.00453416,0.0810221
109023719000,0.709042,0.189604,0.0820609,0.00755947,0.00162682,0.0296678,0.996346,0.0257354,-0.00438589,0.0813244
109033719000,0.70898,0.190598,0.08012,0.00685654,0.00299224,0.0216981,0.996323,0.02567,-0.00424642,0.0816297
109043719000,0.709054,0.190624,0.0803425,0.00788773,0.00227084,0.0228146,0.996299,0.0256092,-0.00410102,0.0819438
109053719000,0.709137,0.190643,0.0805775,0.00863272,0.00150867,0.0241814,0.996275,0.0255553,-0.00395669,0.0822584
109063719000,0.709227,0.190654,0.0808248,0.00935453,0.000705973,0.0252646,0.996251,0.0255073,-0.00381223,0.0825762
109073719000,0.709324,0.190656,0.0810825,0.0101984,-0.000220145,0.0262841,0.996226,0.0254686,-0.00366887,0.0828945
109083719000,0.709431,0.19065,0.0813502,0.0111028,-0.000993936,0.02726,0.996201,0.0254353,-0.00352374,0.0832111
109093719000,0.709545,0.190637,0.081628,0.0118202,-0.00175808,0.0282953,0.996176,0.025402,-0.00338237,0.0835305
109103719000,0.709669,0.190615,0.081915,0.0128804,-0.00251518,0.0290966,0.99615,0.0253803,-0.00322775,0.0838465
109113719000,0.709862,0.191846,0.0790516,0.0121474,-0.000877301,0.0171995,0.996125,0.0253548,-0.00307542,0.0841576
109123719000,0.709987,0.191833,0.079227,0.0129212,-0.00188679,0.0178885,0.9961,0.025337,-0.00293337,0.0844682
109133719000,0.71012,0.19181,0.0794087,0.0136529,-0.00271363,0.0184443,0.996075,0.0253223,-0.00278859,0.0847731
109143719000,0.710261,0.191779,0.0795948,0.0144902,-0.00340419,0.0187693,0.996049,0.025319,-0.00263575,0.0850788
109153719000,0.710408,0.191742,0.0797843,0.0150628,-0.00399562,0.019144,0.996024,0.0253213,-0.00248944,0.0853774
109163719000,0.710562,0.191699,0.0799768,0.0156937,-0.00454855,0.0193486,0.995999,0.0253381,-0.00234212,0.0856656
109173719000,0.710722,0.191651,0.0801705,0.0162625,-0.00501371,0.0193987,0.995974,0.0253542,-0.0021879,0.0859514
109183719000,0.710888,0.191599,0.080365,0.0169701,-0.00540539,0.0194981,0.99595,0.025379,-0.00203971,0.0862291
109193719000,0.71106,0.191544,0.0805603,0.0175114,-0.00575956,0.0195543,0.995927,0.0254105,-0.00189839,0.0864914
109203719000,0.711238,0.191484,0.0807561,0.0179371,-0.00616839,0.0196065,0.995904,0.0254435,-0.00175029,0.0867429
109213719000,0.711418,0.19142,0.0809526,0.0181196,-0.00660208,0.0196918,0.995883,0.0254765,-0.00160558,0.0869808
109223719000,0.7116,0.191353,0.0811486,0.0183284,-0.00687743,0.0195175,0.995863,0.0255175,-0.0014622,0.0872023
109233719000,0.711785,0.191282,0.0813437,0.0185621,-0.00723899,0.0195036,0.995843,0.0255653,-0.00131114,0.087414
109243719000,0.712176,0.192539,0.0775371,0.0174465,-0.00548693,0.00433483,0.995824,0.0256184,-0.0011573,0.0876141
109253719000,0.712456,0.193303,0.0751855,0.0164121,-0.00440556,-0.00495174,0.995806,0.0256714,-0.00100054,0.0878053
109263719000,0.71262,0.193255,0.0751349,0.0163275,-0.00508345,-0.00516489,0.995789,0.025724,-0.000838794,0.08799
109273719000,0.712783,0.193201,0.0750815,0.0162525,-0.00581733,-0.00552041,0.995771,0.0257869,-0.000675049,0.0881697
109283719000,0.712945,0.193139,0.075025,0.0161923,-0.00651977,-0.00578459,0.995754,0.0258582,-0.000510765,0.0883409
109293719000,0.713107,0.193069,0.074966,0.0161278,-0.00738628,-0.00601759,0.995737,0.0259451,-0.000348012,0.0885086
109303719000,0.713267,0.192992,0.0749056,0.0159076,-0.00812525,-0.00606322,0.99572,0.02604,-0.000183537,0.0886736
109313719000,0.713426,0.192907,0.0748435,0.0159683,-0.00888359,-0.00634278,0.995703,0.0261485,-1.21954e-05,0.0888405
109323719000,0.713585,0.192815,0.0747788,0.015819,-0.0095011,-0.00661054,0.995684,0.0262704,0.000164738,0.0890071
109333719000,0.713742,0.192717,0.0747108,0.0155199,-0.0100142,-0.0069868,0.995666,0.0263996,0.000344636,0.0891736
109343719000,0.714256,0.193396,0.0726522,0.0157202,-0.00896448,-0.0149364,0.995647,0.0265393,0.000526484,0.0893409
109353719000,0.714412,0.193304,0.0725003,0.0154573,-0.00946604,-0.0154383,0.995628,0.0266939,0.000712537,0.0895079
109363719000,0.714566,0.193207,0.0723427,0.0151813,-0.009789,-0.0160833,0.995609,0.0268466,0.000905641,0.0896758
109373719000,0.714716,0.193108,0.0721797,0.014866,-0.0100285,-0.0165187,0.995589,0.0270135,0.0010983,0.0898419
109383719000,0.714862,0.193008,0.0720115,0.0143429,-0.00999565,-0.0171219,0.99557,0.0271809,0.00128942,0.0900047
109393719000,0.715003,0.192908,0.0718376,0.0138578,-0.0100507,-0.0176542,0.99555,0.0273529,0.00149104,0.0901652
109403719000,0.71514,0.192808,0.0716586,0.0136528,-0.00991566,-0.0181534,0.99553,0.0275255,0.00169068,0.0903262
109413719000,0.715276,0.192709,0.0714745,0.0135233,-0.00990478,-0.0186636,0.995511,0.0276933,0.00188712,0.090485
109423719000,0.71541,0.19261,0.0712851,0.0132442,-0.00991386,-0.0192175,0.995492,0.0278688,0.00209052,0.0906336
109433719000,0.715541,0.192512,0.0710896,0.0129687,-0.00963622,-0.0198787,0.995473,0.0280462,0.00230219,0.0907835
109443719000,0.71567,0.192417,0.0708885,0.0127161,-0.00936337,-0.0203578,0.995454,0.0282244,0.00252124,0.0909331
109453719000,0.715796,0.192325,0.070682,0.0126348,-0.00901299,-0.0209416,0.995435,0.0284043,0.0027497,0.0910771
109463719000,0.716303,0.192426,0.0693124,0.0134385,-0.00871878,-0.025908,0.995416,0.0285885,0.00298487,0.091216
109473719000,0.716656,0.192422,0.068402,0.0140398,-0.00843631,-0.0288195,0.995398,0.0287712,0.00321905,0.0913481
109483719000,0.716797,0.192339,0.0681115,0.0140743,-0.00817345,-0.0292937,0.99538,0.0289565,0.00345017,0.0914786
109493719000,0.716938,0.192257,0.0678165,0.0140828,-0.00803404,-0.0296998,0.995362,0.0291536,0.00368911,0.0916063
109503719000,0.717079,0.192177,0.0675174,0.0142118,-0.00807516,-0.0301221,0.995343,0.0293622,0.00393844,0.0917356
109513719000,0.717222,0.192096,0.0672145,0.0144024,-0.00803828,-0.0304655,0.995323,0.029585,0.00419016,0.0918622
109523719000,0.717367,0.192015,0.0669079,0.0145817,-0.00816471,-0.0308476,0.995303,0.0298103,0.004455,0.0919928
109533719000,0.717513,0.191934,0.0665965,0.0146209,-0.00808736,-0.0314222,0.995283,0.0300516,0.00471631,0.0921242
109543719000,0.71766,0.191853,0.0662785,0.0146346,-0.00813098,-0.0321866,0.995261,0.0303025,0.00497256,0.0922609
109553719000,0.717806,0.191773,0.0659528,0.0147354,-0.0078515,-0.0329521,0.995239,0.0305617,0.00523294,0.0923978
109563719000,0.717775,0.191539,0.0658361,0.0140336,-0.00813203,-0.0332351,0.995217,0.0308262,0.00548583,0.0925395
109573719000,0.717915,0.191458,0.0654981,0.0139841,-0.008051,-0.0343651,0.995194,0.031102,0.00572814,0.0926806
109583719000,0.718055,0.191377,0.0651486,0.0138838,-0.00818008,-0.0355343,0.99517,0.0313825,0.00596628,0.092827
109593719000,0.718193,0.191296,0.0647864,0.013855,-0.00798249,-0.0368921,0.995145,0.0316705,0.00619033,0.0929756
109603719000,0.718332,0.191217,0.0644111,0.013828,-0.0078532,-0.0381727,0.99512,0.0319579,0.00639221,0.0931297
109613719000,0.71847,0.191139,0.0640219,0.0138583,-0.0076821,-0.0396763,0.995096,0.0322485,0.00658033,0.0932817
109623719000,0.71861,0.191065,0.063617,0.0141485,-0.00726961,-0.0413008,0.995071,0.0325413,0.00675331,0.0934332
109633719000,0.718751,0.190994,0.063196,0.0140708,-0.00688053,-0.042894,0.995046,0.0328234,0.00691424,0.0935833
109643719000,0.718891,0.190927,0.0627596,0.0139785,-0.00643422,-0.0443875,0.995021,0.0331063,0.0070629,0.0937387
109653719000,0.719031,0.190863,0.0623082,0.0140613,-0.00643991,-0.0458894,0.994996,0.0333858,0.00719441,0.0938972
109663719000,0.719174,0.190799,0.0618424,0.0143575,-0.00640169,-0.0472711,0.994971,0.033657,0.0073131,0.0940571
109673719000,0.719318,0.190734,0.0613635,0.014451,-0.00664158,-0.0485129,0.994946,0.0339301,0.00740923,0.0942151
109683719000,0.719122,0.190322,0.062767,0.014534,-0.00662697,-0.0430304,0.994921,0.0342025,0.00748712,0.0943729
109693719000,0.719269,0.190254,0.0623303,0.0148865,-0.00684216,-0.0443033,0.994896,0.0344772,0.00755984,0.0945283
109703719000,0.719049,0.189835,0.069968,0.0148409,-0.00696843,-0.0384306,0.994871,0.0347635,0.00761826,0.0946803
109713719000,0.719198,0.189764,0.0695781,0.0149246,-0.00705325,-0.039546,0.994846,0.0350496,0.00766265,0.0948342
109723719000,0.719349,0.189693,0.0691768,0.0151911,-0.00730083,-0.0407176,0.994821,0.0353356,0.00769084,0.0949923
109733719000,0.719502,0.189617,0.0687644,0.0154242,-0.0077909,-0.0417615,0.994796,0.035621,0.00769551,0.0951492
109743719000,0.719658,0.189538,0.0683412,0.0157804,-0.00810599,-0.0428742,0.99477,0.0359134,0.00769353,0.0953067
109753719000,0.719818,0.189454,0.0679075,0.0162091,-0.00857168,-0.0438725,0.994745,0.0362096,0.0076778,0.0954626
109763719000,0.719981,0.189366,0.0674636,0.0164693,-0.00916596,-0.0448963,0.994719,0.0365037,0.00765259,0.095623
109773719000,0.720147,0.189271,0.0670098,0.0167766,-0.00971591,-0.0458748,0.994692,0.0368005,0.00761151,0.0957878
109783719000,0.720316,0.189172,0.0665466,0.0168953,-0.0102254,-0.0467661,0.994666,0.037102,0.00755631,0.095951
109793719000,0.719765,0.188839,0.067811,0.0157985,-0.00979042,-0.0392548,0.994639,0.0374022,0.00749617,0.0961131
109803719000,0.719923,0.188738,0.0674133,0.0158565,-0.0103952,-0.040266,0.994613,0.0376892,0.00742266,0.096276
109813719000,0.720082,0.188631,0.0670064,0.0159515,-0.0110158,-0.0411307,0.994587,0.0379823,0.00732849,0.0964399
109823719000,0.720243,0.188518,0.0665889,0.01607,-0.0115714,-0.0423597,0.994561,0.0382699,0.00722191,0.0966053
109833719000,0.720404,0.188399,0.0661602,0.016206,-0.0122942,-0.0433839,0.994534,0.0385512,0.0071112,0.0967736
109843719000,0.720567,0.188272,0.0657204,0.0163415,-0.0131115,-0.0445736,0.994508,0.0388266,0.00698713,0.0969393
109853719000,0.720732,0.188136,0.0652701,0.0166328,-0.0139444,-0.0454821,0.994482,0.039093,0.0068623,0.097113
109863719000,0.720898,0.187993,0.0648101,0.0166533,-0.0147112,-0.0465282,0.994455,0.0393585,0.00672806,0.0972843
109873719000,0.721065,0.187842,0.0643402,0.0166792,-0.0155242,-0.0474545,0.99443,0.0396206,0.00658126,0.0974511
109883719000,0.72042,0.187496,0.0665582,0.0157896,-0.0145651,-0.0365858,0.994404,0.0398805,0.00642752,0.0976208
109893719000,0.720578,0.187347,0.0661873,0.0158734,-0.0151793,-0.0376042,0.994378,0.0401332,0.00626736,0.0977914
109903719000,0.720177,0.18712,0.0676752,0.0150609,-0.0145702,-0.0304087,0.994352,0.0403828,0.00610784,0.0979593
109913719000,0.720327,0.186969,0.0673663,0.0150783,-0.0155529,-0.0313584,0.994326,0.0406356,0.00594416,0.0981294
109923719000,0.720478,0.186809,0.0670481,0.0150088,-0.0164,-0.0322922,0.9943,0.0408749,0.00578571,0.0983037
109933719000,0.720628,0.186642,0.0667197,0.01503,-0.017062,-0.0333904,0.994274,0.0411144,0.00562438,0.0984737
109943719000,0.720777,0.186467,0.0663809,0.0148698,-0.017887,-0.0343658,0.994247,0.0413541,0.00546714,0.0986516
109953719000,0.720926,0.186284,0.066033,0.0148596,-0.0186678,-0.0352069,0.994221,0.0415816,0.00529171,0.0988322
109963719000,0.721073,0.186094,0.0656762,0.014598,-0.0193615,-0.0361481,0.994195,0.0418066,0.00511601,0.0990063
109973719000,0.721218,0.185896,0.065311,0.0143301,-0.0202504,-0.036908,0.994169,0.042028,0.00494009,0.0991824
109983719000,0.72136,0.18569,0.064937,0.0141622,-0.0210582,-0.0378857,0.994144,0.0422449,0.00476293,0.0993493
109993719000,0.7215,0.185475,0.064553,0.0138111,-0.0218053,-0.038922,0.994119,0.0424479,0.00458335,0.0995169
110003719000,0.721638,0.185253,0.0641588,0.0136462,-0.022558,-0.0399105,0.994096,0.0426481,0.0044009,0.0996756
110013719000,0.721166,0.184798,0.0668483,0.0132696,-0.0214379,-0.0279183,0.994073,0.0428367,0.00421712,0.0998282
110023719000,0.721296,0.18458,0.0665647,0.0128863,-0.0222208,-0.0287919,0.994051,0.0430122,0.00403012,0.0999772
110033719000,0.721423,0.184354,0.066274,0.0125094,-0.0228879,-0.0293571,0.99403,0.0431755,0.00384248,0.100124
110043719000,0.721548,0.184123,0.0659768,0.0123792,-0.0233108,-0.0300884,0.99401,0.0433394,0.00365608,0.100264
110053719000,0.72167,0.183887,0.0656729,0.0120534,-0.0238943,-0.0306801,0.99399,0.043501,0.00346995,0.100399
110063719000,0.721789,0.183645,0.0653633,0.0117558,-0.0245371,-0.0312456,0.993971,0.0436483,0.00329223,0.100529
110073719000,0.721905,0.183398,0.0650477,0.0114632,-0.0249447,-0.0318652,0.993952,0.0437956,0.003117,0.100656
110083719000,0.722018,0.183146,0.0647267,0.0111857,-0.0253708,-0.0323386,0.993935,0.0439371,0.00294608,0.100772
110093719000,0.722128,0.18289,0.0644011,0.0107589,-0.0257446,-0.0327926,0.993918,0.0440734,0.00277108,0.100884
110103719000,0.721655,0.181984,0.0676526,0.0104275,-0.0258801,-0.0189425,0.993902,0.0442079,0.00259814,0.100988
110113719000,0.721757,0.181724,0.0674611,0.0100312,-0.0261591,-0.019358,0.993887,0.0443329,0.00242807,0.10108
110123719000,0.721521,0.181084,0.0695867,0.0100109,-0.0261322,-0.0106598,0.993873,0.0444587,0.00225891,0.101168
110133719000,0.721619,0.180821,0.069479,0.00966788,-0.0264456,-0.0108791,0.99386,0.0445811,0.00209012,0.101245
110143719000,0.721714,0.180554,0.0693702,0.00929557,-0.0268892,-0.0108819,0.993848,0.0446975,0.00191937,0.101314
110153719000,0.721807,0.180285,0.0692622,0.00937402,-0.0269937,-0.010708,0.993837,0.0448152,0.00175447,0.101375
110163719000,0.721901,0.180015,0.0691568,0.00935081,-0.0270856,-0.0103689,0.993826,0.0449394,0.00159242,0.101426
110173719000,0.721994,0.179743,0.0690551,0.0092294,-0.0273022,-0.00997611,0.993817,0.0450569,0.00143777,0.101466
110183719000,0.722085,0.17947,0.0689577,0.00906978,-0.0273004,-0.00950035,0.993809,0.0451744,0.00129469,0.101498
110193719000,0.722176,0.179198,0.0688648,0.00907097,-0.0270473,-0.00908645,0.993801,0.0452939,0.00116193,0.101523
110203719000,0.722266,0.178929,0.0687763,0.00890615,-0.0267286,-0.00861635,0.993794,0.0454137,0.0010277,0.101539
110213719000,0.722047,0.178089,0.0709861,0.00903952,-0.0271723,0.000793682,0.993788,0.0455319,0.000903512,0.101544
110223719000,0.722137,0.177819,0.0709967,0.00894855,-0.0268707,0.00133347,0.993782,0.0456588,0.000789834,0.101544
110233719000,0.722226,0.177552,0.0710132,0.00883544,-0.0265308,0.0019746,0.993777,0.0457851,0.000671976,0.101538
110243719000,0.722315,0.177288,0.071036,0.00891897,-0.0261572,0.00258133,0.993773,0.0459182,0.00055484,0.101523
110253719000,0.722404,0.177029,0.071066,0.0089903,-0.0256535,0.00341596,0.993769,0.0460424,0.000446778,0.101501
110263719000,0.722493,0.176775,0.0711037,0.00883846,-0.025124,0.00411791,0.993767,0.0461666,0.000342226,0.101472
110273719000,0.722581,0.176527,0.0711491,0.00873463,-0.0245648,0.00495884,0.993764,0.0462912,0.000233997,0.10144
110283719000,0.722668,0.176285,0.0712033,0.00867673,-0.0237153,0.00589373,0.993762,0.0464129,0.000127467,0.101401
110293719000,0.722755,0.176053,0.0712666,0.00875096,-0.0226848,0.00676323,0.993762,0.0465201,2.88854e-05,0.101359
110303719000,0.722842,0.175831,0.0713394,0.00864831,-0.0217185,0.00778793,0.993761,0.0466176,-7.12408e-05,0.10132
110313719000,0.722928,0.17562,0.0714226,0.00843384,-0.0206332,0.00885344,0.993761,0.0467085,-0.000173773,0.101281
110323719000,0.723011,0.17542,0.0715158,0.00817029,-0.0193779,0.00980085,0.993761,0.0467979,-0.000273622,0.10124
110333719000,0.722816,0.174495,0.0729555,0.00764771,-0.0200441,0.0157317,0.993762,0.0468769,-0.000365813,0.101195
110343719000,0.722746,0.173804,0.0738649,0.00728951,-0.0201065,0.019554,0.993762,0.0469416,-0.000463209,0.101155
110353719000,0.722818,0.173609,0.0740661,0.00700917,-0.0187371,0.0206814,0.993765,0.0469925,-0.00056132,0.101108
110363719000,0.722886,0.17343,0.0742786,0.00667548,-0.0172023,0.02181,0.993768,0.0470303,-0.000665101,0.10106
110373719000,0.722952,0.173266,0.0745014,0.00645647,-0.0156325,0.0227605,0.993772,0.0470427,-0.000776627,0.10101
110383719000,0.723016,0.173117,0.0747343,0.00638751,-0.0141467,0.0238165,0.993777,0.047047,-0.000897112,0.100958
110393719000,0.723079,0.172983,0.0749786,0.00617955,-0.0125238,0.0250321,0.993783,0.0470323,-0.00102866,0.100905
110403719000,0.72314,0.172866,0.075235,0.00609836,-0.0109485,0.0262514,0.99379,0.0469993,-0.00116916,0.100848
110413719000,0.723201,0.172764,0.0755035,0.00610454,-0.00944216,0.0274493,0.993799,0.0469441,-0.00131429,0.100786
110423719000,0.723262,0.172677,0.0757839,0.00603047,-0.00801674,0.0286453,0.993809,0.0468776,-0.00146854,0.10072
110433719000,0.723279,0.172274,0.0756436,0.00540992,-0.00821062,0.0283507,0.99382,0.0467928,-0.0016346,0.100648
110443719000,0.723333,0.1722,0.0759336,0.00536732,-0.00671232,0.0296609,0.993832,0.0466885,-0.00180819,0.100569
110453719000,0.723386,0.172141,0.0762371,0.00531955,-0.00513476,0.0310359,0.993846,0.0465621,-0.00199443,0.10049
110463719000,0.723439,0.172097,0.0765547,0.00525735,-0.00361915,0.0324823,0.993861,0.0464228,-0.00218421,0.100401
110473719000,0.723491,0.172068,0.0768859,0.00521744,-0.0022161,0.0337659,0.993877,0.0462663,-0.00238891,0.100313
110483719000,0.723544,0.172053,0.0772293,0.00521979,-0.000776982,0.0349126,0.993894,0.0460924,-0.00259179,0.100215
110493719000,0.723596,0.172052,0.077585,0.00533074,0.00060848,0.0362185,0.993913,0.045897,-0.00280635,0.100115
110503719000,0.72365,0.172065,0.0779534,0.00540563,0.00205453,0.0374649,0.993933,0.0456744,-0.00302611,0.10001
110513719000,0.723704,0.172092,0.0783344,0.00539729,0.00336347,0.0387441,0.993954,0.0454416,-0.00325406,0.0999005
110523719000,0.723758,0.172132,0.0787283,0.00534137,0.00453205,0.0400296,0.993976,0.0451873,-0.00348741,0.0997918
110533719000,0.723744,0.172482,0.0772661,0.00424776,0.00583219,0.0346505,0.993999,0.0449213,-0.00372622,0.099674
110543719000,0.723787,0.172547,0.0776198,0.00430811,0.00701306,0.0360943,0.994023,0.0446396,-0.00396807,0.0995523
110553719000,0.723809,0.172703,0.0766319,0.00361885,0.00732942,0.0323854,0.994047,0.044344,-0.00421277,0.0994309
110563719000,0.723845,0.17278,0.0769621,0.0036749,0.00804035,0.0336662,0.994073,0.044032,-0.00445914,0.0993029
110573719000,0.723883,0.172866,0.0773044,0.00378399,0.00907291,0.034793,0.994098,0.043704,-0.00470943,0.0991776
110583719000,0.723919,0.172961,0.0776566,0.00358958,0.00997171,0.035646,0.994125,0.0433637,-0.00496619,0.0990482
110593719000,0.723957,0.173064,0.0780179,0.0038208,0.0106579,0.0366197,0.994152,0.043013,-0.00522993,0.0989182
110603719000,0.723996,0.173173,0.078389,0.00398608,0.0111146,0.037597,0.994179,0.0426563,-0.00548825,0.0987813
110613719000,0.724037,0.173286,0.0787695,0.00425775,0.0114093,0.0384993,0.994207,0.0422801,-0.00576303,0.0986479
110623719000,0.72408,0.173402,0.0791589,0.00437172,0.0117635,0.039372,0.994235,0.0418919,-0.00603454,0.0985141
110633719000,0.724124,0.173521,0.0795568,0.00444888,0.01212,0.0402078,0.994263,0.041489,-0.00631013,0.0983871
110643719000,0.72417,0.173643,0.0799619,0.00470726,0.0123783,0.0408318,0.99429,0.0410825,-0.00658612,0.0982627
110653719000,0.724217,0.173767,0.0803733,0.00472074,0.0124344,0.0414442,0.994318,0.0406605,-0.00686242,0.0981431
110663719000,0.724196,0.175008,0.0781323,0.00350109,0.0150229,0.0323742,0.994345,0.0402224,-0.00714108,0.0980313
110673719000,0.724232,0.175159,0.0784593,0.00372639,0.0151828,0.0330249,0.994371,0.0397687,-0.00742436,0.097923
110683719000,0.724269,0.175311,0.0787922,0.003762,0.0150754,0.0335554,0.994398,0.0393092,-0.00770347,0.0978161
110693719000,0.724307,0.17546,0.0791298,0.0039215,0.0148866,0.0339705,0.994424,0.0388415,-0.00797897,0.0977148
110703719000,0.724347,0.175607,0.0794721,0.00394735,0.0145335,0.0344899,0.99445,0.0383665,-0.00825826,0.0976188
110713719000,0.724387,0.175751,0.0798186,0.00415703,0.0142779,0.0348106,0.994475,0.0378783,-0.00853082,0.0975251
110723719000,0.724429,0.175893,0.0801678,0.00424039,0.0140022,0.0350301,0.994501,0.0373838,-0.00879806,0.0974342
110733719000,0.724472,0.176031,0.0805185,0.00424132,0.0135885,0.0351108,0.994525,0.0368812,-0.00906439,0.0973494
110743719000,0.724514,0.176163,0.0808705,0.00426923,0.0129793,0.0352914,0.99455,0.0363727,-0.00933225,0.0972653
110753719000,0.724467,0.178097,0.0782041,0.00288848,0.0175201,0.0245786,0.994573,0.0358626,-0.00959471,0.0971891
110763719000,0.724496,0.178269,0.0784502,0.00297574,0.0169187,0.0246442,0.994597,0.035348,-0.00985242,0.0971077
110773719000,0.724454,0.179639,0.0767706,0.00228438,0.0198297,0.0177989,0.99462,0.0348329,-0.0101017,0.0970334
110783719000,0.724478,0.179835,0.0769478,0.00257184,0.0192123,0.0176418,0.994643,0.034303,-0.0103433,0.0969599
110793719000,0.724505,0.180024,0.0771237,0.00283475,0.0185335,0.0175396,0.994666,0.0337781,-0.010578,0.0968899
110803719000,0.724575,0.180258,0.0743038,0.00284198,0.017689,0.0161876,0.994687,0.0332539,-0.0108016,0.0968229
110813719000,0.724604,0.180433,0.0744648,0.00285017,0.0171714,0.0160056,0.99471,0.0327254,-0.0110228,0.0967471
110823719000,0.724633,0.180601,0.0746238,0.00306151,0.0165862,0.0157915,0.994732,0.0322078,-0.0112304,0.0966677
110833719000,0.724665,0.180763,0.0747799,0.00336577,0.015855,0.0154346,0.994755,0.0316888,-0.0114289,0.0965826
110843719000,0.724699,0.180918,0.0749317,0.00343917,0.0151254,0.014931,0.994777,0.0311706,-0.0116217,0.0964939
110853719000,0.724736,0.181065,0.0750782,0.00390443,0.0142535,0.0143553,0.9948,0.0306555,-0.0117999,0.0964035
110863719000,0.724712,0.182438,0.0740957,0.00325534,0.0171016,0.00783087,0.994823,0.0301403,-0.0119709,0.0963119
110873719000,0.724745,0.182605,0.0741702,0.00349911,0.0160707,0.00706597,0.994846,0.0296291,-0.0121301,0.0962121
110883719000,0.724781,0.182761,0.0742373,0.00359027,0.0151286,0.00636138,0.994869,0.0291267,-0.0122799,0.0961071
110893719000,0.724818,0.182908,0.0742969,0.00392648,0.0142474,0.00555558,0.994892,0.0286281,-0.0124203,0.0959963
110903719000,0.724858,0.183044,0.0743483,0.00411732,0.01298,0.00472843,0.994915,0.028131,-0.012546,0.0958893
110913719000,0.724901,0.183167,0.0743913,0.00447808,0.0117665,0.00385873,0.994938,0.0276426,-0.012665,0.09578
110923719000,0.724948,0.18328,0.0744252,0.00485542,0.01069,0.00293478,0.994961,0.0271596,-0.0127699,0.0956644
110933719000,0.724998,0.183381,0.0744491,0.00519412,0.00953412,0.00184751,0.994984,0.0266772,-0.0128645,0.0955471
110943719000,0.725052,0.18347,0.0744625,0.00546014,0.00827985,0.000819146,0.995008,0.0261947,-0.0129573,0.0954243
110953719000,0.725108,0.183548,0.0744646,0.00585007,0.00732473,-0.000392013,0.995031,0.0257147,-0.0130349,0.0953006
110963719000,0.724983,0.184761,0.0740332,0.00547265,0.0105908,-0.00352426,0.995054,0.0252426,-0.0130971,0.0951761
110973719000,0.725039,0.184862,0.0739926,0.00584142,0.00950471,-0.00458513,0.995077,0.0247668,-0.0131523,0.0950494
110983719000,0.724917,0.18576,0.0737698,0.00571244,0.0115872,-0.00650693,0.995101,0.0242931,-0.0132014,0.0949237
110993719000,0.724976,0.185873,0.0736987,0.00592669,0.0107965,-0.00770435,0.995124,0.0238206,-0.0132424,0.0947952
111003719000,0.725037,0.185977,0.0736162,0.00635121,0.0099781,-0.0088077,0.995147,0.0233503,-0.0132765,0.0946591
111013719000,0.725103,0.186074,0.073522,0.00691908,0.0094225,-0.0100366,0.995172,0.0228755,-0.0133049,0.0945094
111023719000,0.725175,0.186164,0.0734152,0.00739137,0.00875048,-0.0113188,0.995197,0.0224032,-0.0133221,0.0943628
111033719000,0.725251,0.186249,0.0732957,0.00786502,0.00813899,-0.0125687,0.995222,0.0219349,-0.0133374,0.0942076
111043719000,0.725332,0.186326,0.0731639,0.0082175,0.00729888,-0.0138021,0.995247,0.0214675,-0.0133487,0.0940482
111053719000,0.725415,0.186397,0.0730205,0.00847947,0.00689765,-0.0148821,0.995273,0.0210068,-0.0133554,0.0938762
111063719000,0.725502,0.186463,0.0728653,0.00895926,0.00626864,-0.0161592,0.995299,0.0205509,-0.0133509,0.0936985
111073719000,0.725593,0.186523,0.0726985,0.00926637,0.00579217,-0.0171854,0.995326,0.0200917,-0.0133423,0.0935125
111083719000,0.725688,0.186579,0.0725216,0.00961332,0.00551535,-0.0181983,0.995353,0.0196326,-0.0133274,0.0933202
111093719000,0.725337,0.186909,0.0734425,0.00919414,0.00733782,-0.0144567,0.995382,0.0191795,-0.0133091,0.0931149
111103719000,0.725432,0.186981,0.073294,0.00973191,0.00695718,-0.0152446,0.99541,0.0187296,-0.0132866,0.0929061
111113719000,0.725531,0.187048,0.073138,0.010098,0.00640607,-0.0159644,0.995439,0.0182829,-0.0132477,0.0926861
111123719000,0.725634,0.187111,0.0729758,0.0105361,0.00605975,-0.0164703,0.995469,0.0178461,-0.0132045,0.0924641
111133719000,0.725741,0.187168,0.0728091,0.0109582,0.00547134,-0.0168725,0.995498,0.0174159,-0.013148,0.0922361
111143719000,0.725852,0.18722,0.0726386,0.0111546,0.00492814,-0.0172213,0.995527,0.0169964,-0.0130831,0.0920082
111153719000,0.725965,0.187267,0.0724651,0.0114244,0.00452511,-0.0174944,0.995556,0.0165839,-0.0130166,0.091783
111163719000,0.726081,0.18731,0.0722895,0.0117954,0.00400747,-0.0176104,0.995584,0.0161798,-0.0129373,0.0915565
111173719000,0.726201,0.187348,0.0721134,0.0121837,0.00356041,-0.0176234,0.995613,0.0157885,-0.0128465,0.0913282
111183719000,0.726325,0.187382,0.0719368,0.0126805,0.00326519,-0.0176842,0.995641,0.0154086,-0.0127365,0.0911017
111193719000,0.726454,0.187413,0.07176,0.0130049,0.00305545,-0.01769,0.995669,0.015036,-0.0126281,0.0908727
111203719000,0.726585,0.187442,0.0715829,0.0132757,0.00273039,-0.017712,0.995697,0.0146838,-0.0125047,0.0906432
111213719000,0.726719,0.187469,0.071406,0.0136147,0.00256876,-0.0176821,0.995724,0.0143373,-0.012384,0.0904128
111223719000,0.726857,0.187493,0.0712297,0.013941,0.00239191,-0.0175749,0.995752,0.0139937,-0.0122428,0.0901816
111233719000,0.726998,0.187517,0.0710556,0.0142976,0.00231802,-0.0172345,0.995779,0.0136587,-0.0121054,0.0899506
111243719000,0.727143,0.187541,0.0708839,0.0146753,0.00240439,-0.0171182,0.995806,0.0133326,-0.0119695,0.0897161
111253719000,0.727292,0.187564,0.0707145,0.015118,0.00228492,-0.0167551,0.995833,0.013005,-0.0118341,0.089486
111263719000,0.726408,0.188238,0.071969,0.0128051,0.00591726,-0.0114759,0.99586,0.0126795,-0.0116973,0.0892507
111273719000,0.726539,0.188299,0.0718564,0.013362,0.00614288,-0.0110487,0.995886,0.012357,-0.0115634,0.0890189
111283719000,0.726675,0.188361,0.0717483,0.0137552,0.00634231,-0.0105704,0.995913,0.0120363,-0.0114275,0.0887824
111293719000,0.726814,0.188426,0.071646,0.01409,0.00657612,-0.00987877,0.995939,0.011715,-0.0112895,0.0885536
111303719000,0.726957,0.188493,0.0715515,0.0144399,0.00692044,-0.00903234,0.995964,0.0114002,-0.0111585,0.0883231
111313719000,0.727103,0.188564,0.0714656,0.0148041,0.00721606,-0.00813774,0.995989,0.0110919,-0.0110236,0.0880935
111323719000,0.727253,0.188637,0.0713904,0.015171,0.0074484,-0.00691211,0.996015,0.0107952,-0.0108787,0.0878616
111333719000,0.727406,0.188714,0.0713279,0.0155008,0.00781352,-0.00558085,0.996039,0.0105066,-0.0107365,0.0876358
111343719000,0.727562,0.188794,0.0712784,0.0156163,0.00816875,-0.00431767,0.996064,0.0102225,-0.0105861,0.0874065
111353719000,0.727719,0.188878,0.0712415,0.0157615,0.00864471,-0.00306309,0.996088,0.00994089,-0.0104242,0.0871807
111363719000,0.727876,0.188967,0.0712173,0.0158026,0.00927543,-0.00178785,0.996112,0.00966593,-0.0102594,0.086959
111373719000,0.728035,0.189063,0.0712073,0.0158736,0.00991779,-0.000193759,0.996136,0.00939818,-0.0101006,0.0867373
111383719000,0.728193,0.189167,0.0712132,0.015701,0.0108483,0.00136953,0.996159,0.00913672,-0.00993278,0.0865144
111393719000,0.728349,0.189279,0.0712341,0.0155583,0.0116166,0.00280746,0.996183,0.00888677,-0.00976233,0.0862901
111403719000,0.728504,0.1894,0.0712696,0.0155607,0.0125415,0.00428864,0.996206,0.00864236,-0.00958967,0.0860653
111413719000,0.72866,0.18953,0.0713198,0.0155521,0.0135371,0.00576262,0.996229,0.00840077,-0.00941606,0.0858363
111423719000,0.728815,0.189671,0.0713853,0.0154097,0.014535,0.00733275,0.996253,0.00817355,-0.0092359,0.0856038
111433719000,0.728969,0.189822,0.0714669,0.0153529,0.0157224,0.00897376,0.996277,0.00794676,-0.00905406,0.0853605
111443719000,0.729122,0.189984,0.0715646,0.0153044,0.0167708,0.0105706,0.996302,0.00772086,-0.00887089,0.0851117
111453719000,0.729274,0.190157,0.0716779,0.0150534,0.0178461,0.0121019,0.996327,0.00749908,-0.00869056,0.0848548
111463719000,0.729423,0.190341,0.0718063,0.0147452,0.0188059,0.0135697,0.996353,0.00727506,-0.00851333,0.0845859
111473719000,0.730509,0.18898,0.0712963,0.0167264,0.0142399,0.0129521,0.99638,0.00705222,-0.00832762,0.0843036
111483719000,0.731191,0.188295,0.0709853,0.0176548,0.0125748,0.0129679,0.996408,0.00682878,-0.00815092,0.0840102
111493719000,0.731366,0.188427,0.0711216,0.0172985,0.0136544,0.0142947,0.996437,0.00660767,-0.00798308,0.0837023
111503719000,0.731538,0.188568,0.071272,0.0170189,0.0145012,0.0157769,0.996466,0.00637979,-0.00780195,0.0833886
111513719000,0.731707,0.188716,0.0714367,0.0167062,0.0151491,0.0171598,0.996496,0.00614421,-0.00762903,0.083069
111523719000,0.731872,0.188872,0.071614,0.0164664,0.015976,0.0183131,0.996525,0.00590521,-0.00746256,0.0827465
111533719000,0.732035,0.189035,0.0718027,0.0159964,0.0166681,0.0194264,0.996555,0.0056621,-0.00729308,0.0824171
111543719000,0.732193,0.189206,0.0720021,0.0155757,0.0176285,0.0204453,0.996585,0.0054152,-0.00711738,0.08209
111553719000,0.732346,0.189385,0.0722127,0.0150032,0.0180749,0.0216698,0.996614,0.00516444,-0.00695327,0.0817677
111563719000,0.732492,0.189569,0.0724341,0.0143454,0.018641,0.0226242,0.996642,0.00491124,-0.00679542,0.0814476
111573719000,0.733418,0.189721,0.0701374,0.0150642,0.0177943,0.0158657,0.99667,0.00465099,-0.00664679,0.0811352
111583719000,0.733566,0.189902,0.0703006,0.0145452,0.0182719,0.0167805,0.996697,0.00439748,-0.00650057,0.0808319
111593719000,0.733708,0.190087,0.0704727,0.0139396,0.018631,0.017627,0.996722,0.00413995,-0.00636973,0.0805437
111603719000,0.733845,0.190276,0.070653,0.0133567,0.0192008,0.01843,0.996746,0.00387963,-0.00624179,0.0802765
111613719000,0.733975,0.19047,0.0708408,0.0126716,0.0196821,0.0191303,0.996768,0.00361907,-0.00611952,0.0800238
111623719000,0.734098,0.190669,0.0710357,0.012006,0.0200109,0.0198605,0.996788,0.00336777,-0.00600336,0.0797886
111633719000,0.734216,0.190871,0.071237,0.0116199,0.0205016,0.0203923,0.996807,0.00311037,-0.00588918,0.0795758
111643719000,0.73433,0.191079,0.0714429,0.0111804,0.0210221,0.0207967,0.996823,0.00285803,-0.00578715,0.0793844
111653719000,0.73444,0.191292,0.0716536,0.0106843,0.0215466,0.0213348,0.996839,0.0026095,-0.00569264,0.079207
111663719000,0.734544,0.191509,0.0718684,0.0102483,0.0220478,0.0216252,0.996852,0.00236953,-0.00560439,0.0790531
111673719000,0.734645,0.191732,0.0720855,0.00989345,0.0224304,0.0217969,0.996864,0.00212013,-0.0055186,0.0789143
111683719000,0.734743,0.191958,0.072305,0.00965832,0.022883,0.0221145,0.996874,0.00187507,-0.00544208,0.0787969
111693719000,0.735679,0.192721,0.0687709,0.0106744,0.023305,0.0106318,0.996883,0.00163674,-0.00537106,0.0786935
111703719000,0.736292,0.193231,0.0666844,0.0111285,0.023515,0.00389196,0.996891,0.00139612,-0.00528611,0.0786047
111713719000,0.736402,0.193469,0.0667235,0.0108193,0.0239353,0.0039356,0.996897,0.00115939,-0.00521563,0.0785328
111723719000,0.736509,0.193711,0.0667621,0.0106837,0.0246063,0.00377491,0.996902,0.000922205,-0.00514595,0.0784763
111733719000,0.736616,0.193959,0.066798,0.0105996,0.0249385,0.00340132,0.996906,0.000688903,-0.00508446,0.0784347
111743719000,0.736721,0.194211,0.0668299,0.0103801,0.025539,0.00298479,0.996909,0.000468134,-0.00502131,0.0784041
111753719000,0.736824,0.194468,0.0668571,0.0102813,0.025763,0.00245977,0.996911,0.000248831,-0.00496516,0.0783815
111763719000,0.736926,0.194727,0.0668797,0.0101396,0.0260921,0.00205089,0.996912,3.80839e-05,-0.0049176,0.0783719
111773719000,0.737026,0.19499,0.0668972,0.00992826,0.0264791,0.001452,0.996913,-0.000172999,-0.00486783,0.0783684
111783719000,0.737126,0.195256,0.0669081,0.00994588,0.0266324,0.000737409,0.996912,-0.000374882,-0.00481522,0.0783738
111793719000,0.737226,0.195522,0.0669115,0.0101347,0.0266892,-6.1577e-05,0.996911,-0.000574073,-0.00477203,0.0783903
111803719000,0.737221,0.195652,0.072761,0.0102153,0.0266998,0.00206685,0.996909,-0.000769039,-0.00473565,0.0784189
111813719000,0.737296,0.196228,0.0715203,0.00933859,0.026698,-0.0052992,0.996906,-0.000953643,-0.00470659,0.078459
111823719000,0.737389,0.196494,0.0714628,0.00938573,0.0264887,-0.00620376,0.996902,-0.00113084,-0.0046771,0.0785075
111833719000,0.737483,0.196758,0.0713965,0.00941356,0.0262115,-0.00705446,0.996898,-0.00129831,-0.00465379,0.0785608
111843719000,0.737579,0.197019,0.0713215,0.00970883,0.0259889,-0.00794392,0.996893,-0.00145575,-0.00462494,0.0786219
111853719000,0.737678,0.197278,0.0712378,0.0100043,0.0258671,-0.00879185,0.996887,-0.001608,-0.00460587,0.0786936
111863719000,0.73778,0.197534,0.0711454,0.010438,0.0253389,-0.00969828,0.99688,-0.00174925,-0.00459201,0.0787762
111873719000,0.737886,0.197785,0.0710439,0.010877,0.0249143,-0.0105963,0.996873,-0.00187334,-0.00458031,0.0788675
111883719000,0.737997,0.198031,0.0709331,0.0113276,0.0243358,-0.0115537,0.996865,-0.00196737,-0.00457062,0.0789666
111893719000,0.738113,0.198273,0.0708128,0.0118589,0.0239042,-0.0125149,0.996857,-0.00204654,-0.00455904,0.079067
111903719000,0.738235,0.198509,0.0706838,0.0124479,0.0233459,-0.0132786,0.996849,-0.00210918,-0.00454778,0.079167
111913719000,0.738109,0.199251,0.0700329,0.0120477,0.0242159,-0.0165873,0.99684,-0.00215002,-0.00453429,0.0792719
111923719000,0.738232,0.19949,0.0698619,0.0125949,0.0235746,-0.017601,0.996832,-0.00217177,-0.00451767,0.0793767
111933719000,0.738107,0.200092,0.0694474,0.0124225,0.0241165,-0.0196453,0.996824,-0.00217018,-0.0044941,0.0794839
111943719000,0.738234,0.20033,0.0692461,0.0130514,0.0234754,-0.0206058,0.996815,-0.00214475,-0.00446842,0.0795926
111953719000,0.738368,0.200561,0.0690351,0.0137981,0.0227401,-0.0215997,0.996807,-0.00209715,-0.00443358,0.0797034
111963719000,0.73851,0.200785,0.0688138,0.0145428,0.0219607,-0.0226681,0.996798,-0.00202628,-0.00440005,0.0798188
111973719000,0.73866,0.201001,0.0685825,0.0153595,0.0213211,-0.0235852,0.996789,-0.00194034,-0.00436458,0.0799339
111983719000,0.738817,0.20121,0.0683409,0.0160426,0.0205231,-0.0247316,0.99678,-0.00182894,-0.00433201,0.0800483
111993719000,0.738981,0.201412,0.0680881,0.0168561,0.0198438,-0.0258306,0.996771,-0.0017007,-0.0042886,0.0801589
112003719000,0.739154,0.201607,0.0678251,0.0178148,0.0191755,-0.0267712,0.996764,-0.00155359,-0.00423894,0.0802629
112013719000,0.738581,0.202109,0.0683382,0.0165869,0.0204392,-0.0244465,0.996756,-0.00137694,-0.00418664,0.0803617
112023719000,0.738753,0.20231,0.068089,0.0177092,0.0198162,-0.0253824,0.996748,-0.0011815,-0.00412603,0.0804624
112033719000,0.738935,0.202504,0.0678292,0.0186211,0.0190169,-0.0265863,0.996741,-0.000959797,-0.00406189,0.0805606
112043719000,0.739125,0.202689,0.067558,0.0194482,0.01807,-0.0276465,0.996734,-0.000716972,-0.00398915,0.0806499
112053719000,0.739323,0.202865,0.0672761,0.02014,0.0170637,-0.0287445,0.996728,-0.000456562,-0.00390933,0.0807383
112063719000,0.739529,0.203031,0.066983,0.0210513,0.0160568,-0.0298601,0.996721,-0.000176012,-0.00383149,0.0808186
112073719000,0.739744,0.203187,0.0666796,0.0219562,0.0151804,-0.0308371,0.996715,0.000123545,-0.00374717,0.0809018
112083719000,0.739968,0.203333,0.0663665,0.0228814,0.0140991,-0.0317778,0.996709,0.000439262,-0.00365107,0.0809818
112093719000,0.740202,0.203468,0.066044,0.0238261,0.0128363,-0.0327094,0.996703,0.000774457,-0.00354255,0.0810606
112103719000,0.740445,0.203591,0.0657131,0.0248303,0.0117368,-0.0334844,0.996697,0.00112959,-0.00343259,0.0811344
112113719000,0.740697,0.203701,0.0653745,0.0256926,0.0103346,-0.0342306,0.996691,0.00150151,-0.00331856,0.0812047
112123719000,0.740013,0.203863,0.0671479,0.024465,0.0108543,-0.0265442,0.996685,0.00188,-0.003191,0.0812722
112133719000,0.739623,0.204065,0.0682211,0.0240484,0.0108386,-0.0220526,0.996679,0.00227482,-0.00306777,0.0813403
112143719000,0.739869,0.204166,0.0679971,0.0249846,0.00933378,-0.0227628,0.996673,0.00268275,-0.00293739,0.0814099
112153719000,0.740123,0.204252,0.0677664,0.0259908,0.00794559,-0.0233758,0.996667,0.00309849,-0.00279306,0.0814758
112163719000,0.740388,0.204324,0.0675305,0.0268114,0.00653134,-0.0237929,0.99666,0.00353285,-0.00263694,0.0815417
112173719000,0.74066,0.204382,0.0672896,0.0276893,0.00509523,-0.0243911,0.996653,0.00398317,-0.0024757,0.0816092
112183719000,0.740941,0.204427,0.0670434,0.0284709,0.00379168,-0.0248635,0.996646,0.00444282,-0.00229621,0.0816819
112193719000,0.741229,0.204458,0.0667917,0.0292601,0.00246317,-0.0254584,0.996638,0.0049129,-0.00211057,0.0817571
112203719000,0.741526,0.204477,0.0665347,0.0300281,0.00121105,-0.0259445,0.99663,0.00539779,-0.00191766,0.0818338
112213719000,0.741829,0.204482,0.0662728,0.0305447,-6.97235e-05,-0.0264496,0.996621,0.00590825,-0.00171802,0.0819108
112223719000,0.741551,0.204437,0.0681352,0.0302285,0.000163514,-0.0186103,0.996611,0.00642526,-0.0015134,0.0819925
112233719000,0.741857,0.204432,0.0679468,0.0308363,-0.00101763,-0.0190654,0.996601,0.00696241,-0.00129308,0.082079
112243719000,0.742168,0.204415,0.0677543,0.0314076,-0.00227901,-0.0194486,0.99659,0.00750095,-0.00106864,0.0821652
112253719000,0.742484,0.204387,0.0675584,0.0317906,-0.00337369,-0.0197351,0.996579,0.00805273,-0.000840326,0.0822518
112263719000,0.742805,0.204348,0.0673595,0.0323596,-0.00447966,-0.0200306,0.996567,0.00861284,-0.000610417,0.0823425
112273719000,0.74313,0.204297,0.0671575,0.0327396,-0.00578106,-0.0203741,0.996553,0.00918235,-0.000374347,0.0824429
112283719000,0.74346,0.204233,0.0669537,0.0331281,-0.00705949,-0.0203895,0.99654,0.00976267,-0.000138257,0.0825448
112293719000,0.743792,0.204157,0.0667492,0.0332822,-0.00808309,-0.0205037,0.996525,0.0103527,0.000110288,0.0826511
112303719000,0.744126,0.204071,0.0665433,0.0335312,-0.00921344,-0.0206775,0.996509,0.0109545,0.000361441,0.0827584
112313719000,0.744463,0.203973,0.0663362,0.0338587,-0.0102345,-0.0207524,0.996493,0.0115611,0.000616911,0.0828655
112323719000,0.744802,0.203866,0.0661286,0.0339798,-0.0112248,-0.0207647,0.996477,0.0121754,0.000870027,0.0829777
112333719000,0.744932,0.203703,0.0684153,0.0345067,-0.0106716,-0.0114357,0.996458,0.0127981,0.00112062,0.0830994
112343719000,0.745147,0.203614,0.0698298,0.0349077,-0.0102516,-0.00572846,0.99644,0.013428,0.00137009,0.0832212
112353719000,0.745497,0.203508,0.0697732,0.0348312,-0.0108381,-0.0055927,0.996421,0.0140642,0.00161178,0.0833406
112363719000,0.745846,0.203397,0.069717,0.0349335,-0.0113682,-0.00563407,0.9964,0.014703,0.00184954,0.0834662
112373719000,0.746194,0.203279,0.0696611,0.0347395,-0.0120752,-0.00554499,0.99638,0.0153379,0.00209345,0.0835943
112383719000,0.74654,0.203157,0.0696064,0.0345529,-0.0124106,-0.00540313,0.996358,0.0159741,0.00233217,0.0837288
112393719000,0.746884,0.20303,0.0695534,0.0341483,-0.0130353,-0.00519619,0.996335,0.0166196,0.00256769,0.0838661
112403719000,0.747224,0.202897,0.069503,0.0338851,-0.0136342,-0.00487478,0.996312,0.0172658,0.00279457,0.0840081
112413719000,0.747561,0.202758,0.0694556,0.0334385,-0.0141273,-0.00460298,0.996287,0.0179061,0.00300595,0.0841534
112423719000,0.747893,0.202615,0.0694123,0.0330222,-0.0144269,-0.00406175,0.996263,0.0185411,0.00321341,0.0843022
112433719000,0.74822,0.202469,0.0693737,0.0324935,-0.0147252,-0.00365625,0.996237,0.0191773,0.0034118,0.0844487
112443719000,0.748542,0.202322,0.0693392,0.0319158,-0.0148808,-0.0032438,0.996211,0.0198162,0.00359812,0.0846035
112453719000,0.748859,0.202172,0.0693088,0.0313405,-0.0151135,-0.00284154,0.996184,0.0204471,0.00377728,0.0847623
112463719000,0.749428,0.201876,0.0707232,0.0322823,-0.0148098,0.00314742,0.996156,0.0210871,0.0039541,0.0849236
112473719000,0.749747,0.201728,0.0707569,0.0314725,-0.0147173,0.0035944,0.996129,0.0217207,0.00411437,0.0850824
112483719000,0.750058,0.201581,0.0707951,0.0307183,-0.0145126,0.00404132,0.9961,0.0223443,0.00426461,0.0852455
112493719000,0.750361,0.201438,0.0708383,0.0298125,-0.0141529,0.00460186,0.996072,0.0229628,0.00439601,0.0854064
112503719000,0.750655,0.201297,0.0708869,0.0289386,-0.0139987,0.00510841,0.996043,0.0235705,0.00452066,0.0855701
112513719000,0.750939,0.201157,0.0709415,0.0279762,-0.0139612,0.00582122,0.996014,0.0241717,0.00462829,0.0857391
112523719000,0.751214,0.201019,0.0710032,0.0270225,-0.0137387,0.00652003,0.995984,0.0247589,0.0047344,0.0859125
112533719000,0.75148,0.200883,0.0710724,0.0260075,-0.0135165,0.00731846,0.995954,0.0253445,0.00482165,0.086085
112543719000,0.751734,0.200749,0.071149,0.024974,-0.0131834,0.00799251,0.995923,0.0259142,0.00490085,0.0862624
112553719000,0.752575,0.2001,0.071865,0.0262529,-0.0143684,0.0112155,0.995893,0.0264477,0.004975,0.0864483
112563719000,0.752832,0.199959,0.0719814,0.0250731,-0.0137049,0.0120682,0.995863,0.0269713,0.00504248,0.0866304
112573719000,0.753606,0.199455,0.0723948,0.0259149,-0.0145275,0.0138944,0.995832,0.0274784,0.0050994,0.0868189
112583719000,0.753859,0.199313,0.0725379,0.0246548,-0.0137863,0.0147259,0.995801,0.0279658,0.00514187,0.0870166
112593719000,0.7541,0.19918,0.0726901,0.0235246,-0.0127826,0.0157161,0.995769,0.0284412,0.00517892,0.0872248
112603719000,0.754329,0.199056,0.0728518,0.0222604,-0.012012,0.0166097,0.995737,0.0288987,0.00520613,0.0874357
112613719000,0.754546,0.19894,0.0730219,0.0212445,-0.0112002,0.0174143,0.995705,0.0293335,0.00521988,0.0876539
112623719000,0.754752,0.198833,0.0732008,0.0200159,-0.0101724,0.0183597,0.995673,0.0297461,0.00522592,0.0878769
112633719000,0.754945,0.198735,0.0733898,0.0185922,-0.00939964,0.0194422,0.995642,0.0301355,0.00522082,0.0881015
112643719000,0.755125,0.198646,0.0735895,0.0172797,-0.0084065,0.0204954,0.99561,0.0304911,0.00521556,0.0883339
112653719000,0.755292,0.198567,0.0737986,0.0162113,-0.00738516,0.0213366,0.995579,0.0308242,0.00519935,0.0885725
112663719000,0.755904,0.198185,0.0734088,0.0164899,-0.00836576,0.020245,0.995548,0.0311316,0.00517049,0.088812
112673719000,0.756063,0.198106,0.0736157,0.0153964,-0.00735124,0.0211336,0.995518,0.0314102,0.00512664,0.089054
112683719000,0.756213,0.198037,0.0738321,0.0145924,-0.00643882,0.0221359,0.995489,0.031664,0.00506642,0.0892979
112693719000,0.756354,0.197977,0.0740578,0.013621,-0.00558395,0.0229982,0.995459,0.0318955,0.00499604,0.0895441
112703719000,0.756486,0.197926,0.0742926,0.0127261,-0.00476992,0.0239657,0.995431,0.0321005,0.00491466,0.0897923
112713719000,0.756609,0.197882,0.0745371,0.0118992,-0.00394128,0.0249312,0.995403,0.032279,0.00481452,0.0900457
112723719000,0.756724,0.197847,0.0747914,0.0111489,-0.00315341,0.0259361,0.995375,0.0324354,0.00470331,0.090302
112733719000,0.756831,0.197819,0.0750554,0.0102353,-0.00236564,0.0268601,0.995348,0.0325567,0.00458623,0.0905639
112743719000,0.75693,0.197799,0.0753295,0.00950426,-0.0015488,0.0279602,0.995322,0.03265,0.004455,0.0908241
112753719000,0.757022,0.197789,0.0756143,0.00897714,-0.000624117,0.0289996,0.995296,0.0327258,0.00430982,0.0910862
112763719000,0.75711,0.197786,0.0759093,0.00850986,0.000131909,0.0300092,0.99527,0.032779,0.00416135,0.0913532
112773719000,0.75725,0.19801,0.0742879,0.00742822,0.000466495,0.0240467,0.995245,0.0328157,0.00400153,0.0916218
112783719000,0.757323,0.198019,0.0745332,0.00710481,0.00139863,0.0250113,0.99522,0.0328275,0.00382512,0.0918935
112793719000,0.75749,0.198105,0.0734672,0.00639676,0.00147731,0.0211765,0.995196,0.0328125,0.00363821,0.0921683
112803719000,0.757519,0.19808,0.0764181,0.00606644,0.00232038,0.0230001,0.995173,0.0327697,0.00344226,0.0924413
112813719000,0.757578,0.198107,0.0766526,0.00590635,0.00298983,0.023912,0.99515,0.0327181,0.00323233,0.0927089
112823719000,0.757637,0.19814,0.0768962,0.00586102,0.00362931,0.0248004,0.995128,0.0326432,0.00300819,0.0929778
112833719000,0.757695,0.198179,0.0771483,0.00577226,0.00411382,0.0256096,0.995107,0.0325439,0.00278329,0.0932476
112843719000,0.757753,0.198223,0.0774089,0.00575224,0.00467653,0.0265094,0.995087,0.032419,0.00254998,0.0935162
112853719000,0.757811,0.198271,0.0776778,0.00583502,0.00508427,0.0272766,0.995066,0.0322708,0.00230773,0.093791
112863719000,0.75787,0.198324,0.0779547,0.00594472,0.00536095,0.0281145,0.995046,0.0321069,0.00205915,0.0940662
112873719000,0.757931,0.198379,0.0782397,0.00617339,0.00579528,0.0288713,0.995027,0.0319162,0.00179942,0.0943402
112883719000,0.757993,0.198437,0.0785316,0.00626528,0.00579646,0.0295076,0.995008,0.0317124,0.00154211,0.0946147
112893719000,0.758057,0.198496,0.0788302,0.00654588,0.00593557,0.0302184,0.994989,0.0314863,0.00127328,0.0948928
112903719000,0.757539,0.199284,0.0774035,0.00362314,0.00745419,0.0222383,0.994969,0.0312419,0.00100279,0.0951792
112913719000,0.757578,0.199358,0.0776279,0.00408959,0.00731721,0.0226446,0.99495,0.0309825,0.000726075,0.0954675
112923719000,0.757621,0.199433,0.0778574,0.00453547,0.00759273,0.0232594,0.994931,0.0307114,0.000455144,0.0957527
112933719000,0.757668,0.199509,0.0780912,0.00494083,0.00765338,0.0235,0.994913,0.0304187,0.000180267,0.0960367
112943719000,0.757719,0.199585,0.0783275,0.00531207,0.0076599,0.0237515,0.994894,0.0301035,-0.000105472,0.0963281
112953719000,0.757775,0.199662,0.0785668,0.00579664,0.00773346,0.0241208,0.994876,0.0297748,-0.000394699,0.0966187
112963719000,0.757836,0.199739,0.0788091,0.00643595,0.00760019,0.0243357,0.994857,0.029431,-0.00067935,0.096912
112973719000,0.757904,0.199815,0.0790532,0.00713303,0.00759361,0.024475,0.994839,0.0290759,-0.000964819,0.0972063
112983719000,0.757978,0.19989,0.0792991,0.00767325,0.00748013,0.0247041,0.99482,0.028709,-0.00124638,0.0975038
112993719000,0.757212,0.201228,0.0773897,0.0040752,0.0106079,0.0154253,0.994802,0.0283252,-0.00151699,0.0977944
113003719000,0.757255,0.201334,0.0775441,0.00464694,0.0103729,0.0154611,0.994785,0.0279224,-0.00178642,0.0980863
113013719000,0.756714,0.202261,0.076292,0.00238296,0.012329,0.00940551,0.994767,0.0275105,-0.00205428,0.0983789
113023719000,0.756742,0.202383,0.0763863,0.00322532,0.012028,0.00945383,0.994749,0.0270905,-0.00231802,0.0986716
113033719000,0.756777,0.202502,0.076481,0.00396452,0.0116701,0.0094725,0.99473,0.0266595,-0.00257339,0.0989641
113043719000,0.75682,0.202617,0.0765753,0.00461514,0.011392,0.00939211,0.994713,0.026216,-0.00282085,0.0992531
113053719000,0.75687,0.202728,0.0766687,0.00532686,0.0107424,0.00928713,0.994696,0.025762,-0.0030485,0.0995368
113063719000,0.756927,0.202833,0.0767603,0.00608101,0.0102142,0.00903696,0.994678,0.0253056,-0.00326451,0.099825
113073719000,0.756992,0.202931,0.0768493,0.00688245,0.00937173,0.00876576,0.994661,0.0248364,-0.00347675,0.100107
113083719000,0.757064,0.20302,0.0769353,0.0074579,0.00856181,0.00843276,0.994643,0.0243617,-0.00367342,0.100387
113093719000,0.757141,0.203102,0.0770174,0.00799017,0.00773436,0.00798237,0.994626,0.0238801,-0.00385324,0.100669
113103719000,0.756496,0.204417,0.0757061,0.00533627,0.0109157,0.00180914,0.994608,0.0234044,-0.004019,0.100946
113113719000,0.756552,0.204522,0.075722,0.0060236,0.00999336,0.00136987,0.994591,0.0229333,-0.00417596,0.101216
113123719000,0.756616,0.204617,0.0757334,0.00673912,0.00906387,0.000914307,0.994574,0.0224564,-0.00431588,0.10149
113133719000,0.756687,0.204704,0.0757394,0.00737121,0.00822123,0.000287095,0.994556,0.0219804,-0.00444069,0.101757
113143719000,0.756764,0.204782,0.0757389,0.0080367,0.00733977,-0.000388538,0.994539,0.0214949,-0.00454744,0.102024
113153719000,0.756848,0.20485,0.0757319,0.00877976,0.00629377,-0.00100852,0.994522,0.0210084,-0.00463906,0.102289
113163719000,0.756939,0.204908,0.0757182,0.00938743,0.00543956,-0.00173372,0.994506,0.0205182,-0.00472661,0.102541
113173719000,0.757035,0.204958,0.0756968,0.00986747,0.0045866,-0.00254476,0.99449,0.02002,-0.00479891,0.102792
113183719000,0.757136,0.204999,0.0756669,0.0103064,0.00343904,-0.00345264,0.994474,0.0195239,-0.00486057,0.103036
113193719000,0.757241,0.205028,0.0756283,0.0106832,0.00238847,-0.00425969,0.994458,0.0190298,-0.00490105,0.103281
113203719000,0.75735,0.205047,0.0755813,0.0110682,0.0014659,-0.00513814,0.994443,0.0185359,-0.00493584,0.103517
113213719000,0.756952,0.206373,0.0748344,0.00979822,0.00529571,-0.00870974,0.994428,0.0180492,-0.00496131,0.103743
113223719000,0.757052,0.206422,0.0747427,0.010062,0.0044673,-0.00963251,0.994414,0.0175631,-0.00498096,0.103962
113233719000,0.75676,0.207362,0.0743034,0.00897809,0.00698405,-0.0119959,0.9944,0.0170832,-0.00499466,0.104174
113243719000,0.756851,0.207428,0.0741784,0.00939352,0.0061535,-0.0130007,0.994386,0.0166072,-0.005002,0.104378
113253719000,0.756947,0.207485,0.074043,0.00970289,0.00512754,-0.0140779,0.994374,0.016136,-0.00499923,0.104567
113263719000,0.757045,0.207533,0.0738966,0.00999756,0.00453758,-0.0151932,0.994362,0.0156779,-0.00498724,0.10475
113273719000,0.757147,0.207575,0.0737398,0.0103078,0.00379372,-0.0161747,0.994352,0.015222,-0.00496442,0.104914
113283719000,0.757251,0.207609,0.073573,0.010514,0.00308963,-0.0171778,0.994343,0.0147747,-0.00493978,0.105069
113293719000,0.757357,0.207635,0.0733966,0.0106845,0.0021596,-0.0181056,0.994334,0.014344,-0.00491132,0.105215
113303719000,0.757465,0.207654,0.0732119,0.0108975,0.00158944,-0.0188395,0.994326,0.0139266,-0.00486968,0.105351
113313719000,0.757575,0.207666,0.0730198,0.0112004,0.000815087,-0.0195807,0.994318,0.0135246,-0.00481922,0.105481
113323719000,0.75769,0.207671,0.0728204,0.0117054,0.000150279,-0.0202986,0.99431,0.0131311,-0.00476744,0.105608
113333719000,0.757622,0.20817,0.0733586,0.0117297,0.00179868,-0.0182174,0.994302,0.0127543,-0.00470215,0.105727
113343719000,0.75774,0.208185,0.0731728,0.011969,0.00106204,-0.018949,0.994295,0.0124061,-0.00463138,0.105844
113353719000,0.757861,0.208191,0.0729791,0.012255,0.000205716,-0.01979,0.994287,0.012081,-0.0045533,0.105953
113363719000,0.757986,0.208189,0.0727778,0.0126371,-0.000715628,-0.0204753,0.99428,0.0117815,-0.00446807,0.106058
113373719000,0.758113,0.208177,0.0725692,0.0128378,-0.00156057,-0.0212339,0.994272,0.0115081,-0.00437462,0.106166
113383719000,0.758242,0.208158,0.0723537,0.0129886,-0.00236254,-0.0218782,0.994265,0.0112613,-0.00427981,0.106262
113393719000,0.758374,0.20813,0.0721313,0.0132554,-0.00318527,-0.022591,0.994258,0.0110473,-0.00418448,0.106355
113403719000,0.758508,0.208093,0.0719027,0.0135469,-0.00409113,-0.0231278,0.994251,0.0108669,-0.00408106,0.106446
113413719000,0.758644,0.208048,0.0716694,0.0138187,-0.00488924,-0.0235461,0.994243,0.0107117,-0.00397415,0.106534
113423719000,0.758783,0.207995,0.0714318,0.0139156,-0.00571236,-0.0239718,0.994236,0.0105788,-0.00386321,0.106622
113433719000,0.758762,0.208073,0.0730341,0.0145001,-0.00475035,-0.0175213,0.994228,0.0104722,-0.00374789,0.106709
113443719000,0.758907,0.208022,0.0728567,0.0145088,-0.00545464,-0.0179546,0.99422,0.0103979,-0.00363176,0.106796
113453719000,0.758927,0.208125,0.0738814,0.014742,-0.00466088,-0.0137892,0.994211,0.0103559,-0.00351364,0.106892
113463719000,0.759075,0.208077,0.0737418,0.0149476,-0.00498734,-0.0141301,0.994201,0.0103407,-0.00339334,0.106986
113473719000,0.759226,0.208024,0.0735986,0.0152019,-0.00556277,-0.0145045,0.994191,0.0103633,-0.00326623,0.107077
113483719000,0.759379,0.207966,0.0734533,0.0152884,-0.00606946,-0.0145671,0.994181,0.0104134,-0.0031418,0.107169
113493719000,0.759531,0.207903,0.0733073,0.0152836,-0.00653768,-0.0146156,0.994171,0.0104908,-0.00301995,0.107259
113503719000,0.759684,0.207835,0.0731612,0.015302,-0.00702224,-0.0146171,0.994161,0.0105969,-0.00288802,0.107346
113513719000,0.759837,0.207763,0.0730152,0.0151916,-0.00741049,-0.0145855,0.99415,0.0107313,-0.00275819,0.107435
113523719000,0.759988,0.207688,0.0728691,0.0150947,-0.00766152,-0.0146338,0.994139,0.0108969,-0.00262225,0.10753
113533719000,0.76029,0.207229,0.0741807,0.0161299,-0.00857917,-0.00910425,0.994127,0.0110884,-0.0024949,0.107624
113543719000,0.760451,0.207141,0.0740903,0.0160829,-0.00913312,-0.00898468,0.994115,0.011297,-0.0023633,0.107717
113553719000,0.760611,0.207048,0.0740018,0.0159311,-0.00929911,-0.00871513,0.994101,0.0115302,-0.00223897,0.107816
113563719000,0.76077,0.206954,0.0739154,0.0157492,-0.00959305,-0.00855574,0.994087,0.0117958,-0.00211264,0.107919
113573719000,0.760926,0.206857,0.0738315,0.0155739,-0.00983088,-0.00822551,0.994073,0.0120716,-0.00198505,0.108027
113583719000,0.761081,0.206757,0.0737518,0.0153456,-0.0101273,-0.00771225,0.994057,0.0123652,-0.0018562,0.108137
113593719000,0.761233,0.206655,0.0736763,0.0150191,-0.0102855,-0.00739125,0.99404,0.0126826,-0.00172775,0.108259
113603719000,0.76138,0.206552,0.0736051,0.0144677,-0.0103999,-0.00684849,0.994022,0.0130157,-0.00159656,0.108387
113613719000,0.761522,0.206447,0.0735402,0.0139126,-0.0106008,-0.00612968,0.994004,0.0133635,-0.00146945,0.10851
113623719000,0.761658,0.206341,0.073482,0.0132848,-0.0106042,-0.00550523,0.993986,0.013724,-0.00134754,0.108634
113633719000,0.761787,0.206236,0.0734303,0.0126245,-0.0104231,-0.00483465,0.993967,0.014094,-0.00121327,0.10876
113643719000,0.76191,0.206131,0.0733849,0.0118801,-0.0104912,-0.00425163,0.993948,0.0144814,-0.0010817,0.108891
113653719000,0.762533,0.205359,0.0743706,0.0131685,-0.0125529,0.0002378,0.993927,0.014882,-0.000952586,0.109028
113663719000,0.762663,0.205233,0.0743764,0.0126188,-0.0125886,0.000916033,0.993905,0.0152913,-0.000820265,0.109169
113673719000,0.763201,0.204712,0.0749355,0.0134752,-0.0138732,0.00358205,0.993883,0.0157108,-0.0006893,0.109313
113683719000,0.763331,0.204574,0.0749747,0.0126189,-0.0136591,0.00426172,0.99386,0.0161338,-0.000558082,0.109462
113693719000,0.763453,0.204438,0.0750214,0.0116359,-0.0135713,0.005076,0.993837,0.0165552,-0.000426481,0.109611
113703719000,0.763565,0.204303,0.0750761,0.0108242,-0.0133798,0.00586803,0.993813,0.0169749,-0.000301147,0.109765
113713719000,0.763668,0.204171,0.0751395,0.00968155,-0.0130988,0.00679975,0.993788,0.0173886,-0.00018419,0.109926
113723719000,0.763759,0.204041,0.0752118,0.00864336,-0.0128483,0.00766731,0.993762,0.0178075,-6.28378e-05,0.110092
113733719000,0.763841,0.203914,0.0752923,0.00773649,-0.0125408,0.00842357,0.993736,0.0182201,6.0678e-05,0.110258
113743719000,0.763914,0.20379,0.07538,0.00679625,-0.0122793,0.00912344,0.993709,0.0186261,0.000178462,0.110431
113753719000,0.763976,0.20367,0.0754747,0.0056919,-0.0118037,0.00980979,0.993682,0.0190244,0.000295372,0.110607
113763719000,0.764698,0.203159,0.0753251,0.00676567,-0.0131448,0.00969163,0.993655,0.0194168,0.000409251,0.11078
113773719000,0.764761,0.203029,0.0754257,0.00566989,-0.012693,0.0104225,0.993627,0.0197987,0.000513529,0.110961
113783719000,0.764811,0.202905,0.0755332,0.00441416,-0.0120906,0.0110853,0.9936,0.0201717,0.000607092,0.11114
113793719000,0.764849,0.202787,0.0756478,0.00325205,-0.0116016,0.0118349,0.993572,0.0205304,0.000692561,0.111325
113803719000,0.764877,0.202674,0.0757691,0.00218088,-0.0108797,0.0124294,0.993544,0.0208788,0.000774482,0.111509
113813719000,0.764893,0.202568,0.0758968,0.00111147,-0.0102853,0.0131115,0.993516,0.0212136,0.000846192,0.111689
113823719000,0.764898,0.202469,0.0760316,-5.278e-05,-0.00969161,0.01383,0.99349,0.0215368,0.000914981,0.111862
113833719000,0.764893,0.202374,0.0761743,-0.00107908,-0.00925654,0.0147197,0.993464,0.0218497,0.000980409,0.11203
113843719000,0.764877,0.202284,0.0763252,-0.00208536,-0.00880422,0.0154669,0.993438,0.0221497,0.0010395,0.112197
113853719000,0.764852,0.202198,0.0764825,-0.00294551,-0.0082459,0.0159837,0.993413,0.0224389,0.00108441,0.112364
113863719000,0.764817,0.202118,0.0766445,-0.00393223,-0.00778021,0.0164138,0.993388,0.0227207,0.0011154,0.11253
113873719000,0.764774,0.202043,0.0768127,-0.00473928,-0.00730619,0.0172361,0.993363,0.0229956,0.00114434,0.112693
113883719000,0.765572,0.201686,0.0755882,-0.00336045,-0.00913105,0.0130565,0.993338,0.0232652,0.00116468,0.112858
113893719000,0.766104,0.20142,0.0748355,-0.00253268,-0.0102768,0.010538,0.993313,0.0235278,0.00117428,0.113021
113903719000,0.766049,0.201285,0.0771262,-0.00336945,-0.0100825,0.0118274,0.993288,0.0237825,0.00118165,0.113188
113913719000,0.766011,0.201184,0.0772482,-0.00418267,-0.0099989,0.0125646,0.993264,0.0240339,0.00118589,0.113349
113923719000,0.765967,0.201085,0.0773761,-0.00460331,-0.00991471,0.0130117,0.993239,0.0242834,0.00117498,0.113512
113933719000,0.765917,0.200986,0.077508,-0.00541474,-0.00988314,0.013376,0.993214,0.0245267,0.00116099,0.113676
113943719000,0.76586,0.200887,0.0776437,-0.00589756,-0.00974281,0.013774,0.99319,0.0247639,0.00113517,0.11384
113953719000,0.765798,0.200791,0.0777836,-0.00654336,-0.00952643,0.0142069,0.993166,0.02499,0.00110991,0.113996
113963719000,0.765731,0.200696,0.0779264,-0.00693389,-0.00944508,0.0143518,0.993142,0.0252055,0.00106932,0.114159
113973719000,0.765659,0.200602,0.0780707,-0.00732211,-0.00945378,0.0145014,0.993118,0.0254177,0.00101232,0.11432
113983719000,0.765564,0.200793,0.0771926,-0.0085826,-0.00914696,0.00958386,0.993095,0.025625,0.000942827,0.114478
113993719000,0.765475,0.200702,0.0772884,-0.0091045,-0.00910615,0.00957723,0.993072,0.0258191,0.000866791,0.114636
114003719000,0.765383,0.200611,0.0773843,-0.00934321,-0.00898023,0.0095875,0.993049,0.0260078,0.000776316,0.114792
114013719000,0.765287,0.200521,0.07748,-0.00983172,-0.00905269,0.00956653,0.993026,0.02619,0.000675704,0.114946
114023719000,0.765187,0.200431,0.0775754,-0.0100753,-0.00900432,0.00950035,0.993004,0.0263595,0.000561195,0.115097
114033719000,0.765086,0.20034,0.07767,-0.0101969,-0.00917852,0.00942478,0.992982,0.0265138,0.000437108,0.115257
114043719000,0.764983,0.200248,0.0777633,-0.0103247,-0.00929082,0.00924489,0.99296,0.0266602,0.000302451,0.115413
114053719000,0.764881,0.200155,0.0778543,-0.0102224,-0.00926242,0.00894858,0.992938,0.0267869,0.000160283,0.115568
114063719000,0.764778,0.200063,0.0779425,-0.010331,-0.0092438,0.00868937,0.992917,0.0268999,1.44383e-05,0.115722
114073719000,0.764675,0.19997,0.0780281,-0.010225,-0.00933855,0.00842686,0.992897,0.0270025,-0.00013999,0.115872
114083719000,0.764044,0.20035,0.0769288,-0.0124635,-0.00828513,0.00283453,0.992877,0.0270983,-0.000302719,0.116017
114093719000,0.763578,0.200556,0.0762296,-0.0137244,-0.00760547,-0.000762342,0.992859,0.0271717,-0.000475921,0.116161
114103719000,0.763443,0.200481,0.0762202,-0.0133387,-0.00750919,-0.00111656,0.99284,0.0272239,-0.000646019,0.116302
114113719000,0.763311,0.200406,0.0762074,-0.0129767,-0.00748567,-0.00142795,0.992824,0.0272645,-0.000820492,0.116435
114123719000,0.763183,0.20033,0.0761909,-0.0126762,-0.00764211,-0.00188479,0.992808,0.0272909,-0.0010018,0.116561
114133719000,0.763059,0.200253,0.0761692,-0.0122107,-0.00779901,-0.0024407,0.992793,0.027303,-0.00118938,0.116684
114143719000,0.762939,0.200174,0.0761434,-0.0117245,-0.00791655,-0.00272376,0.992779,0.0273059,-0.00138393,0.116799
114153719000,0.762825,0.200095,0.0761148,-0.0111243,-0.00800148,-0.00299348,0.992766,0.0272891,-0.00158087,0.116914
114163719000,0.762716,0.200013,0.0760833,-0.0105216,-0.00832703,-0.0033103,0.992753,0.0272625,-0.00177834,0.11703
114173719000,0.762614,0.199929,0.0760486,-0.00998516,-0.00845842,-0.00364002,0.99274,0.0272318,-0.00196933,0.117141
114183719000,0.761599,0.200257,0.075625,-0.0128903,-0.00686366,-0.00563528,0.992728,0.0271844,-0.00215743,0.117247
114193719000,0.761474,0.200189,0.0755661,-0.0120689,-0.0068379,-0.00613853,0.992717,0.0271203,-0.00235026,0.117351
114203719000,0.761358,0.20012,0.0755025,-0.0111805,-0.00695135,-0.00658526,0.992707,0.0270448,-0.002536,0.117448
114213719000,0.76125,0.20005,0.075435,-0.0104479,-0.00700099,-0.00691773,0.992699,0.0269621,-0.0027142,0.117537
114223719000,0.761151,0.199981,0.0753633,-0.00927093,-0.00684764,-0.00742143,0.992691,0.02686,-0.00288521,0.117617
114233719000,0.761064,0.199913,0.0752863,-0.00816293,-0.00672795,-0.00798334,0.992685,0.0267391,-0.0030532,0.117696
114243719000,0.760988,0.199846,0.0752042,-0.00704454,-0.00668448,-0.00843801,0.99268,0.0266084,-0.00321783,0.117765
114253719000,0.760922,0.199779,0.0751175,-0.00615163,-0.00670777,-0.00888657,0.992676,0.0264658,-0.00336952,0.117823
114263719000,0.760866,0.199712,0.075026,-0.00517549,-0.00676172,-0.00941888,0.992674,0.0263098,-0.00351367,0.117875
114273719000,0.760818,0.199644,0.0749302,-0.0043098,-0.00680752,-0.00973635,0.992672,0.0261454,-0.00365359,0.117919
114283719000,0.76078,0.199576,0.0748306,-0.00328548,-0.00673174,-0.0101877,0.992672,0.0259635,-0.00378189,0.117956
114293719000,0.760753,0.19951,0.0747272,-0.00222912,-0.00649212,-0.0104952,0.992672,0.0257698,-0.0039002,0.117992
114303719000,0.759434,0.199752,0.0748427,-0.00558552,-0.00464658,-0.010071,0.992674,0.0255638,-0.0040049,0.118019
114313719000,0.759384,0.199706,0.0747412,-0.00432406,-0.00452739,-0.0102209,0.992677,0.0253447,-0.00409613,0.118042
114323719000,0.75839,0.199819,0.0748107,-0.00668277,-0.00340533,-0.00975454,0.992681,0.0251246,-0.00417556,0.118049
114333719000,0.758328,0.199786,0.0747118,-0.00561798,-0.00321784,-0.0100289,0.992687,0.0248937,-0.0042469,0.118044
114343719000,0.758277,0.199754,0.0746109,-0.00451282,-0.00309286,-0.0101607,0.992695,0.0246632,-0.00430308,0.118028
114353719000,0.758238,0.199725,0.074507,-0.00333968,-0.002857,-0.0106044,0.992704,0.024422,-0.00434715,0.117999
114363719000,0.75821,0.199697,0.0743996,-0.00222742,-0.0026454,-0.0108861,0.992715,0.0241727,-0.00437618,0.117959
114373719000,0.758193,0.199672,0.0742891,-0.00126659,-0.00239558,-0.0112038,0.992727,0.0239192,-0.00439771,0.117903
114383719000,0.758185,0.199648,0.0741764,-0.000291032,-0.00232679,-0.0113355,0.99274,0.0236582,-0.00439569,0.117845
114393719000,0.758189,0.199625,0.0740633,0.00103615,-0.00234724,-0.0112932,0.992755,0.0233943,-0.00438051,0.117777
114403719000,0.758204,0.199601,0.0739506,0.00204957,-0.0023188,-0.0112565,0.992771,0.0231241,-0.00434473,0.117699
114413719000,0.757483,0.199679,0.0743985,0.00073712,-0.00140049,-0.00902282,0.992787,0.022862,-0.00430106,0.117612
114423719000,0.757495,0.199665,0.0743075,0.00180095,-0.00148541,-0.00917883,0.992805,0.0225917,-0.00423713,0.117516
114433719000,0.757517,0.19965,0.0742158,0.0025359,-0.00162245,-0.00915362,0.992823,0.0223278,-0.00415588,0.117415
114443719000,0.757547,0.199633,0.074124,0.00349245,-0.00169593,-0.00922141,0.992842,0.0220667,-0.00406236,0.117311
114453719000,0.757586,0.199614,0.0740321,0.00431514,-0.00203211,-0.00915323,0.992862,0.0218119,-0.00395207,0.117191
114463719000,0.757634,0.199594,0.0739408,0.00523156,-0.00210445,-0.00910676,0.992882,0.0215529,-0.00382966,0.117069
114473719000,0.75769,0.199572,0.07385,0.00593681,-0.00230226,-0.00904707,0.992903,0.0213107,-0.00368903,0.116946
114483719000,0.757752,0.199548,0.0737605,0.00657273,-0.00242366,-0.00885877,0.992923,0.0210755,-0.00353685,0.116821
114493719000,0.757822,0.199522,0.0736731,0.00735455,-0.00268976,-0.00862035,0.992943,0.0208466,-0.00337025,0.116695
114503719000,0.757899,0.199494,0.0735877,0.0080134,-0.0029989,-0.00845549,0.992964,0.0206293,-0.00319358,0.116562
114513719000,0.757982,0.199462,0.073504,0.0086587,-0.003299,-0.00828764,0.992985,0.0204095,-0.00300452,0.116425
114523719000,0.758072,0.199428,0.0734226,0.00927188,-0.00358777,-0.00800005,0.993006,0.0202054,-0.00280374,0.11629
114533719000,0.757623,0.199802,0.0739355,0.00823456,-0.00176551,-0.00552308,0.993026,0.0200181,-0.00258106,0.116153
114543719000,0.757708,0.199784,0.0738811,0.00874176,-0.00203128,-0.00535931,0.993047,0.0198314,-0.00235011,0.116013
114553719000,0.757402,0.200045,0.0741639,0.00818634,-0.000885826,-0.00411787,0.993067,0.0196617,-0.00210704,0.115874
114563719000,0.757485,0.200035,0.0741241,0.00843985,-0.00117985,-0.00383993,0.993086,0.0195035,-0.00185465,0.115741
114573719000,0.757573,0.200022,0.0740867,0.00902958,-0.00152569,-0.00364428,0.993105,0.0193614,-0.00158293,0.115606
114583719000,0.757665,0.200004,0.0740515,0.00939366,-0.00193786,-0.00338742,0.993124,0.0192315,-0.00130449,0.115474
114593719000,0.75776,0.199983,0.0740198,0.00965976,-0.00241274,-0.00295865,0.993141,0.0191105,-0.00102258,0.115346
114603719000,0.757858,0.199956,0.0739909,0.00999601,-0.00282234,-0.0028265,0.993158,0.0189991,-0.000723088,0.115223
114613719000,0.757959,0.199927,0.0739644,0.0101229,-0.00314688,-0.00245878,0.993173,0.0189007,-0.000424618,0.115107
114623719000,0.75806,0.199894,0.0739413,0.0101743,-0.00331762,-0.00216887,0.993188,0.0188196,-0.000116951,0.114992
114633719000,0.758162,0.199859,0.0739216,0.0101659,-0.00366385,-0.00176945,0.993202,0.0187497,0.000197826,0.114884
114643719000,0.758498,0.200174,0.0739836,0.0112436,-0.00269998,-0.00109069,0.993215,0.0186962,0.000518057,0.114779
114653719000,0.75861,0.200146,0.0739738,0.011174,-0.00296734,-0.000867155,0.993228,0.0186491,0.000848681,0.114676
114663719000,0.758722,0.200115,0.0739668,0.011029,-0.00311427,-0.000529405,0.993239,0.0186176,0.00118933,0.114577
114673719000,0.758832,0.200083,0.0739637,0.0109747,-0.00330709,-0.000102426,0.99325,0.0186013,0.00152953,0.114481
114683719000,0.758941,0.200049,0.0739639,0.0109197,-0.00358893,0.000148508,0.99326,0.0185929,0.00187584,0.114389
114693719000,0.759049,0.200012,0.0739671,0.0107125,-0.00373204,0.000489563,0.99327,0.0186013,0.00223151,0.114298
114703719000,0.759156,0.199974,0.073974,0.0105706,-0.00394832,0.00089659,0.993279,0.0186189,0.00258713,0.114212
114713719000,0.75926,0.199934,0.0739848,0.0102614,-0.00390549,0.00125362,0.993286,0.0186471,0.00293938,0.11413
114723719000,0.75936,0.199895,0.0739986,0.00972302,-0.00399187,0.00150985,0.993294,0.0186866,0.00328691,0.114049
114733719000,0.759454,0.199855,0.0740153,0.0092422,-0.0040737,0.00184373,0.993301,0.018738,0.00363287,0.113967
114743719000,0.760216,0.200046,0.0736542,0.0112039,-0.00336458,0.000654384,0.993307,0.0188012,0.00397126,0.113891
114753719000,0.760754,0.200149,0.0734169,0.0120938,-0.00286898,-0.000165628,0.993313,0.0188728,0.00430097,0.113815
114763719000,0.760872,0.200121,0.0734171,0.011558,-0.00280708,0.000208934,0.993319,0.0189573,0.00464007,0.113741
114773719000,0.760986,0.200094,0.0734199,0.0110881,-0.00243793,0.000361778,0.993324,0.0190496,0.00496859,0.113665
114783719000,0.761094,0.200071,0.0734247,0.010602,-0.00220078,0.000583181,0.993329,0.0191377,0.00528618,0.113595
114793719000,0.761197,0.200051,0.0734322,0.00990518,-0.00174258,0.000922553,0.993334,0.0192445,0.00559587,0.113518
114803719000,0.761292,0.200035,0.0734426,0.00915209,-0.00152723,0.00116339,0.993338,0.0193631,0.0058921,0.113443
114813719000,0.76138,0.200022,0.0734557,0.00838853,-0.00115447,0.00144921,0.993343,0.0194785,0.00618165,0.113371
114823719000,0.761459,0.200012,0.0734709,0.0075319,-0.000848528,0.00159586,0.993347,0.0196006,0.00646605,0.113296
114833719000,0.761531,0.200006,0.073487,0.00691705,-0.000351971,0.00162962,0.993351,0.0197198,0.00673099,0.113224
114843719000,0.762195,0.199998,0.0729636,0.00832688,-0.000299117,-0.000284406,0.993355,0.0198492,0.00698124,0.113147
114853719000,0.762274,0.199997,0.0729613,0.00748717,2.08309e-05,-0.000160146,0.99336,0.0199795,0.00721881,0.113066
114863719000,0.762346,0.199999,0.0729609,0.00677344,0.000434141,6.72124e-05,0.993366,0.0201054,0.00743399,0.112982
114873719000,0.762409,0.200005,0.0729611,0.00600067,0.000880891,-1.75439e-05,0.993372,0.0202238,0.00763796,0.112893
114883719000,0.762465,0.200016,0.0729613,0.0051559,0.0011461,4.97252e-05,0.993378,0.0203402,0.00782734,0.112804
114893719000,0.762513,0.200029,0.0729613,0.00432595,0.00154291,-5.16084e-05,0.993385,0.0204652,0.00800933,0.112709
114903719000,0.762448,0.199913,0.0800907,0.00342798,0.00192172,0.00306181,0.993392,0.0205876,0.00816343,0.112614
114913719000,0.762477,0.199935,0.0801214,0.00243515,0.0023409,0.00306979,0.993399,0.0207008,0.0082975,0.112522
114923719000,0.762497,0.19996,0.0801527,0.00151975,0.00270108,0.00319122,0.993406,0.0208091,0.0084095,0.112432
114933719000,0.762507,0.199989,0.0801848,0.000424635,0.00319069,0.00323723,0.993414,0.0209073,0.00852105,0.112336
114943719000,0.763003,0.199952,0.0796968,0.000790904,0.00266671,0.000567504,0.993422,0.0210006,0.00861249,0.112238
114953719000,0.763005,0.19998,0.0797012,-0.000337943,0.00296666,0.000316386,0.993431,0.0210901,0.00869377,0.112139
114963719000,0.763442,0.19994,0.0793604,-3.51808e-05,0.00271336,-0.0013691,0.99344,0.0211746,0.00875222,0.112036
114973719000,0.763436,0.199969,0.0793471,-0.00116522,0.00320738,-0.00129411,0.993449,0.0212544,0.0087994,0.111934
114983719000,0.76342,0.200003,0.0793342,-0.00216428,0.00352928,-0.00128401,0.993459,0.0213211,0.00883438,0.111834
114993719000,0.763393,0.200039,0.0793221,-0.00322824,0.00374028,-0.00113737,0.993468,0.0213851,0.00885157,0.11174
115003719000,0.763355,0.200078,0.0793112,-0.00426611,0.00392225,-0.00103999,0.993478,0.0214411,0.00885022,0.111642
115013719000,0.763307,0.200117,0.0792998,-0.0054244,0.00402605,-0.0012292,0.993487,0.0214908,0.00884557,0.111549
115023719000,0.763247,0.20016,0.0792883,-0.00655496,0.00449589,-0.00107129,0.993497,0.0215273,0.00883402,0.111457
115033719000,0.763176,0.200206,0.0792776,-0.00767482,0.00471117,-0.00107052,0.993506,0.0215586,0.00880028,0.111368
115043719000,0.763094,0.200254,0.0792665,-0.00873455,0.00483765,-0.00114942,0.993516,0.0215773,0.00876255,0.111283
115053719000,0.763002,0.200303,0.0792547,-0.00968723,0.00500755,-0.0012182,0.993526,0.0215883,0.0087072,0.111198
115063719000,0.762899,0.200354,0.0792425,-0.0107682,0.00523252,-0.00121792,0.993535,0.0215879,0.00864593,0.111119
115073719000,0.763049,0.200406,0.0789149,-0.0108432,0.00528854,-0.00265387,0.993545,0.0215768,0.00856739,0.111037
115083719000,0.762935,0.200459,0.0788882,-0.0118327,0.00533663,-0.00270446,0.993555,0.0215525,0.00847032,0.110962
115093719000,0.762812,0.200513,0.0788599,-0.012835,0.00542282,-0.00293641,0.993565,0.0215179,0.00836862,0.110884
115103719000,0.762678,0.200568,0.0788293,-0.0138483,0.00551995,-0.00319032,0.993575,0.0214707,0.00826208,0.110815
115113719000,0.762536,0.200623,0.0787961,-0.0145093,0.00555419,-0.00344659,0.993585,0.0214117,0.00814799,0.110741
115123719000,0.762388,0.200678,0.0787596,-0.015203,0.00551175,-0.00384988,0.993596,0.0213353,0.00801249,0.110668
115133719000,0.762232,0.200733,0.0787203,-0.0159744,0.00546959,-0.00402058,0.993607,0.0212437,0.00786514,0.110596
115143719000,0.762069,0.200788,0.0786793,-0.0167338,0.00546179,-0.0041819,0.993619,0.0211382,0.00772258,0.110522
115153719000,0.761898,0.200843,0.0786363,-0.0173826,0.00550027,-0.00441524,0.993631,0.0210213,0.00755837,0.110444
115163719000,0.761721,0.200897,0.0785909,-0.0179935,0.00531759,-0.0046567,0.993643,0.0208839,0.00739407,0.110376
115173719000,0.761196,0.201071,0.0784966,-0.01968,0.00563008,-0.00528054,0.993655,0.0207371,0.00721787,0.110302
115183719000,0.760998,0.201128,0.078442,-0.0200162,0.00564071,-0.00564255,0.993669,0.0205737,0.00702811,0.110227
115193719000,0.760624,0.201265,0.0783954,-0.0210202,0.00589499,-0.00595433,0.993683,0.0203951,0.00684039,0.110144
115203719000,0.760412,0.201324,0.0783338,-0.0213893,0.00577968,-0.00637932,0.993697,0.0202063,0.00664324,0.110059
115213719000,0.760197,0.201381,0.0782683,-0.0217058,0.0056424,-0.00671864,0.993712,0.0200022,0.00644031,0.109973
115223719000,0.759978,0.201437,0.0781986,-0.0220264,0.00549807,-0.00722414,0.993728,0.0197826,0.00623736,0.109886
115233719000,0.759757,0.20149,0.0781242,-0.0220693,0.00514083,-0.00764733,0.993744,0.0195454,0.00602969,0.109791
115243719000,0.759536,0.201539,0.0780451,-0.0222225,0.00474303,-0.00818054,0.993762,0.0192969,0.00581935,0.109687
115253719000,0.759313,0.201585,0.077961,-0.0224643,0.00440015,-0.00862665,0.993779,0.0190375,0.00560203,0.109584
115263719000,0.759087,0.201627,0.0778728,-0.0226255,0.00401553,-0.00901748,0.993797,0.0187765,0.00538823,0.109479
115273719000,0.758861,0.201666,0.0777803,-0.0226929,0.00376382,-0.00947515,0.993815,0.0185067,0.00516968,0.10937
115283719000,0.758634,0.201702,0.0776829,-0.0226794,0.0034998,-0.010008,0.993834,0.0182309,0.00495221,0.109255
115293719000,0.757511,0.202102,0.0780633,-0.0253376,0.00514479,-0.00856308,0.993854,0.0179534,0.00474358,0.109133
115303719000,0.757258,0.202151,0.0779749,-0.0252165,0.00450215,-0.00912127,0.993873,0.0176671,0.00453802,0.109013
115313719000,0.757006,0.202194,0.0778808,-0.0249842,0.00406244,-0.00970713,0.993893,0.0173759,0.0043244,0.108884
115323719000,0.756757,0.202231,0.0777807,-0.0249219,0.00333325,-0.0103029,0.993914,0.0170894,0.00411511,0.108748
115333719000,0.756508,0.202261,0.077676,-0.0248635,0.00278416,-0.0106445,0.993935,0.0168005,0.00390841,0.108612
115343719000,0.756261,0.202287,0.0775668,-0.024599,0.00237822,-0.0111962,0.993956,0.016509,0.00370799,0.108468
115353719000,0.756016,0.202309,0.0774523,-0.0242997,0.00189009,-0.0117081,0.993977,0.0162182,0.003511,0.108323
115363719000,0.755775,0.202325,0.0773324,-0.0240417,0.00149152,-0.0122709,0.993999,0.0159259,0.00331813,0.108172
115373719000,0.755536,0.202337,0.0772074,-0.0237668,0.000929809,-0.0127217,0.994021,0.0156421,0.00313372,0.108016
115383719000,0.755299,0.202344,0.0770775,-0.0235491,0.000445207,-0.0132589,0.994043,0.0153663,0.00296051,0.107857
115393719000,0.753936,0.202685,0.0780434,-0.0266085,0.00211113,-0.00964787,0.994065,0.0150983,0.00279175,0.107694
115403719000,0.753671,0.202704,0.0779446,-0.0262797,0.00147109,-0.0101242,0.994088,0.0148437,0.00262919,0.107527
115413719000,0.75265,0.202981,0.0785927,-0.0283257,0.00241617,-0.00779621,0.994111,0.0145984,0.00248579,0.107354
115423719000,0.752368,0.203002,0.0785129,-0.0280657,0.00168604,-0.00817361,0.994134,0.0143634,0.00235506,0.107175
115433719000,0.752089,0.203016,0.0784288,-0.0276107,0.00101493,-0.00863461,0.994157,0.0141406,0.00222578,0.106993
115443719000,0.751815,0.203023,0.0783402,-0.0271837,0.00048929,-0.00907986,0.994179,0.0139214,0.00211819,0.106816
115453719000,0.751545,0.203026,0.0782471,-0.0269347,3.59719e-05,-0.00954031,0.994202,0.0137199,0.00202227,0.106633
115463719000,0.751277,0.203022,0.0781503,-0.0265223,-0.000686995,-0.00982363,0.994225,0.0135345,0.00193876,0.106445
115473719000,0.751014,0.203013,0.0780498,-0.0261158,-0.00124737,-0.0102797,0.994247,0.0133702,0.00187874,0.106262
115483719000,0.750754,0.202997,0.0779452,-0.0258771,-0.00182189,-0.0106318,0.994268,0.0132177,0.00182825,0.106077
115493719000,0.750497,0.202976,0.0778376,-0.0255551,-0.00240396,-0.0108971,0.99429,0.0130922,0.00178796,0.105889
115503719000,0.750243,0.202948,0.0777272,-0.0252663,-0.00314821,-0.0111859,0.994312,0.0129901,0.0017646,0.105699
115513719000,0.749462,0.203088,0.0788654,-0.02622,-0.00225729,-0.00679806,0.994333,0.0129053,0.00175651,0.105509
115523719000,0.749201,0.203063,0.0787958,-0.0259866,-0.00282133,-0.00712314,0.994354,0.0128385,0.00176426,0.105316
115533719000,0.748944,0.203032,0.0787238,-0.0254554,-0.00333482,-0.00726076,0.994375,0.0127972,0.00177616,0.105122
115543719000,0.748692,0.202997,0.0786502,-0.0249325,-0.00379576,-0.0074753,0.994396,0.0127776,0.00180013,0.104929
115553719000,0.748444,0.202956,0.0785743,-0.0246959,-0.0042787,-0.00769261,0.994417,0.0127822,0.0018469,0.104731
115563719000,0.748199,0.202911,0.0784969,-0.0243301,-0.00476281,-0.00779477,0.994437,0.0128145,0.00189889,0.104534
115573719000,0.747956,0.202861,0.0784186,-0.024173,-0.00528892,-0.00786499,0.994457,0.0128645,0.00197173,0.104339
115583719000,0.747717,0.202805,0.0783396,-0.0236254,-0.00588745,-0.00793814,0.994477,0.0129381,0.00205883,0.104138
115593719000,0.747483,0.202745,0.0782595,-0.0232308,-0.00616755,-0.00807328,0.994496,0.0130381,0.00216218,0.103937
115603719000,0.747251,0.202681,0.0781789,-0.0230489,-0.00655691,-0.00804734,0.994515,0.0131578,0.00227324,0.103735
115613719000,0.746537,0.202569,0.0795794,-0.0235809,-0.00619336,-0.00280365,0.994534,0.0133097,0.00238873,0.103535
115623719000,0.746303,0.202505,0.0795504,-0.0233834,-0.00649149,-0.00300136,0.994552,0.0134794,0.0025221,0.103336
115633719000,0.745718,0.202445,0.0804747,-0.0237515,-0.00617437,0.000542313,0.994569,0.013666,0.00266677,0.103142
115643719000,0.745482,0.202383,0.0804803,-0.0235177,-0.00628214,0.000571592,0.994586,0.013873,0.00282847,0.102949
115653719000,0.745248,0.202319,0.080486,-0.0232944,-0.00641239,0.000569066,0.994602,0.0141029,0.00299965,0.102752
115663719000,0.745017,0.202254,0.0804916,-0.0228365,-0.00664894,0.000553448,0.994619,0.0143458,0.00317055,0.102555
115673719000,0.744791,0.202186,0.0804974,-0.0223471,-0.00686778,0.000607905,0.994634,0.014614,0.00335076,0.102362
115683719000,0.74457,0.202118,0.0805035,-0.0219607,-0.00685581,0.000606964,0.99465,0.0148901,0.00353644,0.102166
115693719000,0.744352,0.202049,0.0805096,-0.0215709,-0.00689144,0.000609267,0.994665,0.0151866,0.00372933,0.101968
115703719000,0.744138,0.20198,0.0805161,-0.02127,-0.00680293,0.00069713,0.994679,0.015496,0.0039242,0.10177
115713719000,0.743927,0.201913,0.0805234,-0.0209149,-0.00678718,0.000761801,0.994694,0.0158158,0.00411575,0.101573
115723719000,0.74372,0.201845,0.0805303,-0.0205563,-0.00671294,0.000623028,0.994707,0.0161451,0.00430977,0.10138
115733719000,0.743516,0.20178,0.0805366,-0.0201269,-0.00634962,0.000639022,0.994721,0.0164907,0.00451203,0.101182
115743719000,0.743092,0.201296,0.0815037,-0.0200231,-0.00727456,0.00424974,0.994735,0.0168357,0.00471539,0.100982
115753719000,0.742895,0.201226,0.0815465,-0.0194186,-0.00681843,0.00431332,0.994748,0.0171878,0.00491799,0.100776
115763719000,0.742703,0.201161,0.0815904,-0.0190041,-0.00611154,0.00446015,0.994762,0.0175484,0.00511539,0.10057
115773719000,0.742515,0.201103,0.0816348,-0.0185263,-0.00547894,0.00442375,0.994776,0.0179167,0.00531685,0.100358
115783719000,0.742332,0.201052,0.0816795,-0.0180183,-0.0047098,0.00451647,0.99479,0.0182831,0.00551784,0.100141
115793719000,0.742154,0.201009,0.081726,-0.017584,-0.00395653,0.00476995,0.994804,0.0186433,0.00572154,0.0999224
115803719000,0.741982,0.200974,0.0817755,-0.0169382,-0.00298261,0.00513327,0.994818,0.018989,0.00591937,0.0997054
115813719000,0.741816,0.200949,0.0818284,-0.0162539,-0.00202401,0.00545801,0.994833,0.0193186,0.00611629,0.0994798
115823719000,0.741656,0.200934,0.081885,-0.0156842,-0.000927338,0.00584769,0.994848,0.0196346,0.00632781,0.099252
115833719000,0.741502,0.20093,0.0819465,-0.0150688,-1.8408e-05,0.00647062,0.994865,0.0199146,0.00655492,0.0990172
115843719000,0.741132,0.200047,0.0826459,-0.014907,-0.00182802,0.0098082,0.994882,0.0201465,0.00679974,0.0987851
115853719000,0.740986,0.200036,0.0827529,-0.0143777,-0.000401248,0.0115962,0.994899,0.0203196,0.00709069,0.0985522
115863719000,0.740652,0.199365,0.0830926,-0.0141701,-0.000594319,0.0139291,0.994919,0.0204294,0.00744891,0.0983052
115873719000,0.740518,0.199372,0.0832438,-0.0126658,0.00192413,0.0163076,0.994941,0.0204561,0.0078734,0.0980397
115883719000,0.740401,0.199404,0.0834211,-0.0108134,0.00451652,0.0191511,0.994967,0.0203977,0.0083925,0.097748
115893719000,0.740305,0.199465,0.0836287,-0.00849647,0.00761404,0.0223578,0.994996,0.0202493,0.00902913,0.0974246
115903719000,0.740231,0.199554,0.083869,-0.00625598,0.0102208,0.025703,0.995029,0.0200129,0.00978938,0.0970648
115913719000,0.740178,0.199672,0.0841418,-0.00424896,0.0133913,0.0288684,0.995065,0.0196887,0.0106849,0.0966649
115923719000,0.740146,0.199819,0.084449,-0.00225271,0.0159395,0.0325626,0.995104,0.0192616,0.011725,0.096223
115933719000,0.740133,0.199992,0.0847928,-0.000243123,0.018778,0.0361996,0.995145,0.0187332,0.0129173,0.0957512
115943719000,0.74014,0.200197,0.0851761,0.00167395,0.0221435,0.0404732,0.995188,0.0180886,0.0142785,0.0952382
115953719000,0.739622,0.199341,0.0837981,0.000465417,0.0204436,0.0383458,0.995231,0.0173374,0.0158098,0.0946804
115963719000,0.73964,0.199565,0.0842048,0.00279768,0.0242353,0.0429743,0.995276,0.0164858,0.0175077,0.0940646
115973719000,0.73968,0.199828,0.0846591,0.00510651,0.0282607,0.0478818,0.995319,0.0155322,0.0193946,0.0933912
115983719000,0.739743,0.200131,0.0851622,0.00757504,0.0322499,0.0527311,0.995362,0.0144971,0.0214609,0.0926522
115993719000,0.739832,0.200471,0.085717,0.0101933,0.0358979,0.0582254,0.995401,0.0133765,0.023714,0.0918477
116003719000,0.739922,0.200816,0.0881513,0.0128537,0.0394779,0.0640947,0.995436,0.0121933,0.0261637,0.0909667
116013719000,0.740066,0.201228,0.0888186,0.0158995,0.0428887,0.0693811,0.995463,0.0109501,0.0288093,0.0900193
116023719000,0.740239,0.201672,0.0895383,0.01888,0.045964,0.0745563,0.995481,0.00965178,0.0316481,0.0890057
116033719000,0.740442,0.202145,0.0903101,0.0218579,0.0487322,0.0797998,0.995489,0.0083161,0.0346848,0.0879229
116043719000,0.740677,0.202645,0.091134,0.0250829,0.0512087,0.0849981,0.995482,0.00695524,0.0379068,0.0867802
116053719000,0.741469,0.203255,0.0869728,0.0268683,0.04957,0.063643,0.995459,0.00557276,0.0413128,0.0855782
116063719000,0.741943,0.203738,0.0842278,0.028505,0.0486807,0.0509041,0.995418,0.00417776,0.0448974,0.0843182
116073719000,0.742248,0.204238,0.0847607,0.0318126,0.0508702,0.0556432,0.995358,0.00278751,0.0486574,0.0829948
116083719000,0.742585,0.204758,0.0853418,0.0352064,0.0529953,0.0605526,0.995275,0.00141715,0.0525838,0.0816163
116093719000,0.742953,0.205293,0.0859756,0.0383684,0.053819,0.0662274,0.995167,6.69448e-05,0.0566765,0.0801862
116103719000,0.743351,0.205836,0.0866602,0.0411574,0.0548283,0.0706912,0.995034,-0.00126382,0.0609151,0.0787143
116113719000,0.743776,0.206387,0.0873906,0.0441055,0.0554411,0.075402,0.994872,-0.00255106,0.0652889,0.0772035
116123719000,0.744232,0.206942,0.0881664,0.0471423,0.055658,0.0797478,0.99468,-0.00379699,0.069804,0.0756633
116133719000,0.744717,0.207501,0.088984,0.0499723,0.0562363,0.0837824,0.994456,-0.0050014,0.074447,0.0740982
116143719000,0.74523,0.208067,0.0898379,0.0527031,0.0569606,0.0869967,0.994198,-0.0061688,0.0792086,0.0725176
116153719000,0.74577,0.208641,0.090721,0.0553809,0.0578842,0.0896273,0.993906,-0.00730008,0.084072,0.0709245
116163719000,0.746274,0.212754,0.0826867,0.0528398,0.0660375,0.0502529,0.993578,-0.00839331,0.0890294,0.0693267
116173719000,0.746819,0.21342,0.0832003,0.0551432,0.0667063,0.0524335,0.993214,-0.00947463,0.0940709,0.0677298
116183719000,0.747382,0.214092,0.0837345,0.0571277,0.0676182,0.0543907,0.992811,-0.0105411,0.0992001,0.0661429
116193719000,0.747962,0.214773,0.0842851,0.0588157,0.0685346,0.0557392,0.992368,-0.0115937,0.104406,0.0645784
116203719000,0.748557,0.215464,0.0848481,0.0602685,0.0696783,0.0568642,0.991886,-0.0126456,0.109682,0.0630327
116213719000,0.749166,0.216167,0.085422,0.0616992,0.0710082,0.0579249,0.991362,-0.0137018,0.11502,0.061507
116223719000,0.749789,0.216883,0.0860058,0.0629255,0.0723575,0.0588313,0.9908,-0.014759,0.120405,0.0600037
116233719000,0.750423,0.217613,0.0865972,0.0641556,0.0736837,0.0594469,0.990198,-0.0158165,0.12583,0.0585243
116243719000,0.75107,0.218357,0.0871948,0.0652821,0.0749985,0.0600807,0.989556,-0.0168762,0.131292,0.0570643
116253719000,0.751727,0.219113,0.0877979,0.0663733,0.0762255,0.0605466,0.988875,-0.0179318,0.136784,0.0556275
116263719000,0.752394,0.219879,0.0884054,0.0671407,0.0770772,0.0609583,0.988157,-0.0189776,0.142285,0.0542207
116273719000,0.753067,0.220655,0.0890177,0.0675326,0.0781294,0.06151,0.987405,-0.0200084,0.147782,0.0528425
116283719000,0.752991,0.223817,0.0759008,0.0588162,0.07946,0.0050754,0.986618,-0.0210291,0.15327,0.0514936
116293719000,0.753038,0.225968,0.0676078,0.0532672,0.080349,-0.0287938,0.985799,-0.0220449,0.158738,0.0501684
116303719000,0.753578,0.226779,0.0673208,0.0533578,0.0813447,-0.0286256,0.98495,-0.0230576,0.164178,0.0488689
116313719000,0.754114,0.227598,0.0670352,0.0533391,0.0823258,-0.0284953,0.984071,-0.0240649,0.169585,0.0475967
116323719000,0.754647,0.228424,0.0667501,0.0530786,0.0828541,-0.0285214,0.983165,-0.0250662,0.174957,0.0463456
116333719000,0.755176,0.229255,0.0664655,0.0529135,0.0834315,-0.0283979,0.982234,-0.0260751,0.180282,0.0451168
116343719000,0.755704,0.230091,0.0661839,0.0527147,0.0838337,-0.0279279,0.981281,-0.027079,0.185545,0.0439086
116353719000,0.756232,0.230928,0.0659061,0.0529828,0.083585,-0.0276292,0.980307,-0.0280821,0.190744,0.0427265
116363719000,0.756761,0.231767,0.0656309,0.0529715,0.0841833,-0.0274102,0.979314,-0.0290955,0.195878,0.0415767
116373719000,0.755883,0.233755,0.0574936,0.0430266,0.0854377,-0.0594476,0.978303,-0.0301276,0.200948,0.0404493
116383719000,0.75632,0.234613,0.0569006,0.0433712,0.0859706,-0.0591604,0.977275,-0.0311928,0.205942,0.0393477
116393719000,0.756752,0.235482,0.0563079,0.0428786,0.0875979,-0.0593916,0.976229,-0.0322864,0.21088,0.0382661
116403719000,0.757178,0.236362,0.0557116,0.0421963,0.0885569,-0.0598614,0.975166,-0.0334041,0.215756,0.0372043
116413719000,0.757597,0.237249,0.0551132,0.0417468,0.0887432,-0.0598263,0.974092,-0.0345457,0.220552,0.0361625
116423719000,0.758012,0.238138,0.0545131,0.0413142,0.0890768,-0.0601796,0.973007,-0.0357045,0.225271,0.0351617
116433719000,0.758422,0.23903,0.0539108,0.040781,0.0895193,-0.0602803,0.971911,-0.0368809,0.229913,0.034186
116443719000,0.758825,0.239929,0.0533062,0.040002,0.0902707,-0.0606446,0.970807,-0.0380819,0.234474,0.0332557
116453719000,0.759219,0.240836,0.052697,0.0389563,0.0911387,-0.0611862,0.969694,-0.0393107,0.238956,0.0323646
116463719000,0.759605,0.241752,0.0520828,0.0383587,0.0921391,-0.0616532,0.968574,-0.0405741,0.243362,0.0315085
116473719000,0.759985,0.242679,0.0514634,0.0376951,0.0932929,-0.0622404,0.967444,-0.0418817,0.2477,0.0306938
116483719000,0.760358,0.243618,0.0508385,0.0371148,0.0945839,-0.0627456,0.966303,-0.0432423,0.251978,0.0299195
116493719000,0.760725,0.24457,0.0502072,0.0364369,0.0958736,-0.0634989,0.965152,-0.0446696,0.256193,0.0291734
116503719000,0.757459,0.245526,0.0424384,0.0191126,0.0927866,-0.0910217,0.963995,-0.0461398,0.260336,0.0284658
116513719000,0.755464,0.246356,0.0372841,0.00823715,0.0911709,-0.108127,0.962833,-0.0476391,0.264408,0.0277801
116523719000,0.755547,0.247277,0.0361984,0.00721913,0.0925411,-0.109022,0.96167,-0.0491843,0.268396,0.0271233
116533719000,0.755616,0.248211,0.0351025,0.00625173,0.0940624,-0.110163,0.960507,-0.0507633,0.272301,0.0264949
116543719000,0.755674,0.249158,0.0339951,0.00521143,0.0953989,-0.111303,0.959343,-0.0523793,0.27613,0.0258919
116553719000,0.755721,0.25012,0.0328757,0.0042597,0.0969029,-0.112581,0.958179,-0.0540398,0.279878,0.0253034
116563719000,0.755758,0.251095,0.031745,0.00333823,0.0982009,-0.113566,0.957018,-0.0557412,0.283545,0.024729
116573719000,0.755786,0.252083,0.0306026,0.00236562,0.0994173,-0.114906,0.955859,-0.0574811,0.287134,0.0241662
116583719000,0.755803,0.253082,0.0294472,0.00116452,0.100422,-0.11618,0.954704,-0.0592485,0.290641,0.0236105
116593719000,0.755808,0.254091,0.0282791,-0.000239094,0.101432,-0.117438,0.953557,-0.0610347,0.294062,0.0230609
116603719000,0.751706,0.253629,0.0262616,-0.0179102,0.0951293,-0.121805,0.952417,-0.0628373,0.297398,0.0225168
116613719000,0.751524,0.254583,0.0250395,-0.019203,0.0953484,-0.122614,0.95129,-0.0646524,0.300639,0.0219898
116623719000,0.751326,0.25554,0.02381,-0.020649,0.0957772,-0.123284,0.950176,-0.0664737,0.303786,0.0214751
116633719000,0.751111,0.256499,0.0225744,-0.0222566,0.0960395,-0.123834,0.949078,-0.0682954,0.306834,0.0209747
116643719000,0.750881,0.257459,0.0213335,-0.0238063,0.0960281,-0.124344,0.947999,-0.0701074,0.30978,0.0204896
116653719000,0.750635,0.258416,0.0200878,-0.0253103,0.0955508,-0.124804,0.946937,-0.0719123,0.312632,0.0200071
116663719000,0.750374,0.259369,0.0188373,-0.0268414,0.0949675,-0.125286,0.945896,-0.0736957,0.315385,0.019539
116673719000,0.750098,0.260314,0.0175825,-0.0282098,0.094145,-0.125686,0.944871,-0.075472,0.318053,0.0190837
116683719000,0.749808,0.261249,0.016324,-0.0296004,0.0929614,-0.126005,0.943872,-0.0772218,0.320618,0.0186339
116693719000,0.749506,0.262171,0.0150637,-0.0309064,0.0914832,-0.126056,0.942889,-0.078943,0.323105,0.0181988
116703719000,0.74919,0.263079,0.0138029,-0.0320792,0.090049,-0.126106,0.941929,-0.0806448,0.3255,0.017778
116713719000,0.744599,0.264078,0.0142968,-0.048573,0.0890918,-0.119686,0.94099,-0.0823179,0.327812,0.0173658
116723719000,0.744111,0.264962,0.0130993,-0.0495183,0.0874122,-0.119811,0.940071,-0.0839683,0.330042,0.016966
116733719000,0.74101,0.266043,0.0130212,-0.0595754,0.0867571,-0.115831,0.939173,-0.0855936,0.332194,0.0165721
116743719000,0.740414,0.266904,0.0118635,-0.0601559,0.0851391,-0.115706,0.938296,-0.0871961,0.334269,0.0161858
116753719000,0.739811,0.267748,0.0107061,-0.0604829,0.0834814,-0.115765,0.937436,-0.0887657,0.336281,0.0158011
116763719000,0.739205,0.268577,0.00954907,-0.0606991,0.0822245,-0.115641,0.936594,-0.0903081,0.33823,0.0154141
116773719000,0.738597,0.269392,0.00839252,-0.0609095,0.0809382,-0.11567,0.935765,-0.0918185,0.340128,0.0150175
116783719000,0.737987,0.270195,0.00723383,-0.0609779,0.0796773,-0.116069,0.934951,-0.0933004,0.341977,0.0146189
116793719000,0.737376,0.270986,0.00607095,-0.0611528,0.0785715,-0.116508,0.934147,-0.0947599,0.343785,0.0142155
116803719000,0.736764,0.271766,0.00490304,-0.0613454,0.0775317,-0.117074,0.933354,-0.0962017,0.34555,0.0138073
116813719000,0.73615,0.272537,0.00372934,-0.0613602,0.0766766,-0.117667,0.932571,-0.0976269,0.347277,0.0133971
116823719000,0.735536,0.273299,0.00254927,-0.0612771,0.0756818,-0.118347,0.931798,-0.0990331,0.348964,0.0129766
116833719000,0.731927,0.274115,0.00508208,-0.0712354,0.0765243,-0.105299,0.931036,-0.100432,0.350609,0.0125541
116843719000,0.731219,0.274878,0.00402531,-0.0706825,0.0758171,-0.106056,0.930281,-0.101823,0.352225,0.0121238
116853719000,0.730516,0.275635,0.00296041,-0.0699893,0.075565,-0.106926,0.92953,-0.103203,0.353817,0.011683
116863719000,0.729822,0.276389,0.00188606,-0.0687711,0.0752112,-0.107944,0.92878,-0.10457,0.355396,0.0112324
116873719000,0.72914,0.277142,0.000799108,-0.067657,0.0753961,-0.109448,0.92803,-0.105929,0.356965,0.0107657
116883719000,0.728469,0.277897,-0.000304457,-0.0664946,0.0756219,-0.111265,0.927278,-0.107279,0.358525,0.0102855
116893719000,0.727809,0.278652,-0.00142567,-0.0655043,0.0754787,-0.112977,0.926525,-0.108619,0.360081,0.009791
116903719000,0.727158,0.279408,-0.00256522,-0.064634,0.0756006,-0.114932,0.925768,-0.109947,0.361633,0.00928822
116913719000,0.726521,0.280161,-0.00372064,-0.062829,0.0750833,-0.11615,0.925009,-0.111265,0.363183,0.00877873
116923719000,0.725898,0.280912,-0.00488835,-0.0616484,0.075247,-0.117391,0.924246,-0.112548,0.364739,0.00825033
116933719000,0.721473,0.28047,-0.00025714,-0.0735759,0.0725643,-0.0978839,0.923477,-0.11381,0.366304,0.00771588
116943719000,0.720749,0.281194,-0.00123931,-0.0717065,0.071831,-0.0985579,0.922705,-0.115043,0.367871,0.00717082
116953719000,0.717468,0.281184,0.00156257,-0.0790545,0.0697368,-0.086069,0.921929,-0.116246,0.369446,0.00661113
116963719000,0.716686,0.28188,0.000693737,-0.0776782,0.0691499,-0.0877063,0.921148,-0.117419,0.371028,0.00604267
116973719000,0.715913,0.282573,-0.000197419,-0.0770042,0.0693592,-0.0905273,0.920366,-0.118569,0.372609,0.00546264
116983719000,0.715145,0.283266,-0.0011166,-0.076646,0.0692993,-0.0933096,0.919586,-0.119707,0.374177,0.00487424
116993719000,0.714381,0.283957,-0.00205952,-0.0760893,0.0688259,-0.0952734,0.918806,-0.120838,0.375733,0.0042826
117003719000,0.711985,0.282515,0.126975,-0.0746926,0.0671528,-0.0453777,0.918031,-0.121949,0.377272,0.00369409
117013719000,0.711245,0.28318,0.126517,-0.0732555,0.0658573,-0.046061,0.91726,-0.123041,0.378795,0.00310906
117023719000,0.710518,0.283831,0.126053,-0.0721288,0.0644408,-0.0467688,0.916498,-0.124113,0.380292,0.00253635
117033719000,0.708032,0.283379,0.126064,-0.0787452,0.0591949,-0.0464277,0.915737,-0.125169,0.381779,0.00197467
117043719000,0.707247,0.283969,0.125588,-0.0783966,0.058682,-0.0489135,0.91498,-0.126213,0.383248,0.00142407
117053719000,0.706467,0.284553,0.12509,-0.0776988,0.0578841,-0.0507448,0.914229,-0.127245,0.384699,0.000886099
117063719000,0.705693,0.285124,0.124573,-0.0771524,0.0564412,-0.0526081,0.913487,-0.128259,0.386122,0.000361237
117073719000,0.704926,0.285682,0.124034,-0.0762028,0.055071,-0.0550445,0.912755,-0.129264,0.387517,-0.000143355
117083719000,0.704168,0.286228,0.123472,-0.0754619,0.054251,-0.0575412,0.912035,-0.13025,0.388878,-0.000633381
117093719000,0.703411,0.286768,0.122878,-0.0757993,0.0537005,-0.0611297,0.911323,-0.131224,0.390218,-0.00109903
117103719000,0.702656,0.2873,0.122253,-0.0752304,0.0528802,-0.0639518,0.910619,-0.132181,0.391534,-0.00154053
117113719000,0.701906,0.28782,0.121602,-0.0746699,0.0510014,-0.066106,0.909926,-0.133113,0.392826,-0.00195032
117123719000,0.701161,0.288321,0.120931,-0.0742198,0.0492542,-0.0681211,0.909237,-0.134026,0.394106,-0.00233015
117133719000,0.700422,0.288803,0.120238,-0.0737142,0.0471451,-0.0705213,0.90856,-0.13492,0.395358,-0.00268136
117143719000,0.699687,0.289263,0.119523,-0.0732416,0.0449289,-0.0725007,0.907893,-0.135784,0.39659,-0.00300285
117153719000,0.698955,0.289701,0.118787,-0.0730453,0.0427307,-0.0747261,0.907237,-0.136629,0.397798,-0.00329216
117163719000,0.698226,0.290117,0.11803,-0.072763,0.0404613,-0.0767516,0.906592,-0.137458,0.398977,-0.00354441
117173719000,0.696265,0.290133,0.119896,-0.0766245,0.0379659,-0.0670842,0.905967,-0.138265,0.400116,-0.00376699
117183719000,0.694747,0.290373,0.120911,-0.0789213,0.0362635,-0.0617163,0.905356,-0.13906,0.401219,-0.0039568
117193719000,0.69396,0.290727,0.120284,-0.0788227,0.034309,-0.0638091,0.90477,-0.139829,0.402271,-0.00412842
117203719000,0.693172,0.291062,0.119635,-0.0787918,0.032663,-0.0659864,0.904207,-0.140566,0.403278,-0.00428587
117213719000,0.692385,0.29138,0.118964,-0.0787756,0.0309766,-0.0681811,0.903666,-0.141288,0.404236,-0.00442264
117223719000,0.691597,0.291681,0.11827,-0.0786694,0.0291389,-0.0706291,0.903146,-0.141997,0.405145,-0.00454763
117233719000,0.690808,0.291965,0.117552,-0.0791435,0.0276655,-0.0728915,0.902649,-0.142692,0.406008,-0.00465193
117243719000,0.690017,0.292234,0.116811,-0.0791489,0.0262704,-0.0752382,0.902175,-0.143376,0.406819,-0.00473633
117253719000,0.689225,0.292489,0.116048,-0.0792301,0.0247419,-0.0774056,0.901718,-0.144059,0.407588,-0.00479757
117263719000,0.688433,0.292728,0.115262,-0.0791578,0.0230351,-0.0797719,0.901284,-0.144734,0.408309,-0.00484069
117273719000,0.688226,0.292655,0.117183,-0.0758047,0.021326,-0.0704898,0.90087,-0.145392,0.408987,-0.00486777
117283719000,0.687471,0.29286,0.116468,-0.0753738,0.0194344,-0.0725982,0.900475,-0.146028,0.409631,-0.00488081
117293719000,0.686718,0.293047,0.11573,-0.0751682,0.017959,-0.0749879,0.900097,-0.146646,0.410239,-0.00488276
117303719000,0.68597,0.293218,0.114971,-0.0745104,0.0162934,-0.0768253,0.899737,-0.147241,0.410817,-0.00487007
117313719000,0.685229,0.293372,0.114192,-0.0736886,0.0144977,-0.0789487,0.899388,-0.147805,0.411377,-0.00485236
117323719000,0.684496,0.293509,0.113393,-0.0729285,0.0129682,-0.0806923,0.899055,-0.148331,0.411915,-0.0048305
117333719000,0.683771,0.293629,0.112579,-0.0720915,0.0110098,-0.0822717,0.898736,-0.148822,0.412436,-0.00479697
117343719000,0.683054,0.29373,0.111749,-0.0711575,0.00908713,-0.0836656,0.898422,-0.149276,0.412956,-0.00475277
117353719000,0.682347,0.293809,0.110906,-0.070196,0.00684599,-0.0848909,0.898115,-0.149678,0.413477,-0.00469666
117363719000,0.681649,0.293865,0.110053,-0.0694471,0.00442078,-0.0857402,0.89782,-0.150026,0.413994,-0.00462695
117373719000,0.682611,0.294064,0.112805,-0.0615102,0.00447241,-0.0723264,0.897534,-0.150318,0.414508,-0.00454059
117383719000,0.682966,0.294329,0.11435,-0.0567408,0.00386579,-0.0642662,0.897256,-0.150558,0.415023,-0.00443826
117393719000,0.682401,0.294355,0.113703,-0.0563517,0.00131748,-0.0649807,0.896985,-0.150746,0.415541,-0.00432379
117403719000,0.681839,0.294356,0.113049,-0.0561915,-0.00122799,-0.065906,0.896723,-0.150878,0.416061,-0.00419925
117413719000,0.681278,0.29433,0.112387,-0.0560742,-0.00393856,-0.0664901,0.896466,-0.150963,0.416584,-0.00405076
117423719000,0.680718,0.294278,0.111718,-0.0558593,-0.00646607,-0.0672897,0.89622,-0.150991,0.417105,-0.00388309
117433719000,0.680158,0.2942,0.111042,-0.0560327,-0.00912509,-0.0678814,0.895977,-0.150977,0.417634,-0.00370082
117443719000,0.679596,0.294095,0.110361,-0.0563431,-0.0117249,-0.0684185,0.895738,-0.150911,0.41817,-0.00350444
117453719000,0.679031,0.293964,0.109674,-0.0566553,-0.0144964,-0.0689976,0.895506,-0.150797,0.418711,-0.00329893
117463719000,0.678462,0.293807,0.108981,-0.0571695,-0.0170714,-0.0694545,0.895281,-0.150633,0.419253,-0.00308155
117473719000,0.679916,0.294011,0.11062,-0.0489832,-0.0162958,-0.0606581,0.895063,-0.150417,0.419796,-0.00284998
117483719000,0.679421,0.293835,0.110011,-0.0500012,-0.0187302,-0.0611097,0.89485,-0.150165,0.420342,-0.0026002
117493719000,0.678916,0.293636,0.109397,-0.051152,-0.0210298,-0.0615617,0.894646,-0.149865,0.420885,-0.00233631
117503719000,0.678398,0.293415,0.108779,-0.0522914,-0.0232872,-0.0620715,0.894454,-0.14952,0.421417,-0.0020537
117513719000,0.677868,0.293172,0.108156,-0.0538034,-0.0252102,-0.0626025,0.894271,-0.149138,0.421942,-0.00174389
117523719000,0.677321,0.292911,0.107527,-0.0556322,-0.0270746,-0.063113,0.894094,-0.148712,0.422468,-0.0014183
117533719000,0.676756,0.292631,0.106894,-0.0573404,-0.0288683,-0.0635958,0.893923,-0.148255,0.42299,-0.0010711
117543719000,0.676173,0.292333,0.106257,-0.059154,-0.0308621,-0.0638438,0.893758,-0.147763,0.423511,-0.000707098
117553719000,0.675573,0.292015,0.105617,-0.0609101,-0.0326397,-0.064097,0.893599,-0.147238,0.424031,-0.000320693
117563719000,0.674954,0.291681,0.104975,-0.0629105,-0.0343212,-0.0642584,0.893442,-0.14669,0.424552,8.66744e-05
117573719000,0.674314,0.291328,0.104332,-0.0649801,-0.036151,-0.0643632,0.893293,-0.14611,0.425063,0.000508887
117583719000,0.677607,0.290383,0.106864,-0.0510239,-0.0375417,-0.0527413,0.893157,-0.145507,0.425556,0.000954183
117593719000,0.679608,0.289714,0.108293,-0.0428002,-0.038692,-0.0457137,0.893024,-0.14488,0.426047,0.0014134
117603719000,0.679169,0.28932,0.107834,-0.0451368,-0.0400467,-0.0460011,0.892894,-0.14424,0.426534,0.00189063
117613719000,0.678705,0.288912,0.107373,-0.047573,-0.0414477,-0.0462143,0.892772,-0.143571,0.427012,0.00238492
117623719000,0.678218,0.28849,0.10691,-0.0499714,-0.0430187,-0.0465453,0.892656,-0.142884,0.427481,0.00290182
117633719000,0.677706,0.288053,0.106442,-0.052291,-0.0444041,-0.046977,0.892542,-0.142187,0.427947,0.00344253
117643719000,0.677172,0.287603,0.105971,-0.0546576,-0.0455513,-0.0472257,0.892436,-0.14147,0.428402,0.00400423
117653719000,0.676615,0.287141,0.105498,-0.056751,-0.0468066,-0.0473782,0.892331,-0.14074,0.428854,0.00458998
117663719000,0.676036,0.286668,0.105023,-0.0588545,-0.0478293,-0.0476658,0.892226,-0.139994,0.42931,0.00519498
117673719000,0.675437,0.286185,0.104545,-0.0610883,-0.0487709,-0.0479692,0.892121,-0.139239,0.429767,0.00582196
117683719000,0.674814,0.285693,0.104064,-0.0633467,-0.0497409,-0.0482216,0.892012,-0.138462,0.430233,0.0064633
117693719000,0.678546,0.28496,0.106574,-0.0473119,-0.0489368,-0.0371729,0.891909,-0.137677,0.430689,0.00712926
117703719000,0.678062,0.284465,0.106201,-0.0496268,-0.0498151,-0.0374588,0.891806,-0.136878,0.431144,0.00780759
117713719000,0.677554,0.283962,0.105826,-0.0519556,-0.0507033,-0.0376467,0.891708,-0.136083,0.431585,0.00851275
117723719000,0.677023,0.283453,0.105447,-0.054119,-0.0512131,-0.0379903,0.891611,-0.135291,0.432019,0.00923443
117733719000,0.67647,0.282939,0.105065,-0.0564743,-0.0514373,-0.038587,0.891518,-0.1345,0.432442,0.00997086
117743719000,0.675893,0.282424,0.104677,-0.0589372,-0.0515981,-0.0390293,0.891425,-0.133714,0.432859,0.0107232
117753719000,0.675292,0.281909,0.104284,-0.061222,-0.0515849,-0.0393859,0.891336,-0.132931,0.433265,0.0114897
117763719000,0.674668,0.281395,0.103887,-0.0636132,-0.0512647,-0.0401277,0.89125,-0.132154,0.433657,0.012265
117773719000,0.674021,0.280885,0.103481,-0.0658103,-0.0506099,-0.0410175,0.891168,-0.131397,0.434031,0.013052
117783719000,0.673353,0.280385,0.103065,-0.067728,-0.0495078,-0.042271,0.891091,-0.130662,0.434389,0.0138364
117793719000,0.678635,0.279533,0.106511,-0.0452977,-0.0461986,-0.0294388,0.891025,-0.12995,0.434712,0.0146087
117803719000,0.678173,0.279079,0.10621,-0.0470758,-0.0443677,-0.0308398,0.890963,-0.129272,0.435014,0.0153618
117813719000,0.681672,0.278222,0.108492,-0.0325912,-0.0416304,-0.0230357,0.890918,-0.128617,0.435275,0.0160915
117823719000,0.681336,0.277816,0.108252,-0.0345899,-0.0394236,-0.0247858,0.890879,-0.127985,0.435514,0.0167895
117833719000,0.680981,0.277433,0.107998,-0.0364001,-0.0371373,-0.0262061,0.890853,-0.127393,0.435714,0.0174546
117843719000,0.680609,0.277072,0.107729,-0.0381702,-0.0350332,-0.0274922,0.890838,-0.126838,0.435881,0.0180835
117853719000,0.680219,0.276733,0.107448,-0.0397121,-0.0327469,-0.028736,0.890842,-0.126304,0.436004,0.0186707
117863719000,0.679815,0.276416,0.107156,-0.0411102,-0.030672,-0.0296436,0.890858,-0.125791,0.436095,0.0192225
117873719000,0.679397,0.276119,0.106855,-0.0424251,-0.0288318,-0.03046,0.890891,-0.125295,0.436148,0.0197401
117883719000,0.678968,0.27584,0.106548,-0.0435174,-0.0269809,-0.0310866,0.890935,-0.124818,0.436171,0.0202241
117893719000,0.682898,0.274786,0.109976,-0.0260112,-0.0256064,-0.0178367,0.890998,-0.124362,0.436153,0.0206713
117903719000,0.682633,0.274538,0.109796,-0.026933,-0.024002,-0.0181845,0.891071,-0.123911,0.436112,0.0210821
117913719000,0.682361,0.274305,0.109611,-0.0275472,-0.0225657,-0.0187,0.891159,-0.123478,0.436037,0.0214649
117923719000,0.682083,0.274085,0.109425,-0.0281255,-0.0213707,-0.0185807,0.891258,-0.123052,0.435938,0.0218112
117933719000,0.681799,0.273877,0.109239,-0.0286147,-0.0202331,-0.0186319,0.89137,-0.122634,0.43581,0.0221295
117943719000,0.681511,0.273681,0.109052,-0.029031,-0.0190824,-0.0186379,0.891494,-0.122224,0.435658,0.0224151
117953719000,0.681218,0.273496,0.108868,-0.0294364,-0.0178961,-0.0183425,0.891632,-0.12182,0.435475,0.0226678
117963719000,0.680923,0.273323,0.108685,-0.0296006,-0.0166151,-0.0181578,0.891779,-0.121413,0.435276,0.0228849
117973719000,0.680628,0.273164,0.108505,-0.0295095,-0.0152887,-0.0178423,0.891938,-0.121011,0.435053,0.0230655
117983719000,0.680334,0.273016,0.108328,-0.0291941,-0.0142458,-0.0175939,0.892105,-0.120607,0.434814,0.0232123
117993719000,0.680045,0.272878,0.108154,-0.0286633,-0.0134449,-0.0170938,0.892284,-0.120207,0.434552,0.0233205
118003719000,0.679761,0.272747,0.107987,-0.0280768,-0.0127932,-0.0164397,0.892471,-0.119803,0.434275,0.0233941
118013719000,0.683547,0.27278,0.111719,-0.010349,-0.00879157,-0.00133596,0.892669,-0.119385,0.433983,0.0234361
118023719000,0.683447,0.272693,0.111711,-0.00957971,-0.00860469,-0.000247502,0.892873,-0.118965,0.433676,0.0234538
118033719000,0.685805,0.272681,0.114013,0.0014328,-0.00652844,0.00920264,0.893084,-0.118543,0.433358,0.0234549
118043719000,0.685824,0.272616,0.114111,0.00241961,-0.00628621,0.010493,0.893299,-0.118119,0.43303,0.02345
118053719000,0.685853,0.272555,0.114224,0.00353176,-0.00604799,0.0120232,0.893517,-0.117687,0.432699,0.0234314
118063719000,0.685895,0.272495,0.114351,0.0048257,-0.00580145,0.0134258,0.893734,-0.117255,0.432369,0.0233969
118073719000,0.685951,0.272438,0.114491,0.00622032,-0.00574664,0.0146405,0.893949,-0.116821,0.432045,0.0233491
118083719000,0.68602,0.272382,0.114645,0.00764594,-0.00540624,0.0161222,0.894165,-0.11638,0.431721,0.0232895
118093719000,0.686104,0.272328,0.114812,0.00906496,-0.00533115,0.0172921,0.894372,-0.115933,0.431416,0.0232128
118103719000,0.685155,0.270835,0.219077,0.0109257,-0.00530516,0.0615606,0.894573,-0.115504,0.431119,0.0231276
118113719000,0.686234,0.271697,0.218738,0.0165368,-0.00134821,0.0573677,0.894767,-0.115086,0.430832,0.0230321
118123719000,0.686407,0.271683,0.219319,0.0180528,-0.00141967,0.0588373,0.894955,-0.114686,0.430555,0.0229257
118133719000,0.686596,0.271668,0.219914,0.0197612,-0.00150958,0.0601441,0.895134,-0.114307,0.430289,0.0228106
118143719000,0.686801,0.271654,0.220522,0.0212807,-0.00123383,0.0613996,0.895302,-0.113943,0.430042,0.0226811
118153719000,0.687022,0.271645,0.221142,0.0228208,-0.000520625,0.0625992,0.895463,-0.113608,0.429804,0.0225337
118163719000,0.687258,0.271643,0.221773,0.0243667,1.83101e-05,0.0636429,0.895615,-0.113309,0.429575,0.0223757
118173719000,0.687509,0.271646,0.222416,0.0259184,0.00058074,0.0648546,0.895756,-0.113041,0.429361,0.0221976
118183719000,0.687775,0.271655,0.223069,0.0272664,0.00112415,0.0658546,0.895885,-0.112808,0.429163,0.0219991
118193719000,0.688055,0.271668,0.223733,0.0287783,0.00164768,0.0669749,0.896003,-0.112615,0.428978,0.0217882
118203719000,0.688349,0.271688,0.224409,0.0299044,0.00223758,0.0680643,0.896107,-0.112475,0.428808,0.0215717
118213719000,0.688654,0.271712,0.225095,0.031138,0.00262454,0.0692941,0.896199,-0.112375,0.428652,0.0213532
118223719000,0.688174,0.272208,0.223175,0.028766,0.0031742,0.0578821,0.896274,-0.112311,0.428524,0.0211339
118233719000,0.687915,0.272537,0.222075,0.0276568,0.00343829,0.0511486,0.89633,-0.112293,0.428421,0.0209267
118243719000,0.688199,0.272571,0.222592,0.0291436,0.00335102,0.0522548,0.896374,-0.112309,0.428336,0.0207335
118253719000,0.688498,0.272604,0.223121,0.0306721,0.00322115,0.0536354,0.896398,-0.112362,0.428279,0.0205564
118263719000,0.688811,0.272635,0.223663,0.0319669,0.00304891,0.0547682,0.8964,-0.112459,0.428258,0.0203993
118273719000,0.689138,0.272665,0.224217,0.0333768,0.00295134,0.0560239,0.896383,-0.112583,0.428267,0.0202583
118283719000,0.689478,0.272694,0.224783,0.0346291,0.00291014,0.0571376,0.896349,-0.112741,0.428302,0.0201508
118293719000,0.689831,0.272722,0.22536,0.0359282,0.00271396,0.0582166,0.896292,-0.112937,0.428373,0.0200738
118303719000,0.690195,0.272749,0.225947,0.0369272,0.00258271,0.0592889,0.896212,-0.11317,0.42848,0.0200271
118313719000,0.69057,0.272774,0.226545,0.038083,0.00253186,0.0602473,0.896116,-0.113424,0.428615,0.0200048
118323719000,0.690956,0.2728,0.227152,0.0390928,0.00255653,0.0610672,0.896,-0.113704,0.428785,0.02
118333719000,0.689232,0.273335,0.224708,0.0309552,0.00241404,0.0483976,0.895862,-0.114008,0.42899,0.0200147
118343719000,0.689547,0.273359,0.225195,0.0319663,0.00241343,0.0490787,0.895709,-0.114333,0.429221,0.0200574
118353719000,0.689872,0.273382,0.225689,0.0330065,0.00221778,0.0496931,0.895537,-0.114687,0.429483,0.0201146
118363719000,0.690208,0.273404,0.226188,0.0341773,0.0022146,0.0501512,0.89535,-0.115056,0.429771,0.0201764
118373719000,0.690555,0.273427,0.226692,0.0353415,0.00234863,0.0505098,0.895147,-0.115434,0.430089,0.0202387
118383719000,0.690914,0.273449,0.227199,0.0364756,0.00209562,0.0510424,0.894932,-0.115816,0.430432,0.0202957
118393719000,0.691284,0.27347,0.227712,0.0374749,0.00201056,0.0514995,0.894703,-0.116204,0.4308,0.0203467
118403719000,0.691663,0.27349,0.228229,0.0384318,0.00200325,0.0519817,0.894465,-0.11659,0.431188,0.0203873
118413719000,0.692051,0.273509,0.228751,0.039121,0.0017826,0.0523108,0.894218,-0.11697,0.431597,0.020423
118423719000,0.692445,0.273526,0.229277,0.0396955,0.00169299,0.0528933,0.893964,-0.117337,0.43202,0.0204435
118433719000,0.689648,0.27401,0.22602,0.0268469,0.000823624,0.037716,0.893705,-0.117691,0.43246,0.0204492
118443719000,0.68992,0.274019,0.226398,0.0273168,0.000912292,0.0378983,0.893441,-0.118033,0.432912,0.0204392
118453719000,0.688123,0.274335,0.224339,0.0189697,0.000351647,0.0282205,0.893172,-0.118359,0.43338,0.0204113
118463719000,0.688315,0.274338,0.224623,0.0193473,0.000177146,0.0285786,0.8929,-0.118659,0.43386,0.0203554
118473719000,0.68851,0.274338,0.224911,0.0197423,-6.53713e-05,0.0290459,0.892623,-0.118945,0.434355,0.0202819
118483719000,0.688708,0.274337,0.225202,0.0198256,-0.000158712,0.0292978,0.892347,-0.119209,0.434854,0.0201883
118493719000,0.688906,0.274335,0.225496,0.0198082,-0.000343307,0.0294555,0.89207,-0.119442,0.435364,0.0200715
118503719000,0.689103,0.274329,0.225792,0.019507,-0.000674177,0.0297593,0.891794,-0.119652,0.435877,0.0199371
118513719000,0.689298,0.27432,0.226091,0.0194748,-0.00112431,0.0299356,0.891522,-0.119832,0.436391,0.0197812
118523719000,0.68949,0.274308,0.226392,0.0190958,-0.00140212,0.0302141,0.891253,-0.11999,0.436906,0.0196145
118533719000,0.68968,0.274292,0.226696,0.0187831,-0.00182494,0.0306254,0.890986,-0.120121,0.437421,0.0194329
118543719000,0.687983,0.274458,0.223789,0.0101698,-0.00363253,0.0182167,0.890723,-0.120235,0.437934,0.0192449
118553719000,0.688082,0.27442,0.223973,0.00970111,-0.00409698,0.0184269,0.890467,-0.120329,0.438437,0.0190505
118563719000,0.688177,0.274378,0.224157,0.00921923,-0.00435891,0.0185379,0.890214,-0.120411,0.438936,0.0188472
118573719000,0.688264,0.274335,0.224343,0.00812305,-0.00421121,0.0186358,0.889964,-0.120482,0.439433,0.0186396
118583719000,0.688339,0.274291,0.22453,0.00692684,-0.00448028,0.0188128,0.889719,-0.120547,0.439919,0.0184221
118593719000,0.688403,0.274244,0.22472,0.00586261,-0.0050158,0.0191474,0.889482,-0.120614,0.44039,0.0182099
118603719000,0.688454,0.274191,0.224915,0.00443977,-0.00548251,0.0197505,0.889252,-0.120684,0.440842,0.0180038
118613719000,0.688493,0.274134,0.225114,0.00323091,-0.00595764,0.0200142,0.889036,-0.120765,0.441264,0.0178072
118623719000,0.688517,0.274073,0.225315,0.00160595,-0.00615551,0.020208,0.888827,-0.120849,0.441669,0.0176243
118633719000,0.687506,0.273937,0.222599,-0.00470402,-0.00827809,0.00906448,0.888626,-0.120955,0.44205,0.0174594
118643719000,0.68745,0.273854,0.22269,-0.00655126,-0.00837452,0.00912583,0.888438,-0.121071,0.442402,0.0173094
118653719000,0.687375,0.27377,0.222781,-0.00843738,-0.00837693,0.00915333,0.88826,-0.121212,0.442726,0.0171781
118663719000,0.68689,0.273635,0.220926,-0.0120905,-0.00993457,0.00182078,0.888095,-0.121377,0.443016,0.0170578
118673719000,0.686761,0.273535,0.220946,-0.0137961,-0.0101997,0.00205533,0.887942,-0.121565,0.443277,0.0169514
118683719000,0.686614,0.273433,0.220967,-0.015639,-0.0102583,0.00224559,0.8878,-0.121785,0.443504,0.0168684
118693719000,0.686449,0.273329,0.22099,-0.0172973,-0.0103906,0.00233028,0.88767,-0.122033,0.443698,0.0168012
118703719000,0.686269,0.273225,0.221014,-0.0187579,-0.0104304,0.00246477,0.887555,-0.122305,0.443854,0.0167514
118713719000,0.686074,0.27312,0.22104,-0.0201725,-0.0106795,0.00280754,0.887454,-0.122601,0.443977,0.0167214
118723719000,0.685865,0.273011,0.22107,-0.0216806,-0.0110564,0.00310564,0.887369,-0.122921,0.444058,0.0167027
118733719000,0.68564,0.2729,0.221102,-0.0231757,-0.0111856,0.00328668,0.887297,-0.123265,0.444106,0.0167103
118743719000,0.685402,0.272787,0.221135,-0.0244879,-0.0113124,0.00338931,0.88724,-0.123627,0.444118,0.0167395
118753719000,0.685602,0.272689,0.220341,-0.0240282,-0.0117077,0.000462527,0.887195,-0.124005,0.444101,0.0167907
118763719000,0.685356,0.272571,0.220347,-0.0251832,-0.0119707,0.000820081,0.887164,-0.124392,0.444052,0.0168628
118773719000,0.6851,0.272449,0.220356,-0.0260897,-0.0123438,0.00100637,0.887145,-0.124783,0.443976,0.0169604
118783719000,0.684834,0.272324,0.220369,-0.0269851,-0.012707,0.00143579,0.887137,-0.125181,0.443876,0.0170775
118793719000,0.684562,0.272195,0.220384,-0.0275441,-0.013117,0.0016793,0.887137,-0.125586,0.443758,0.0172058
118803719000,0.684285,0.272063,0.220403,-0.0278668,-0.0133215,0.00200199,0.887146,-0.125985,0.44362,0.01736
118813719000,0.684005,0.27193,0.220424,-0.0281297,-0.0132658,0.00225025,0.887165,-0.126383,0.443461,0.0175299
118823719000,0.683722,0.271797,0.220447,-0.0283123,-0.0132762,0.00242699,0.887195,-0.126775,0.443282,0.0177154
118833719000,0.683439,0.271664,0.220471,-0.0284276,-0.0132327,0.00242485,0.887232,-0.127161,0.443089,0.0179132
118843719000,0.683155,0.271531,0.220495,-0.0282893,-0.0134394,0.00232913,0.887278,-0.127545,0.442879,0.0181157
118853719000,0.682872,0.271396,0.220519,-0.0282948,-0.0134812,0.00234673,0.887331,-0.127925,0.442654,0.0183289
118863719000,0.682591,0.271262,0.220541,-0.0279621,-0.0133197,0.00217312,0.887387,-0.128302,0.442423,0.018545
118873719000,0.683173,0.271557,0.220506,-0.0241794,-0.0109826,0.00184788,0.887447,-0.128685,0.442183,0.018757
118883719000,0.682934,0.271449,0.220523,-0.0236703,-0.0107308,0.00147136,0.887509,-0.129066,0.441938,0.0189699
118893719000,0.683187,0.271578,0.22053,-0.0211941,-0.0091674,0.00115561,0.887573,-0.129447,0.44169,0.0191873
118903719000,0.682979,0.271489,0.22054,-0.0204522,-0.00873116,0.000858896,0.887635,-0.129818,0.441446,0.0194074
118913719000,0.682778,0.271403,0.220547,-0.0197177,-0.00848149,0.000484102,0.887696,-0.13018,0.441207,0.0196253
118923719000,0.682585,0.271321,0.22055,-0.0188746,-0.00793163,6.39067e-07,0.887754,-0.130541,0.440973,0.0198424
118933719000,0.682401,0.271244,0.220547,-0.0179306,-0.00755306,-0.00044429,0.887813,-0.130888,0.440744,0.020055
118943719000,0.682227,0.271169,0.220541,-0.016773,-0.00739926,-0.00075846,0.887864,-0.131228,0.440529,0.0202642
118953719000,0.682065,0.271096,0.220532,-0.0156889,-0.00720295,-0.00121638,0.887913,-0.131556,0.440323,0.0204705
118963719000,0.681913,0.271023,0.220518,-0.0146697,-0.00731019,-0.00153131,0.887953,-0.131876,0.440138,0.0206813
118973719000,0.681567,0.271035,0.22119,-0.0141493,-0.00698564,0.000661182,0.887982,-0.13219,0.439974,0.0208995
118983719000,0.681432,0.270964,0.221195,-0.0129492,-0.0072762,0.000294677,0.887998,-0.132498,0.439838,0.0211273
118993719000,0.681307,0.27089,0.221196,-0.0119641,-0.00748262,-2.67122e-05,0.888005,-0.132801,0.43972,0.0213689
119003719000,0.681194,0.270815,0.221194,-0.0107174,-0.00758481,-0.000473355,0.888001,-0.133095,0.439628,0.0216168
119013719000,0.681092,0.270738,0.221187,-0.00956255,-0.00772706,-0.000839279,0.887984,-0.133382,0.439562,0.0218705
119023719000,0.681003,0.27066,0.221175,-0.00831583,-0.00797876,-0.00156091,0.887953,-0.133672,0.439524,0.0221397
119033719000,0.680925,0.270579,0.221156,-0.0072973,-0.00829718,-0.00219825,0.887905,-0.13395,0.439523,0.0224064
119043719000,0.680858,0.270495,0.221132,-0.00600993,-0.00844454,-0.00269772,0.887843,-0.134229,0.439548,0.0226844
119053719000,0.680805,0.270409,0.221102,-0.00458766,-0.00878764,-0.00334137,0.887766,-0.134494,0.439609,0.0229658
119063719000,0.680765,0.270319,0.221065,-0.00344171,-0.00923222,-0.00395536,0.887676,-0.134747,0.439699,0.0232461
119073719000,0.680737,0.270225,0.221022,-0.002068,-0.00948389,-0.00456024,0.887565,-0.134994,0.43983,0.0235263
119083719000,0.680723,0.270129,0.220974,-0.000710624,-0.0096116,-0.00508986,0.887445,-0.135239,0.439985,0.0237968
119093719000,0.680723,0.270032,0.220921,0.000553649,-0.00980839,-0.00562415,0.887306,-0.135477,0.440175,0.0240587
119103719000,0.678939,0.26946,0.287229,-0.00307472,-0.00914844,0.0218048,0.887156,-0.13571,0.440394,0.024315
119113719000,0.678159,0.269664,0.286536,-0.00525941,-0.00882955,0.0160736,0.886991,-0.135931,0.440642,0.0245614
119123719000,0.678109,0.269574,0.286694,-0.00477874,-0.00911674,0.0155515,0.886809,-0.136144,0.44093,0.0248064
119133719000,0.678064,0.269481,0.286846,-0.00426005,-0.00946066,0.0147937,0.886616,-0.136353,0.441239,0.0250593
119143719000,0.678024,0.269385,0.28699,-0.0037766,-0.00972778,0.0141198,0.886412,-0.136556,0.441572,0.0253142
119153719000,0.677988,0.269287,0.28713,-0.00346865,-0.0100299,0.0137243,0.886195,-0.136757,0.441929,0.025575
119163719000,0.677955,0.269184,0.287264,-0.00314118,-0.0104002,0.0132358,0.885966,-0.13695,0.442313,0.0258464
119173719000,0.677926,0.269078,0.287395,-0.00265545,-0.0108467,0.0128013,0.885726,-0.137126,0.442724,0.0261263
119183719000,0.677901,0.268969,0.28752,-0.00238972,-0.0110655,0.0122136,0.885473,-0.137297,0.443157,0.026419
119193719000,0.677879,0.268856,0.287639,-0.00193942,-0.0114977,0.0117213,0.885207,-0.137452,0.443623,0.0267224
119203719000,0.677294,0.26885,0.286263,-0.00426213,-0.0124997,0.00391642,0.884928,-0.137593,0.444117,0.0270436
119213719000,0.677253,0.268723,0.286299,-0.00394404,-0.0128932,0.00331463,0.884638,-0.137716,0.444634,0.0273804
119223719000,0.677215,0.268592,0.286329,-0.00369725,-0.0133293,0.00266024,0.884338,-0.137824,0.445177,0.0277318
119233719000,0.677179,0.268457,0.286353,-0.00360791,-0.0136952,0.00219646,0.88403,-0.137908,0.445739,0.0280901
119243719000,0.677143,0.268319,0.286372,-0.00356618,-0.0139317,0.00157149,0.883711,-0.137978,0.446327,0.0284596
119253719000,0.677108,0.268178,0.286385,-0.0033703,-0.0141276,0.00101862,0.883388,-0.138022,0.446927,0.0288395
119263719000,0.677075,0.268036,0.286392,-0.00322522,-0.0144058,0.000395462,0.883056,-0.138046,0.447549,0.0292266
119273719000,0.677042,0.26789,0.286394,-0.00331634,-0.014748,-4.08571e-05,0.882717,-0.138052,0.448191,0.0296238
119283719000,0.677009,0.267742,0.286391,-0.00325693,-0.0147684,-0.000546061,0.882374,-0.138034,0.448845,0.0300217
119293719000,0.676976,0.267595,0.286382,-0.00340948,-0.0147925,-0.00112488,0.882028,-0.137993,0.44951,0.0304264
119303719000,0.67694,0.267446,0.286369,-0.00364184,-0.0149567,-0.00160822,0.881679,-0.137932,0.450184,0.030827
119313719000,0.676902,0.267295,0.28635,-0.00392855,-0.015196,-0.00203101,0.88133,-0.137858,0.450864,0.0312292
119323719000,0.67686,0.267142,0.286328,-0.00458862,-0.0154325,-0.00235146,0.880986,-0.137766,0.451535,0.0316305
119333719000,0.67681,0.266988,0.286302,-0.00538208,-0.0154619,-0.0029972,0.880644,-0.137669,0.452204,0.0320273
119343719000,0.676751,0.266833,0.286268,-0.00637252,-0.0155172,-0.00366675,0.880309,-0.137561,0.45286,0.0324181
119353719000,0.676682,0.266676,0.286229,-0.00728947,-0.015812,-0.00428549,0.879985,-0.137455,0.453494,0.032798
119363719000,0.676604,0.266518,0.286183,-0.00840094,-0.0158652,-0.00494088,0.879673,-0.137343,0.454107,0.0331674
119373719000,0.676513,0.266357,0.28613,-0.0096943,-0.0161822,-0.00548127,0.879373,-0.137235,0.454693,0.033527
119383719000,0.676408,0.266194,0.286072,-0.0113751,-0.0165743,-0.00627387,0.879091,-0.137127,0.455244,0.0338737
119393719000,0.676285,0.266027,0.286004,-0.013062,-0.0167509,-0.00718076,0.878836,-0.137025,0.455743,0.0342052
119403719000,0.676146,0.265858,0.285929,-0.0147549,-0.0170252,-0.00799092,0.878605,-0.136935,0.45619,0.0345211
119413719000,0.675989,0.265687,0.285845,-0.0167067,-0.0171448,-0.00869865,0.878401,-0.136858,0.456585,0.0348157
119423719000,0.675814,0.265514,0.285754,-0.0183398,-0.0175138,-0.00954508,0.878223,-0.136795,0.456925,0.0350968
119433719000,0.675621,0.265337,0.285654,-0.0200925,-0.0178331,-0.0103339,0.878074,-0.136753,0.457202,0.0353636
119443719000,0.675412,0.265157,0.285548,-0.0217735,-0.0182013,-0.0110084,0.877951,-0.136731,0.457426,0.0356156
119453719000,0.675186,0.264974,0.285435,-0.0233696,-0.0185352,-0.0115656,0.877852,-0.136738,0.457595,0.0358563
119463719000,0.674946,0.264786,0.285317,-0.0247548,-0.0189007,-0.0120326,0.877775,-0.136766,0.457715,0.0360894
119473719000,0.674692,0.264596,0.285197,-0.0259509,-0.0191639,-0.0120046,0.877717,-0.136816,0.457794,0.0363133
119483719000,0.674429,0.264402,0.285076,-0.0266255,-0.0196416,-0.012119,0.877671,-0.136886,0.457845,0.0365267
119493719000,0.67416,0.264204,0.284955,-0.0271707,-0.020066,-0.0120703,0.877643,-0.136979,0.457855,0.0367349
119503719000,0.673886,0.264,0.284835,-0.0275911,-0.020563,-0.0118889,0.877625,-0.137076,0.457843,0.0369346
119513719000,0.673609,0.263793,0.284719,-0.0279227,-0.0209726,-0.0114227,0.877616,-0.137183,0.457813,0.0371332
119523719000,0.67333,0.263581,0.284608,-0.0279432,-0.0213913,-0.0108121,0.87761,-0.137295,0.457773,0.0373387
119533719000,0.677346,0.264002,0.282705,-0.0149437,-0.0195385,-0.0157757,0.877611,-0.137403,0.457721,0.0375586
119543719000,0.679239,0.264171,0.281629,-0.00886928,-0.0188001,-0.018116,0.877609,-0.137513,0.457673,0.0377966
119553719000,0.67915,0.263981,0.281451,-0.00888769,-0.019284,-0.0174495,0.877605,-0.137624,0.457626,0.0380495
119563719000,0.67906,0.263785,0.281279,-0.00922732,-0.0197805,-0.0168728,0.877601,-0.137747,0.457574,0.0383275
119573719000,0.678966,0.263586,0.281112,-0.0094927,-0.0200297,-0.0164847,0.877596,-0.137869,0.457521,0.0386213
119583719000,0.678869,0.263385,0.28095,-0.00985602,-0.0201612,-0.0159976,0.877591,-0.137999,0.457465,0.0389432
119593719000,0.678768,0.263183,0.280792,-0.0103182,-0.0203239,-0.0154806,0.877585,-0.138133,0.457407,0.0392887
119603719000,0.678662,0.262979,0.28064,-0.0109343,-0.0204786,-0.0149403,0.877583,-0.138274,0.457336,0.0396559
119613719000,0.678549,0.262774,0.280493,-0.0116211,-0.0205838,-0.0145242,0.877588,-0.138423,0.457248,0.0400349
119623719000,0.67843,0.262568,0.280351,-0.0121927,-0.0206293,-0.0139341,0.877602,-0.138584,0.457137,0.0404367
119633719000,0.680449,0.263141,0.279936,-0.00624371,-0.0176682,-0.0143445,0.877626,-0.138756,0.457002,0.0408523
119643719000,0.680381,0.262965,0.279795,-0.00740039,-0.0174494,-0.0138195,0.877659,-0.138934,0.456846,0.0412747
119653719000,0.680301,0.262792,0.27966,-0.00864865,-0.0172042,-0.013254,0.877709,-0.139121,0.456653,0.041709
119663719000,0.680208,0.262622,0.27953,-0.00992056,-0.0167212,-0.0127904,0.877772,-0.139316,0.456432,0.0421555
119673719000,0.680102,0.262455,0.279404,-0.0111741,-0.0167835,-0.0123137,0.877853,-0.139519,0.456173,0.0426102
119683719000,0.679986,0.262286,0.279283,-0.0121629,-0.016954,-0.0118691,0.877951,-0.139724,0.455878,0.0430656
119693719000,0.679859,0.262116,0.279167,-0.0131214,-0.017114,-0.0113388,0.878067,-0.139932,0.455547,0.0435219
119703719000,0.679723,0.261944,0.279056,-0.0140765,-0.0171754,-0.0108826,0.878203,-0.140148,0.455175,0.04398
119713719000,0.679579,0.261773,0.27895,-0.0148799,-0.0171442,-0.0104112,0.878358,-0.140364,0.454764,0.0444431
119723719000,0.679426,0.261601,0.278848,-0.0156147,-0.0172267,-0.00985683,0.878524,-0.140586,0.454328,0.0449044
119733719000,0.679266,0.261428,0.278753,-0.0164648,-0.0174367,-0.0090898,0.878708,-0.140811,0.453858,0.0453653
119743719000,0.679098,0.261252,0.278666,-0.0171584,-0.0176522,-0.00840405,0.878903,-0.141037,0.453363,0.0458284
119753719000,0.68086,0.261731,0.27945,-0.0112298,-0.0149857,-0.00509505,0.879109,-0.14127,0.452844,0.0462987
119763719000,0.680745,0.261579,0.279403,-0.0116696,-0.015374,-0.0043955,0.879324,-0.141504,0.452303,0.0467765
119773719000,0.681829,0.261843,0.279774,-0.00822659,-0.0141622,-0.00250984,0.879542,-0.141738,0.451754,0.0472648
119783719000,0.681744,0.261697,0.279753,-0.00866392,-0.0149241,-0.001785,0.879765,-0.141978,0.451192,0.0477609
119793719000,0.681655,0.261544,0.279739,-0.0090083,-0.0157194,-0.00106424,0.879988,-0.142231,0.450623,0.048284
119803719000,0.681564,0.261383,0.279732,-0.00923708,-0.0164693,-0.000330252,0.880211,-0.142484,0.450047,0.0488236
119813719000,0.68147,0.261215,0.279732,-0.00947146,-0.0171964,0.000398408,0.880429,-0.142744,0.449478,0.0493843
119823719000,0.681376,0.261039,0.279739,-0.00939432,-0.0179212,0.00106025,0.880643,-0.143012,0.448909,0.0499674
119833719000,0.681284,0.260857,0.279753,-0.0090809,-0.0185627,0.00178137,0.88084,-0.143291,0.448366,0.0505666
119843719000,0.681197,0.260669,0.279775,-0.00833791,-0.0189864,0.00246091,0.881021,-0.143581,0.447847,0.051187
119853719000,0.682317,0.26119,0.278941,-0.00331489,-0.0167401,0.000589717,0.881181,-0.143885,0.447361,0.0518257
119863719000,0.682289,0.261021,0.27895,-0.00214366,-0.0169419,0.00121972,0.881314,-0.144195,0.446923,0.0524643
119873719000,0.682274,0.260852,0.278966,-0.000868168,-0.0169143,0.00199438,0.881421,-0.144512,0.446535,0.0531026
119883719000,0.682272,0.260684,0.27899,0.000624929,-0.0167904,0.00281347,0.881496,-0.144837,0.446205,0.0537435
119893719000,0.682287,0.260516,0.279022,0.00226435,-0.0166772,0.00348579,0.881534,-0.145169,0.445944,0.054376
119903719000,0.682318,0.260352,0.27906,0.00388028,-0.0162518,0.00410554,0.881538,-0.145504,0.445752,0.0549984
119913719000,0.682364,0.260191,0.279103,0.00537879,-0.0158967,0.00446268,0.88151,-0.145834,0.445623,0.0556078
119923719000,0.682425,0.260035,0.279148,0.00679065,-0.0152597,0.00460299,0.881448,-0.146165,0.445562,0.0562014
119933719000,0.682499,0.259887,0.279195,0.00803177,-0.0143861,0.00474265,0.88136,-0.146494,0.445556,0.0567725
119943719000,0.682585,0.259749,0.279242,0.00921323,-0.013253,0.00462876,0.881246,-0.146819,0.445603,0.0573346
119953719000,0.682683,0.259621,0.279287,0.010334,-0.0122185,0.00451658,0.881107,-0.147141,0.445701,0.0578763
119963719000,0.682382,0.259514,0.278764,0.00983839,-0.0111946,0.0023711,0.880949,-0.14746,0.445842,0.0583945
119973719000,0.682182,0.259345,0.278462,0.00940895,-0.0103739,0.00102115,0.880768,-0.147777,0.44603,0.0588852
119983719000,0.68228,0.259248,0.27847,0.00993353,-0.00898551,0.000583751,0.880566,-0.148095,0.446259,0.0593648
119993719000,0.682382,0.259164,0.278474,0.0104527,-0.00779747,0.000229015,0.880353,-0.148407,0.446513,0.0598325
120003719000,0.682489,0.259092,0.278474,0.0109676,-0.00659097,-0.000206582,0.88013,-0.148713,0.446791,0.0602778
120013719000,0.682601,0.259032,0.278471,0.0114652,-0.0054165,-0.000426492,0.879896,-0.149014,0.447093,0.0607075
120023719000,0.682718,0.258985,0.278465,0.0120291,-0.00414696,-0.000637819,0.879654,-0.149299,0.44742,0.0611149
120033719000,0.682841,0.258949,0.278458,0.0125435,-0.00302678,-0.000747049,0.879404,-0.149565,0.447768,0.0615065
120043719000,0.682969,0.258923,0.27845,0.0130331,-0.00209516,-0.000997598,0.879151,-0.149814,0.448131,0.0618749
120053719000,0.6831,0.258908,0.278439,0.0132048,-0.000881245,-0.00103119,0.878895,-0.150051,0.448503,0.0622315
120063719000,0.683234,0.258904,0.278428,0.0135091,3.87031e-05,-0.00120579,0.878637,-0.150271,0.448889,0.0625729
120073719000,0.681975,0.258096,0.278548,0.00855131,-0.00257528,-0.000848106,0.878375,-0.150473,0.449287,0.0628968
120083719000,0.682062,0.258075,0.278539,0.00887608,-0.00166934,-0.000889898,0.878115,-0.150667,0.449686,0.0632053
120093719000,0.682153,0.258062,0.27853,0.00923261,-0.000814898,-0.000984206,0.877853,-0.150848,0.450097,0.0634999
120103719000,0.681976,0.257646,0.323051,0.0094405,4.82161e-05,0.0160012,0.877593,-0.151014,0.45051,0.0637685
120113719000,0.682072,0.257649,0.323211,0.00971271,0.000558369,0.0160117,0.877338,-0.151165,0.450918,0.0640248
120123719000,0.68217,0.257657,0.323371,0.00989401,0.00105599,0.0160346,0.87709,-0.1513,0.451322,0.0642589
120133719000,0.68227,0.257669,0.323531,0.0102055,0.00140162,0.0160173,0.876848,-0.151426,0.451719,0.0644738
120143719000,0.682373,0.257685,0.323693,0.0104315,0.00174454,0.0163395,0.876613,-0.151535,0.452112,0.0646732
120153719000,0.682479,0.257703,0.323859,0.0107448,0.00195429,0.0168034,0.876382,-0.151633,0.452501,0.064853
120163719000,0.682588,0.257724,0.324029,0.0110378,0.00222247,0.0171992,0.876156,-0.151724,0.452884,0.0650165
120173719000,0.6827,0.257747,0.324202,0.0113968,0.00241921,0.0173987,0.875938,-0.151804,0.453256,0.0651619
120183719000,0.682814,0.257774,0.324377,0.0114118,0.00287355,0.0175463,0.875731,-0.151879,0.453614,0.0652875
120193719000,0.681935,0.257089,0.322015,0.00702961,-0.000679918,0.00582096,0.875528,-0.151953,0.453967,0.0653898
120203719000,0.682007,0.257084,0.322073,0.00722379,-0.000199969,0.00588579,0.87533,-0.152028,0.45431,0.065469
120213719000,0.681464,0.256603,0.320483,0.004473,-0.00233593,-0.00191315,0.875138,-0.152115,0.454644,0.0655254
120223719000,0.681509,0.256583,0.320463,0.00447252,-0.00153525,-0.00203451,0.874956,-0.152211,0.454958,0.0655565
120233719000,0.681553,0.256571,0.320443,0.00431554,-0.000882813,-0.00202025,0.874776,-0.152328,0.455264,0.0655635
120243719000,0.681595,0.256567,0.320424,0.00408798,1.33485e-05,-0.00184513,0.874599,-0.152464,0.45556,0.0655524
120253719000,0.681636,0.256571,0.320405,0.00413647,0.000739598,-0.00182841,0.874422,-0.152626,0.455849,0.0655271
120263719000,0.681676,0.256582,0.320388,0.00393265,0.00159289,-0.00171605,0.874243,-0.152814,0.456135,0.0654793
120273719000,0.682076,0.255728,0.316945,0.00407393,-0.00237895,-0.0172142,0.874063,-0.153039,0.456414,0.0654152
120283719000,0.682115,0.255709,0.316772,0.00385918,-0.00162573,-0.0174141,0.873883,-0.153298,0.456682,0.0653457
120293719000,0.682153,0.255696,0.316599,0.0036592,-0.000813465,-0.0172695,0.873701,-0.153601,0.45694,0.0652647
120303719000,0.682188,0.255692,0.316427,0.0034176,-0.000130554,-0.0170517,0.873518,-0.153937,0.457191,0.0651625
120313719000,0.682221,0.255695,0.316258,0.0030719,0.000768757,-0.0167749,0.873341,-0.154298,0.457424,0.0650383
120323719000,0.682249,0.255705,0.316091,0.00259561,0.00133391,-0.0165737,0.87317,-0.154696,0.457637,0.0649019
120333719000,0.682272,0.255721,0.315928,0.00188922,0.00175204,-0.0160929,0.873011,-0.155109,0.457823,0.0647402
120343719000,0.682288,0.255739,0.315769,0.00139786,0.00196181,-0.0156114,0.87286,-0.155543,0.457989,0.0645595
120353719000,0.682299,0.25576,0.315616,0.000773797,0.00219046,-0.0150243,0.872719,-0.15599,0.458132,0.0643683
120363719000,0.682303,0.255781,0.31547,4.67012e-05,0.00213833,-0.0142023,0.872589,-0.156457,0.458249,0.0641737
120373719000,0.682301,0.255802,0.315334,-0.000436444,0.00195737,-0.0130336,0.872464,-0.15694,0.458347,0.0639798
120383719000,0.682295,0.25582,0.315211,-0.000829852,0.00171862,-0.0115793,0.872346,-0.157433,0.458429,0.0637922
120393719000,0.693272,0.25311,0.287302,0.0345037,-0.0155467,-0.124696,0.872236,-0.157926,0.458494,0.0636165
120403719000,0.693616,0.252953,0.286063,0.0342387,-0.0160558,-0.123111,0.872122,-0.158414,0.458562,0.0634751
120413719000,0.700876,0.251104,0.26697,0.0563594,-0.0272515,-0.194292,0.872014,-0.158904,0.458615,0.0633589
120423719000,0.701437,0.250829,0.265037,0.0559265,-0.0279408,-0.192336,0.871906,-0.159372,0.458669,0.0632719
120433719000,0.701995,0.250546,0.263124,0.0556406,-0.0285593,-0.190277,0.871798,-0.159827,0.458724,0.0632176
120443719000,0.70255,0.250257,0.261231,0.0553343,-0.0292095,-0.188168,0.87168,-0.16027,0.458796,0.0631983
120453719000,0.703101,0.249963,0.25936,0.0547654,-0.0296775,-0.18607,0.871556,-0.160704,0.458876,0.0632216
120463719000,0.703645,0.249665,0.257509,0.0540326,-0.0298888,-0.184139,0.871424,-0.16113,0.458969,0.0632837
120473719000,0.704181,0.249365,0.255676,0.0532582,-0.0301324,-0.182512,0.87128,-0.161546,0.45908,0.0633939
120483719000,0.70471,0.249063,0.253859,0.0525836,-0.0301835,-0.180967,0.871127,-0.161956,0.459206,0.0635425
120493719000,0.705232,0.248763,0.252056,0.05172,-0.0299017,-0.179444,0.87097,-0.162363,0.459335,0.0637349
120503719000,0.705745,0.248464,0.250269,0.0508552,-0.0298383,-0.178113,0.870802,-0.162777,0.459471,0.0639761
120513719000,0.70121,0.249345,0.257576,0.0322024,-0.0234713,-0.140795,0.870627,-0.163195,0.459616,0.0642553
120523719000,0.701527,0.249112,0.256174,0.031197,-0.0231189,-0.139655,0.87045,-0.163615,0.459758,0.0645771
120533719000,0.701834,0.248882,0.254783,0.0302716,-0.0230106,-0.138578,0.870268,-0.164039,0.459901,0.064932
120543719000,0.702131,0.248653,0.253401,0.0290521,-0.0227278,-0.137922,0.87008,-0.164469,0.460048,0.0653131
120553719000,0.702414,0.248427,0.252024,0.0276482,-0.0225063,-0.137297,0.869889,-0.164906,0.460194,0.0657281
120563719000,0.702684,0.248204,0.250653,0.0261847,-0.0220627,-0.137011,0.869696,-0.165354,0.460335,0.0661739
120573719000,0.702938,0.247986,0.249284,0.0247779,-0.0216035,-0.136822,0.869504,-0.165809,0.460466,0.0666483
120583719000,0.70318,0.247772,0.247915,0.0236402,-0.0210438,-0.136955,0.869316,-0.16627,0.460583,0.0671335
120593719000,0.70341,0.247565,0.246543,0.0223654,-0.0205218,-0.137315,0.869134,-0.166745,0.460682,0.0676341
120603719000,0.703627,0.247363,0.245168,0.0210154,-0.0198135,-0.137792,0.868953,-0.167242,0.460769,0.0681399
120613719000,0.703831,0.247167,0.243787,0.0196962,-0.0192736,-0.138412,0.868777,-0.16776,0.460835,0.0686539
120623719000,0.700009,0.247233,0.250819,0.0043165,-0.0163346,-0.107479,0.868603,-0.168303,0.460888,0.0691746
120633719000,0.697724,0.247179,0.254866,-0.00493916,-0.0146022,-0.0892096,0.868441,-0.168861,0.460911,0.0696936
120643719000,0.697669,0.247035,0.253969,-0.00614217,-0.0142872,-0.0902002,0.868285,-0.16944,0.460914,0.0702147
120653719000,0.697602,0.246894,0.253063,-0.00723609,-0.0140198,-0.0911084,0.868135,-0.170036,0.460898,0.07073
120663719000,0.697525,0.246754,0.252147,-0.0081565,-0.0139405,-0.0920359,0.867995,-0.170641,0.46086,0.0712342
120673719000,0.69744,0.246615,0.251222,-0.00881431,-0.0139018,-0.0928969,0.867865,-0.171251,0.460803,0.0717244
120683719000,0.697348,0.246475,0.250288,-0.00951416,-0.0140276,-0.0939841,0.867744,-0.171856,0.460732,0.0721976
120693719000,0.697252,0.246334,0.249343,-0.00967912,-0.0141654,-0.0950687,0.867628,-0.172464,0.46065,0.0726557
120703719000,0.697154,0.246192,0.248386,-0.0100089,-0.014163,-0.0963756,0.867519,-0.173074,0.460558,0.073096
120713719000,0.697053,0.246051,0.247416,-0.0101547,-0.0141563,-0.0975175,0.867413,-0.173685,0.46046,0.0735134
120723719000,0.695606,0.246396,0.250534,-0.0148627,-0.0114229,-0.083103,0.867311,-0.174289,0.460362,0.0739086
120733719000,0.695457,0.246282,0.249697,-0.0150171,-0.0114702,-0.0843912,0.867215,-0.174886,0.460257,0.0742758
120743719000,0.695306,0.246165,0.248847,-0.0152509,-0.0117667,-0.0855105,0.867124,-0.175475,0.460149,0.0746164
120753719000,0.695152,0.246046,0.247987,-0.0154324,-0.0120976,-0.0865716,0.867037,-0.176056,0.460039,0.0749323
120763719000,0.694996,0.245923,0.247115,-0.0158327,-0.0126279,-0.0877488,0.866956,-0.17662,0.459928,0.0752302
120773719000,0.694835,0.245794,0.246233,-0.0163353,-0.0131205,-0.0887566,0.866875,-0.177179,0.459819,0.0755106
120783719000,0.69467,0.245659,0.24534,-0.0165978,-0.0138295,-0.0897709,0.866798,-0.17773,0.459708,0.0757773
120793719000,0.694503,0.245517,0.244437,-0.0168385,-0.0146409,-0.0907862,0.866727,-0.178268,0.459592,0.0760252
120803719000,0.694333,0.245366,0.243525,-0.0170971,-0.0155437,-0.0916951,0.86666,-0.1788,0.459473,0.076264
120813719000,0.694161,0.245206,0.242604,-0.0174797,-0.0164034,-0.0924962,0.866596,-0.179318,0.459352,0.0764956
120823719000,0.68978,0.246971,0.255811,-0.0312119,-0.00650973,-0.0414917,0.866533,-0.179826,0.459234,0.0767272
120833719000,0.686892,0.248124,0.264168,-0.0397363,-0.000755612,-0.00984621,0.866472,-0.180321,0.459118,0.076946
120843719000,0.686494,0.248111,0.264066,-0.0398268,-0.00189165,-0.0104997,0.866411,-0.180809,0.459004,0.0771645
120853719000,0.686095,0.248088,0.263958,-0.0400894,-0.00266656,-0.0111094,0.866356,-0.181282,0.458885,0.0773859
120863719000,0.685693,0.248057,0.263844,-0.0402476,-0.00367694,-0.0116644,0.8663,-0.181743,0.45877,0.0776083
120873719000,0.68529,0.248015,0.263725,-0.0403094,-0.00475703,-0.012165,0.866243,-0.182187,0.458665,0.0778266
120883719000,0.684888,0.247962,0.263602,-0.040171,-0.00583207,-0.0124058,0.866191,-0.182608,0.458559,0.0780471
120893719000,0.684487,0.247898,0.263476,-0.0400412,-0.00695063,-0.0127914,0.86614,-0.183003,0.458461,0.0782645
120903719000,0.684086,0.247822,0.263347,-0.0400869,-0.00808347,-0.013014,0.86609,-0.183376,0.458368,0.0784815
120913719000,0.683684,0.247737,0.263217,-0.0402425,-0.00898039,-0.0130261,0.866041,-0.183724,0.458283,0.0787068
120923719000,0.682685,0.248952,0.268509,-0.041307,-0.00289713,0.00715868,0.86599,-0.184045,0.458211,0.0789436
120933719000,0.682271,0.248918,0.268578,-0.0414465,-0.00392668,0.00681075,0.865938,-0.184348,0.458146,0.0791793
120943719000,0.681856,0.248874,0.268645,-0.0414477,-0.00486289,0.0066001,0.865886,-0.184633,0.458089,0.079418
120953719000,0.681441,0.248821,0.268711,-0.0416861,-0.00571015,0.006558,0.865832,-0.184904,0.458036,0.0796707
120963719000,0.681023,0.248759,0.268776,-0.0417449,-0.00666588,0.00648734,0.865782,-0.185149,0.457989,0.0799223
120973719000,0.680606,0.248688,0.268841,-0.0417443,-0.00755188,0.00646027,0.86573,-0.185373,0.457952,0.0801707
120983719000,0.680188,0.248609,0.268905,-0.0418594,-0.00830098,0.00635214,0.865673,-0.185587,0.45793,0.0804233
120993719000,0.679769,0.248524,0.268968,-0.0419378,-0.00871414,0.0061898,0.865618,-0.185792,0.457906,0.0806814
121003719000,0.679349,0.248433,0.269029,-0.0419838,-0.00938988,0.00605034,0.865559,-0.185984,0.457892,0.0809413
121013719000,0.67893,0.248338,0.269088,-0.0419686,-0.00973807,0.00579269,0.865498,-0.186171,0.457887,0.0812004
121023719000,0.67851,0.248239,0.269146,-0.0418524,-0.0100932,0.00576788,0.865434,-0.186352,0.45789,0.081453
121033719000,0.678093,0.248135,0.269203,-0.0416845,-0.0106984,0.00558901,0.865363,-0.186525,0.457908,0.0817055
121043719000,0.674377,0.250105,0.284233,-0.051298,0.000574064,0.0598243,0.865285,-0.186701,0.457939,0.0819578
121053719000,0.673866,0.25011,0.28483,-0.0509794,0.000354936,0.0595746,0.865199,-0.186886,0.457981,0.0822057
121063719000,0.67128,0.251433,0.294765,-0.0569418,0.00757693,0.0934311,0.865108,-0.187065,0.458036,0.0824535
121073719000,0.670711,0.251509,0.2957,-0.0569083,0.00761607,0.0934823,0.865009,-0.187246,0.458104,0.0827014
121083719000,0.670143,0.251584,0.296635,-0.0567069,0.00742061,0.0936304,0.8649,-0.187424,0.458192,0.0829488
121093719000,0.669577,0.251658,0.297572,-0.0565768,0.00726115,0.0936095,0.86478,-0.187595,0.458302,0.0831993
121103719000,0.669011,0.25173,0.298508,-0.0565308,0.00713562,0.093595,0.86465,-0.187767,0.458433,0.0834495
121113719000,0.668446,0.251802,0.299443,-0.056473,0.00728007,0.0933883,0.864512,-0.187936,0.458577,0.0837042
121123719000,0.667881,0.251875,0.300377,-0.0565605,0.00724637,0.0935292,0.864371,-0.188101,0.458729,0.0839577
121133719000,0.667315,0.251947,0.301312,-0.0565931,0.00732588,0.0935179,0.864218,-0.188269,0.458902,0.0842075
121143719000,0.666749,0.25202,0.302247,-0.0566402,0.00717752,0.0934059,0.864061,-0.188428,0.459087,0.0844536
121153719000,0.666183,0.252092,0.30318,-0.0566473,0.00719596,0.0931889,0.863903,-0.188582,0.459277,0.0846959
121163719000,0.665616,0.252164,0.304112,-0.0566842,0.00726945,0.0932336,0.863744,-0.188731,0.45947,0.0849357
121173719000,0.665048,0.252238,0.305044,-0.0569238,0.00753418,0.0931891,0.86358,-0.188879,0.459674,0.0851731
121183719000,0.664478,0.252313,0.305975,-0.0569897,0.00747333,0.0930468,0.86342,-0.189009,0.459877,0.0854075
121193719000,0.663907,0.252389,0.306906,-0.0572034,0.00770199,0.093068,0.863261,-0.189137,0.46008,0.0856376
121203719000,0.663087,0.252058,0.34895,-0.0571641,0.00788288,0.113728,0.863103,-0.189258,0.460285,0.0858619
121213719000,0.662515,0.252137,0.350087,-0.0571851,0.00799154,0.113714,0.862947,-0.189371,0.460491,0.0860777
121223719000,0.661943,0.252218,0.351225,-0.0573021,0.00815079,0.113827,0.86279,-0.189483,0.460699,0.0862868
121233719000,0.661369,0.252299,0.352363,-0.0573576,0.00817969,0.113859,0.862637,-0.189585,0.460908,0.0864841
121243719000,0.660796,0.252382,0.353502,-0.0573454,0.00836398,0.113896,0.862482,-0.189686,0.461121,0.0866699
121253719000,0.660222,0.252466,0.354642,-0.0573806,0.00836191,0.11422,0.86233,-0.18978,0.461334,0.0868448
121263719000,0.659649,0.25255,0.355786,-0.0571834,0.00842024,0.114528,0.862185,-0.189859,0.461543,0.0870047
121273719000,0.659078,0.252634,0.356934,-0.0571003,0.0083556,0.115092,0.862043,-0.189929,0.461751,0.0871509
121283719000,0.658507,0.252716,0.358087,-0.0569709,0.0082292,0.115425,0.861903,-0.189977,0.461966,0.0872833
121293719000,0.657937,0.252799,0.359244,-0.0570733,0.00837395,0.115925,0.861772,-0.190014,0.462173,0.0874044
121303719000,0.657366,0.252883,0.360405,-0.0570727,0.0084002,0.116433,0.86164,-0.190044,0.462387,0.0875134
121313719000,0.656796,0.252967,0.361573,-0.0570544,0.00824211,0.117085,0.861508,-0.190057,0.462612,0.0875993
121323719000,0.65384,0.255001,0.369967,-0.0633826,0.0165076,0.148871,0.861379,-0.190053,0.462839,0.0876716
121333719000,0.653206,0.255166,0.371459,-0.0634,0.0164769,0.149563,0.861258,-0.190025,0.463066,0.0877224
121343719000,0.652571,0.255329,0.372959,-0.0635971,0.0162885,0.150397,0.861144,-0.189976,0.463289,0.0877666
121353719000,0.651935,0.255492,0.374466,-0.0636715,0.0161609,0.151114,0.861033,-0.189916,0.463514,0.0878039
121363719000,0.651298,0.255653,0.375981,-0.0636414,0.0161066,0.151819,0.860926,-0.189832,0.463742,0.0878265
121373719000,0.650662,0.255814,0.377502,-0.0636355,0.016071,0.152466,0.860823,-0.189728,0.463972,0.0878403
121383719000,0.650025,0.255974,0.379031,-0.0638428,0.0159635,0.153218,0.860727,-0.189607,0.464201,0.0878329
121393719000,0.649385,0.256134,0.380567,-0.0640331,0.0159392,0.153961,0.860635,-0.189472,0.464431,0.0878102
121403719000,0.648745,0.256292,0.38211,-0.0640825,0.0157927,0.154733,0.860544,-0.189336,0.464662,0.0877817
121413719000,0.648104,0.256451,0.383661,-0.0640698,0.0158767,0.155493,0.860453,-0.189197,0.464895,0.0877372
121423719000,0.647463,0.25661,0.38522,-0.0640647,0.0159304,0.156164,0.860361,-0.189048,0.465138,0.0876703
121433719000,0.646823,0.256769,0.386784,-0.0640078,0.0159528,0.156781,0.86027,-0.188898,0.465383,0.0875845
121443719000,0.646183,0.256929,0.388355,-0.0639261,0.016034,0.157266,0.860176,-0.188752,0.465636,0.0874796
121453719000,0.645545,0.257089,0.38993,-0.0637595,0.0160412,0.157746,0.860077,-0.188603,0.465903,0.0873514
121463719000,0.644908,0.257249,0.391509,-0.0636248,0.015914,0.158199,0.859975,-0.188453,0.466181,0.0872028
121473719000,0.644272,0.257408,0.393093,-0.0635841,0.0158302,0.158553,0.859867,-0.188303,0.466473,0.0870331
121483719000,0.643636,0.257567,0.39468,-0.0634408,0.0160428,0.158886,0.859752,-0.188151,0.46678,0.0868431
121493719000,0.643002,0.257729,0.396271,-0.0633268,0.016203,0.159287,0.859627,-0.187998,0.467112,0.0866296
121503719000,0.642369,0.257891,0.397867,-0.06333,0.0162532,0.159882,0.859494,-0.187846,0.46746,0.0864049
121513719000,0.641735,0.258053,0.399467,-0.0634808,0.016258,0.160205,0.859359,-0.187687,0.467815,0.086164
121523719000,0.6411,0.258216,0.401071,-0.0636013,0.016347,0.160451,0.859218,-0.187529,0.468182,0.0859218
121533719000,0.647769,0.255815,0.388407,-0.0444924,0.00713476,0.114561,0.85907,-0.187373,0.468562,0.0856747
121543719000,0.647323,0.255887,0.389553,-0.0450048,0.00733079,0.114654,0.858918,-0.187213,0.468951,0.0854208
121553719000,0.650604,0.254672,0.383395,-0.0355377,0.0026318,0.0914411,0.85876,-0.187049,0.469351,0.0851655
121563719000,0.650246,0.2547,0.384309,-0.0362404,0.00282766,0.0913315,0.858605,-0.186875,0.469751,0.0849087
121573719000,0.64988,0.254728,0.385222,-0.0369159,0.00295922,0.0912223,0.858447,-0.186705,0.470152,0.0846576
121583719000,0.649507,0.254759,0.386133,-0.0377544,0.0031225,0.0910126,0.858286,-0.186531,0.47056,0.0844127
121593719000,0.649125,0.254791,0.387042,-0.0386245,0.00328855,0.0907972,0.858124,-0.186356,0.470968,0.0841669
121603719000,0.648733,0.254824,0.38795,-0.0398109,0.00325231,0.0906981,0.857964,-0.186178,0.47137,0.0839367
121613719000,0.648329,0.254857,0.388855,-0.0409736,0.00340641,0.0904249,0.857806,-0.185997,0.471768,0.083717
121623719000,0.647913,0.254892,0.389759,-0.042226,0.00352234,0.0902459,0.857653,-0.185815,0.472156,0.0835004
121633719000,0.647484,0.254927,0.39066,-0.0435337,0.00350861,0.0900089,0.857505,-0.185638,0.47253,0.0832975
121643719000,0.647042,0.254963,0.391559,-0.0448396,0.00373992,0.0897745,0.857357,-0.18546,0.472901,0.0831146
121653719000,0.649776,0.253926,0.387836,-0.0371785,0.000144593,0.0748547,0.857208,-0.185286,0.473269,0.0829443
121663719000,0.649399,0.253926,0.388583,-0.0384244,3.59584e-05,0.0745942,0.857064,-0.185116,0.473622,0.0827908
121673719000,0.649009,0.253928,0.389328,-0.0395842,0.000185449,0.0743226,0.856925,-0.184955,0.473964,0.0826439
121683719000,0.648608,0.25393,0.390069,-0.0406961,0.000235014,0.0740204,0.856786,-0.184796,0.4743,0.0825025
121693719000,0.648195,0.253932,0.390809,-0.0418959,0.000204423,0.0738571,0.856655,-0.184638,0.474623,0.082364
121703719000,0.647769,0.253935,0.391546,-0.0432262,0.000399218,0.0736253,0.856528,-0.184485,0.474934,0.0822311
121713719000,0.647332,0.253939,0.392281,-0.0442515,0.000478501,0.0734169,0.856408,-0.184338,0.47523,0.0821034
121723719000,0.646884,0.253944,0.393015,-0.045302,0.000528959,0.0733253,0.856291,-0.184194,0.475519,0.0819802
121733719000,0.646426,0.253951,0.393749,-0.0463348,0.000740423,0.0734002,0.856182,-0.184047,0.475792,0.0818609
121743719000,0.645957,0.253958,0.394484,-0.0473414,0.000668515,0.0735956,0.85608,-0.183897,0.476053,0.0817426
121753719000,0.6505,0.253321,0.388248,-0.0336419,-0.00175996,0.0516156,0.855989,-0.18375,0.476295,0.0816232
121763719000,0.650159,0.253303,0.388764,-0.0346907,-0.00179704,0.0515827,0.855901,-0.183596,0.476532,0.0815035
121773719000,0.652955,0.252895,0.385083,-0.0262223,-0.00353924,0.0382103,0.855823,-0.183441,0.476754,0.081376
121783719000,0.652688,0.252858,0.385465,-0.0271905,-0.00372135,0.0383463,0.855751,-0.18329,0.476964,0.0812491
121793719000,0.652412,0.25282,0.385849,-0.0280828,-0.00404575,0.0384467,0.85569,-0.183136,0.477153,0.0811221
121803719000,0.652127,0.252777,0.386236,-0.0289017,-0.00445181,0.0389079,0.855638,-0.182976,0.47733,0.0809973
121813719000,0.651835,0.252731,0.386627,-0.0295555,-0.00471841,0.0393039,0.855597,-0.182806,0.477488,0.0808703
121823719000,0.651535,0.252682,0.387022,-0.0304444,-0.00504216,0.0395721,0.855565,-0.18264,0.477631,0.0807476
121833719000,0.651226,0.25263,0.38742,-0.031265,-0.00547531,0.0401146,0.855539,-0.18247,0.477762,0.08063
121843719000,0.65091,0.252573,0.387823,-0.0319521,-0.0059424,0.0405677,0.855522,-0.182293,0.477879,0.0805148
121853719000,0.650587,0.25251,0.388232,-0.0326738,-0.00653059,0.041056,0.85552,-0.182116,0.477969,0.0804087
121863719000,0.653502,0.252886,0.385438,-0.0227175,-0.00553265,0.0311244,0.855527,-0.181933,0.478044,0.0803049
121873719000,0.653271,0.252827,0.385752,-0.0234627,-0.0062403,0.0315879,0.855541,-0.181745,0.478106,0.0802016
121883719000,0.653035,0.252761,0.38607,-0.0238508,-0.00692054,0.0319928,0.855561,-0.181555,0.478159,0.0801034
121893719000,0.652795,0.252689,0.386393,-0.0241301,-0.00740879,0.032649,0.855591,-0.181364,0.478194,0.0800102
121903719000,0.652553,0.252613,0.386722,-0.0242943,-0.00778631,0.0332077,0.855632,-0.181167,0.478213,0.0799108
121913719000,0.652308,0.252533,0.387058,-0.0245513,-0.00829842,0.0339141,0.855676,-0.180966,0.478225,0.079814
121923719000,0.652063,0.252448,0.3874,-0.0245891,-0.00869228,0.0344996,0.855729,-0.180754,0.478228,0.079716
121933719000,0.651817,0.252359,0.387748,-0.0245222,-0.00902467,0.0352006,0.855784,-0.18053,0.478232,0.0796065
121943719000,0.651572,0.252268,0.388104,-0.0245107,-0.00927387,0.0358903,0.855844,-0.180305,0.478228,0.0794866
121953719000,0.651327,0.252174,0.388466,-0.0244996,-0.00946477,0.0365525,0.855908,-0.180075,0.478223,0.0793558
121963719000,0.651082,0.252079,0.388835,-0.0244905,-0.00968446,0.0371954,0.855977,-0.179828,0.478215,0.0792154
121973719000,0.650837,0.25198,0.389209,-0.0245135,-0.0100175,0.0377234,0.856053,-0.179579,0.478199,0.0790563
121983719000,0.65332,0.252817,0.387919,-0.0153021,-0.00651491,0.0328916,0.856133,-0.179323,0.47818,0.07889
121993719000,0.654791,0.253314,0.387211,-0.0100824,-0.00442263,0.0299003,0.856212,-0.179068,0.478162,0.078713
122003719000,0.654689,0.25327,0.387514,-0.0104087,-0.00436872,0.0305707,0.856291,-0.178816,0.478146,0.0785362
122013719000,0.654584,0.253227,0.387822,-0.0105522,-0.00437442,0.0311787,0.856372,-0.178567,0.478122,0.0783583
122023719000,0.654477,0.253183,0.388136,-0.0108538,-0.0042668,0.0316086,0.856458,-0.17832,0.47809,0.0781772
122033719000,0.654369,0.253142,0.388454,-0.0108027,-0.00402968,0.0319848,0.856546,-0.178069,0.478056,0.0779955
122043719000,0.654261,0.253101,0.388778,-0.0107415,-0.0040569,0.0327004,0.856632,-0.177817,0.478024,0.0778131
122053719000,0.654154,0.253061,0.389107,-0.0106984,-0.00406649,0.0331053,0.856717,-0.17756,0.477998,0.0776318
122063719000,0.654048,0.25302,0.38944,-0.0105454,-0.00414161,0.0336173,0.856796,-0.177305,0.47798,0.0774503
122073719000,0.653943,0.252978,0.389779,-0.0103669,-0.00415174,0.0340193,0.856871,-0.177039,0.477974,0.0772726
122083719000,0.655367,0.253067,0.388626,-0.00476605,-0.00362037,0.0294744,0.856945,-0.176763,0.477972,0.0770957
122093719000,0.655321,0.253031,0.388924,-0.00447496,-0.00366241,0.0300814,0.857012,-0.176471,0.477987,0.0769239
122103719000,0.655278,0.252993,0.389229,-0.0041341,-0.00377256,0.0308701,0.857073,-0.176168,0.478016,0.0767601
122113719000,0.655239,0.252956,0.389541,-0.00364611,-0.00379273,0.0316019,0.857127,-0.175849,0.478061,0.0765968
122123719000,0.655204,0.252919,0.38986,-0.00336801,-0.00351563,0.0321264,0.857176,-0.175511,0.478124,0.0764358
122133719000,0.655172,0.252885,0.390183,-0.00303782,-0.00329062,0.0325297,0.857219,-0.175149,0.478202,0.0762914
122143719000,0.655144,0.252853,0.39051,-0.002543,-0.00304958,0.0327692,0.857257,-0.17477,0.478297,0.0761444
122153719000,0.65512,0.252826,0.390837,-0.00223702,-0.00239693,0.0326771,0.857289,-0.174368,0.478409,0.0760026
122163719000,0.655099,0.252806,0.391162,-0.00189549,-0.00173604,0.032427,0.857312,-0.173967,0.478536,0.0758636
122173719000,0.655081,0.252793,0.391485,-0.00184519,-0.000801621,0.0320304,0.85733,-0.173558,0.478674,0.0757208
122183719000,0.655062,0.25279,0.391801,-0.00190768,0.000291066,0.0313506,0.857342,-0.173156,0.478823,0.0755698
122193719000,0.655605,0.252641,0.391728,-0.000169299,0.00105318,0.0292451,0.857348,-0.172759,0.478979,0.0754167
122203719000,0.655931,0.252436,0.399969,0.000768717,0.00147589,0.0300963,0.85735,-0.172368,0.479143,0.0752509
122213719000,0.655937,0.252455,0.400263,0.000264933,0.00248897,0.0287939,0.857349,-0.171996,0.479305,0.0750715
122223719000,0.655936,0.252486,0.400544,-0.000435765,0.00362969,0.027288,0.857345,-0.171656,0.479464,0.0748937
122233719000,0.655927,0.252529,0.400809,-0.00139207,0.0051434,0.0257943,0.857338,-0.171344,0.479616,0.0747088
122243719000,0.655909,0.252588,0.401058,-0.00211648,0.00658224,0.0240044,0.857328,-0.171078,0.479758,0.0745156
122253719000,0.655884,0.25266,0.401289,-0.00291765,0.00786968,0.022242,0.85732,-0.170863,0.47988,0.074322
122263719000,0.655851,0.252746,0.401503,-0.00369385,0.00921294,0.0205902,0.857311,-0.170695,0.479985,0.0741342
122273719000,0.655812,0.252844,0.401702,-0.00409158,0.0103831,0.0191403,0.8573,-0.170581,0.480075,0.0739439
122283719000,0.655771,0.252954,0.401886,-0.00415505,0.0115808,0.0176835,0.857281,-0.170509,0.480165,0.0737431
122293719000,0.65573,0.253074,0.402057,-0.00396406,0.0125691,0.0165681,0.85726,-0.170472,0.480248,0.0735278
122303719000,0.655692,0.253205,0.402218,-0.00357786,0.0135192,0.0156438,0.857235,-0.170466,0.48033,0.0732972
122313719000,0.65634,0.25226,0.402282,-0.000843585,0.00994549,0.014338,0.857209,-0.170485,0.480406,0.073055
122323719000,0.656333,0.252363,0.402423,-0.00055316,0.0104698,0.0139327,0.857179,-0.170511,0.480489,0.0728047
122333719000,0.656329,0.252468,0.402562,-0.000249025,0.0105914,0.0138055,0.857141,-0.17055,0.480583,0.0725473
122343719000,0.656328,0.252574,0.4027,2.53001e-05,0.0105964,0.0138474,0.857098,-0.170598,0.48068,0.0722899
122353719000,0.65633,0.252679,0.402838,0.000425008,0.0104086,0.0136801,0.857053,-0.170647,0.480781,0.0720343
122363719000,0.656336,0.252782,0.402975,0.000804253,0.010151,0.0138115,0.857009,-0.170694,0.48088,0.0717859
122373719000,0.656345,0.252882,0.403114,0.000925098,0.00998182,0.0138991,0.856964,-0.170736,0.48098,0.0715477
122383719000,0.656356,0.25298,0.403253,0.00126066,0.00958096,0.0140264,0.85692,-0.17077,0.481082,0.0713124
122393719000,0.65637,0.253075,0.403394,0.00147601,0.00935608,0.0141324,0.856875,-0.170798,0.481187,0.0710809
122403719000,0.656384,0.253169,0.403535,0.00148545,0.00938935,0.0139504,0.856827,-0.170815,0.481299,0.0708528
122413719000,0.655874,0.253987,0.405821,0.000176366,0.012876,0.0229563,0.85678,-0.170829,0.481411,0.0706291
122423719000,0.655875,0.254116,0.406048,-1.93629e-05,0.0129796,0.0225802,0.856733,-0.170843,0.481522,0.0704048
122433719000,0.655553,0.254679,0.407678,-0.000912518,0.0149603,0.028214,0.856687,-0.170861,0.481632,0.0701772
122443719000,0.655544,0.254831,0.407959,-0.00103039,0.0152973,0.0280534,0.856641,-0.170886,0.481739,0.0699422
122453719000,0.655533,0.254984,0.408238,-0.001083,0.0153799,0.027792,0.856594,-0.170907,0.481851,0.0696968
122463719000,0.655521,0.255138,0.408515,-0.00137246,0.015366,0.0275185,0.856554,-0.17094,0.481945,0.0694528
122473719000,0.655506,0.255291,0.40879,-0.00169596,0.0153103,0.0274003,0.856519,-0.170977,0.482031,0.0692005
122483719000,0.655487,0.255445,0.409062,-0.0020207,0.0154754,0.0271203,0.856493,-0.171009,0.482101,0.0689494
122493719000,0.655466,0.2556,0.409332,-0.0022363,0.0154081,0.0267791,0.856479,-0.171034,0.482153,0.0686946
122503719000,0.655442,0.255754,0.409598,-0.00253556,0.0154121,0.0265673,0.856476,-0.171055,0.48219,0.0684281
122513719000,0.655417,0.255909,0.409863,-0.0023792,0.0155698,0.0263213,0.856484,-0.171059,0.482213,0.0681525
122523719000,0.653899,0.256798,0.415134,-0.00671125,0.019695,0.0468235,0.856502,-0.171042,0.482227,0.0678643
122533719000,0.653835,0.256996,0.415602,-0.00609975,0.0199674,0.0468177,0.85653,-0.171006,0.482233,0.0675581
122543719000,0.653778,0.257197,0.416071,-0.00535514,0.0201056,0.0469491,0.856566,-0.170939,0.482239,0.067235
122553719000,0.653728,0.257398,0.416542,-0.00464164,0.0200688,0.0473311,0.85661,-0.170846,0.482241,0.0668848
122563719000,0.653685,0.257597,0.417018,-0.00400191,0.0198755,0.0478973,0.856662,-0.170717,0.482245,0.0665241
122573719000,0.653648,0.257795,0.4175,-0.00330641,0.0197243,0.0484252,0.856719,-0.170552,0.482255,0.066146
122583719000,0.653618,0.257991,0.417988,-0.00274119,0.0193508,0.0492535,0.856776,-0.170357,0.482275,0.0657615
122593719000,0.653593,0.258181,0.418484,-0.00232159,0.0187992,0.0498316,0.856837,-0.170128,0.482299,0.0653756
122603719000,0.653572,0.258367,0.418985,-0.00184579,0.0182792,0.0504546,0.856901,-0.169874,0.482329,0.0649841
122613719000,0.653555,0.258546,0.419492,-0.00156552,0.0175858,0.0508924,0.856967,-0.169596,0.482361,0.0645976
122623719000,0.65354,0.25872,0.420003,-0.00134322,0.0171134,0.0513173,0.857035,-0.169302,0.482395,0.0642176
122633719000,0.653527,0.258889,0.420518,-0.00123864,0.0168109,0.0517424,0.857105,-0.168992,0.482427,0.0638514
122643719000,0.65537,0.258835,0.415615,0.00494421,0.0147129,0.0313549,0.857177,-0.168679,0.482455,0.0634961
122653719000,0.655418,0.258982,0.415931,0.00481223,0.0146466,0.0317116,0.857251,-0.16836,0.482481,0.0631521
122663719000,0.656617,0.259021,0.412842,0.00867349,0.0136699,0.0190093,0.857317,-0.168041,0.482518,0.0628169
122673719000,0.656705,0.259157,0.413035,0.00888278,0.0134926,0.0196329,0.857385,-0.167723,0.482551,0.0624939
122683719000,0.656796,0.259291,0.413234,0.009291,0.0133403,0.0201162,0.857438,-0.167411,0.482605,0.0621825
122693719000,0.656891,0.259422,0.413438,0.00979503,0.0129324,0.0206332,0.857483,-0.167106,0.482667,0.0618887
122703719000,0.656991,0.259549,0.413648,0.0101453,0.0125219,0.0214828,0.857522,-0.16681,0.482736,0.0616169
122713719000,0.657093,0.259671,0.413867,0.0102863,0.0118526,0.0222991,0.857552,-0.16652,0.482814,0.0613672
122723719000,0.657377,0.25954,0.413109,0.0112176,0.00987032,0.0192976,0.857566,-0.166242,0.482915,0.061142
122733719000,0.657493,0.259635,0.413307,0.0118465,0.00905917,0.0202558,0.857565,-0.165971,0.483035,0.0609426
122743719000,0.657614,0.25972,0.413514,0.0124255,0.00807325,0.0212876,0.857557,-0.165695,0.483165,0.0607722
122753719000,0.657741,0.259797,0.413732,0.0130618,0.00731503,0.0222571,0.857536,-0.165417,0.483314,0.0606325
122763719000,0.657875,0.259866,0.413959,0.0136976,0.00635191,0.0230512,0.857506,-0.16514,0.483476,0.0605201
122773719000,0.658015,0.259925,0.414192,0.0142902,0.00544377,0.0236892,0.857467,-0.164864,0.483652,0.060428
122783719000,0.658159,0.259976,0.414433,0.0144638,0.00472834,0.0244096,0.857415,-0.164593,0.483844,0.0603598
122793719000,0.658304,0.26002,0.41468,0.0146386,0.004099,0.0250865,0.857364,-0.164317,0.484037,0.0602972
122803719000,0.658452,0.260057,0.414934,0.0148435,0.00333411,0.0257217,0.857305,-0.164034,0.484243,0.0602432
122813719000,0.658602,0.260088,0.415194,0.0151407,0.00277317,0.0261051,0.857241,-0.163746,0.484461,0.0601964
122823719000,0.658754,0.260112,0.415456,0.0152953,0.00219497,0.0263503,0.857173,-0.163466,0.48468,0.060156
122833719000,0.658908,0.260131,0.415722,0.0154673,0.00146786,0.0268041,0.857105,-0.163186,0.484898,0.060122
122843719000,0.659062,0.260142,0.415991,0.0153585,0.000813121,0.027029,0.857039,-0.162906,0.485111,0.0601055
122853719000,0.661776,0.259316,0.405995,0.0234695,-0.00470317,-0.0107186,0.856972,-0.16263,0.485322,0.0601019
122863719000,0.663556,0.258794,0.399672,0.0284695,-0.00798761,-0.0334904,0.856907,-0.162354,0.48553,0.0601047
122873719000,0.66384,0.258714,0.399337,0.0282537,-0.00801824,-0.0333184,0.856841,-0.162073,0.48574,0.0601019
122883719000,0.664122,0.258633,0.399004,0.0282091,-0.00809835,-0.0333629,0.85678,-0.1618,0.485938,0.0601015
122893719000,0.664404,0.258553,0.39867,0.0281165,-0.00796146,-0.0333657,0.856721,-0.161527,0.486133,0.0601066
122903719000,0.664684,0.258473,0.398338,0.027907,-0.0080234,-0.0331864,0.856664,-0.161265,0.486321,0.0601072
122913719000,0.664963,0.258393,0.398006,0.0277897,-0.00798048,-0.033157,0.856608,-0.161017,0.486501,0.060111
122923719000,0.66524,0.258314,0.397675,0.0276583,-0.0078008,-0.0330291,0.856553,-0.160775,0.486678,0.0601135
122933719000,0.665516,0.258236,0.397345,0.0275768,-0.00791671,-0.0329859,0.856499,-0.160539,0.486851,0.0601111
122943719000,0.665791,0.258156,0.397016,0.0274617,-0.0080282,-0.0328981,0.856445,-0.160312,0.487021,0.0601118
122953719000,0.665917,0.257749,0.39615,0.0265855,-0.00995178,-0.0345447,0.856393,-0.160086,0.487186,0.0601153
122963719000,0.666181,0.257648,0.395806,0.0262543,-0.0103085,-0.0342445,0.856348,-0.159857,0.48734,0.0601173
122973719000,0.666442,0.257542,0.395464,0.0259731,-0.0107865,-0.0341462,0.856307,-0.159631,0.487485,0.0601243
122983719000,0.666701,0.257433,0.395123,0.0256895,-0.0109384,-0.0341422,0.856267,-0.159415,0.487625,0.0601317
122993719000,0.666956,0.257322,0.394781,0.0254586,-0.011353,-0.0342391,0.856233,-0.159199,0.487754,0.0601432
123003719000,0.667209,0.257208,0.394437,0.0250457,-0.0114206,-0.0346235,0.856207,-0.158992,0.487866,0.0601544
123013719000,0.667457,0.257094,0.394089,0.0245896,-0.011413,-0.034944,0.85619,-0.158794,0.487959,0.0601669
123023719000,0.6677,0.25698,0.393737,0.0239393,-0.0113315,-0.0354171,0.856176,-0.15861,0.488041,0.0601791
123033719000,0.667937,0.256867,0.393379,0.0234337,-0.0113609,-0.0362271,0.856169,-0.158442,0.488106,0.0601876
123043719000,0.668168,0.256753,0.393014,0.0227836,-0.0113649,-0.0367938,0.856163,-0.158297,0.488165,0.0601872
123053719000,0.668394,0.256639,0.392642,0.0224102,-0.0113991,-0.0375518,0.856168,-0.158165,0.488199,0.0601853
123063719000,0.668616,0.256526,0.392264,0.021998,-0.0112965,-0.038026,0.856179,-0.158056,0.488217,0.0601742
123073719000,0.668834,0.256414,0.391881,0.021707,-0.011149,-0.0386049,0.856194,-0.157964,0.48822,0.0601635
123083719000,0.669049,0.256303,0.391492,0.0212274,-0.0110187,-0.039312,0.856215,-0.157886,0.488212,0.0601391
123093719000,0.66926,0.256194,0.391095,0.0209791,-0.0108656,-0.0399205,0.856246,-0.157815,0.488186,0.0600984
123103719000,0.669469,0.256085,0.390694,0.0207793,-0.0108709,-0.0404054,0.856277,-0.15775,0.488158,0.0600513
123113719000,0.669677,0.255976,0.390288,0.0209191,-0.0109156,-0.0408097,0.856312,-0.157688,0.488124,0.0599966
123123719000,0.669888,0.255864,0.389879,0.0212195,-0.0114558,-0.0409863,0.856356,-0.157613,0.488079,0.0599326
123133719000,0.670104,0.255747,0.389468,0.0219102,-0.0119093,-0.0410854,0.856404,-0.157524,0.488033,0.0598549
123143719000,0.670326,0.255624,0.389058,0.0226259,-0.0127478,-0.0410647,0.856452,-0.157418,0.487993,0.0597724
123153719000,0.670556,0.255493,0.388647,0.0233938,-0.0134641,-0.0411453,0.856498,-0.157288,0.487965,0.0596817
123163719000,0.670794,0.255354,0.388234,0.0240945,-0.0143576,-0.0412552,0.856541,-0.157131,0.48795,0.0595913
123173719000,0.671037,0.255206,0.387821,0.0245093,-0.0152103,-0.0414676,0.856584,-0.156953,0.487943,0.0595103
123183719000,0.671284,0.25505,0.387405,0.0249404,-0.0160309,-0.041611,0.856629,-0.156748,0.487938,0.0594378
123193719000,0.671536,0.254886,0.386989,0.0254561,-0.0167901,-0.0416613,0.856674,-0.156527,0.487937,0.059375
123203719000,0.671793,0.254714,0.386572,0.0258383,-0.0175855,-0.0417405,0.856715,-0.156298,0.487945,0.0593247
123213719000,0.672055,0.254538,0.386154,0.0266894,-0.0175228,-0.041816,0.856755,-0.156046,0.487962,0.0592738
123223719000,0.672327,0.254363,0.385735,0.0276427,-0.017552,-0.0421406,0.856788,-0.155773,0.487998,0.0592208
123233719000,0.672607,0.254188,0.385312,0.0282834,-0.0173866,-0.0424365,0.856812,-0.155486,0.488055,0.0591654
123243719000,0.672893,0.254012,0.384886,0.0290428,-0.0178411,-0.0427503,0.85683,-0.155184,0.488126,0.0591135
123253719000,0.673186,0.253833,0.384458,0.0294613,-0.0180951,-0.0427899,0.856838,-0.15487,0.488217,0.0590523
123263719000,0.673482,0.25365,0.38403,0.0297302,-0.0183674,-0.0428562,0.856842,-0.154534,0.488324,0.0589978
123273719000,0.673779,0.253464,0.383601,0.0298151,-0.0188377,-0.0429304,0.856837,-0.154191,0.488447,0.0589534
123283719000,0.674078,0.253274,0.383172,0.0299587,-0.0191656,-0.0429197,0.856825,-0.153834,0.488582,0.0589283
123293719000,0.674378,0.253081,0.382741,0.030034,-0.0196058,-0.0432257,0.856809,-0.15347,0.488726,0.0589272
123303719000,0.674586,0.252711,0.395965,0.0301661,-0.0198799,-0.0322494,0.856784,-0.153105,0.488882,0.0589414
123313719000,0.674888,0.252512,0.39564,0.0302686,-0.0198497,-0.0326553,0.85675,-0.152734,0.489053,0.0589777
123323719000,0.675192,0.252315,0.395311,0.0304588,-0.0197025,-0.0331803,0.856711,-0.152359,0.489233,0.0590267
123333719000,0.675498,0.252118,0.394977,0.0306651,-0.0195989,-0.0336126,0.856671,-0.151987,0.489412,0.0590911
123343719000,0.675806,0.251923,0.39464,0.0311033,-0.0194116,-0.0338227,0.856621,-0.151618,0.489605,0.0591647
123353719000,0.676119,0.251731,0.3943,0.0314492,-0.019101,-0.0341359,0.856564,-0.151242,0.489811,0.0592392
123363719000,0.676437,0.251541,0.393956,0.0321452,-0.0188965,-0.0346978,0.856499,-0.150866,0.49003,0.0593259
123373719000,0.676761,0.251353,0.393608,0.0326399,-0.0187061,-0.0348086,0.856428,-0.150486,0.490259,0.0594272
123383719000,0.677089,0.251167,0.393259,0.0330369,-0.0185314,-0.0349757,0.856348,-0.150099,0.490504,0.0595343
123393719000,0.677421,0.250982,0.392909,0.0334035,-0.0184355,-0.0350454,0.856264,-0.149702,0.490759,0.0596431
123403719000,0.676602,0.250908,0.396004,0.0312135,-0.0174319,-0.0222138,0.856174,-0.149307,0.491021,0.0597681
123413719000,0.676918,0.250734,0.395782,0.031809,-0.0171701,-0.0221562,0.856085,-0.148899,0.491285,0.059892
123423719000,0.677237,0.250563,0.39556,0.032082,-0.0169831,-0.0222154,0.85599,-0.148474,0.491563,0.0600168
123433719000,0.67756,0.250394,0.395339,0.0324874,-0.0168198,-0.0221187,0.855891,-0.148043,0.491849,0.0601494
123443719000,0.677887,0.250227,0.395117,0.0329406,-0.0166142,-0.0221736,0.855789,-0.147608,0.49214,0.0602909
123453719000,0.67822,0.250061,0.394896,0.033573,-0.0166431,-0.0221453,0.855684,-0.147163,0.492439,0.0604392
123463719000,0.678558,0.249896,0.394674,0.0339998,-0.0163079,-0.0221473,0.85557,-0.146724,0.492748,0.0605982
123473719000,0.678899,0.249735,0.394452,0.0343199,-0.0159397,-0.022203,0.855454,-0.146282,0.493059,0.0607643
123483719000,0.679243,0.249579,0.394229,0.03452,-0.0152818,-0.0224254,0.855335,-0.145841,0.493375,0.0609371
123493719000,0.678776,0.249466,0.395537,0.0328282,-0.014518,-0.0176865,0.855216,-0.145408,0.493689,0.06111
123503719000,0.679106,0.249324,0.395358,0.0330217,-0.0136363,-0.0181859,0.855091,-0.144992,0.494004,0.0612886
123513719000,0.678972,0.249069,0.396067,0.0319609,-0.0128822,-0.0160012,0.854974,-0.14459,0.494304,0.0614598
123523719000,0.679291,0.248945,0.395903,0.031658,-0.0117623,-0.0169085,0.854862,-0.144218,0.494586,0.0616254
123533719000,0.679605,0.248833,0.395727,0.0311517,-0.0106028,-0.0183154,0.854756,-0.143873,0.494849,0.061781
123543719000,0.679914,0.248734,0.395537,0.0305541,-0.00931785,-0.0196663,0.854663,-0.143564,0.495081,0.0619263
123553719000,0.680215,0.248649,0.395333,0.029599,-0.00756968,-0.0210704,0.854586,-0.1433,0.495273,0.0620605
123563719000,0.680508,0.248583,0.395116,0.0289928,-0.00575249,-0.0223514,0.854523,-0.143093,0.495428,0.0621731
123573719000,0.680796,0.248534,0.394887,0.0286317,-0.00394899,-0.0234863,0.854474,-0.142921,0.495553,0.0622555
123583719000,0.681081,0.248503,0.394647,0.0284539,-0.00231137,-0.0244026,0.85444,-0.142793,0.49564,0.0623187
123593719000,0.681365,0.248487,0.3944,0.0282347,-0.000815437,-0.0251112,0.854417,-0.142695,0.495701,0.062365
123603719000,0.679655,0.248517,0.400193,0.023065,0.000922724,-0.00530549,0.85441,-0.142623,0.495731,0.062396
123613719000,0.679885,0.24853,0.40014,0.0228986,0.00159667,-0.00527414,0.854413,-0.14257,0.495739,0.062416
123623719000,0.680114,0.248549,0.400088,0.0228758,0.00220806,-0.0050785,0.854425,-0.14253,0.495726,0.0624337
123633719000,0.680342,0.248572,0.40004,0.0228938,0.00243523,-0.00459517,0.85445,-0.142494,0.495691,0.0624502
123643719000,0.680573,0.248596,0.399999,0.0231342,0.00230576,-0.00368184,0.854489,-0.142451,0.495635,0.062471
123653719000,0.680806,0.248618,0.399968,0.0235245,0.00220229,-0.00251093,0.854538,-0.142393,0.495564,0.062498
123663719000,0.681043,0.248639,0.399949,0.0239155,0.00197222,-0.0013212,0.854594,-0.142321,0.495482,0.0625357
123673719000,0.681284,0.248658,0.399943,0.0243194,0.00172805,0.000226739,0.854659,-0.142229,0.495391,0.0625894
123683719000,0.68153,0.248674,0.399953,0.0247841,0.00143454,0.00169346,0.854727,-0.142116,0.495297,0.0626504
123693719000,0.68178,0.248687,0.399978,0.0253234,0.00127952,0.00334251,0.854803,-0.141982,0.495195,0.0627283
123703719000,0.682037,0.248699,0.40002,0.0259097,0.00106114,0.00498574,0.854879,-0.14182,0.495097,0.0628291
123713719000,0.682299,0.248709,0.400077,0.0265184,0.000995522,0.00658097,0.854959,-0.141641,0.494995,0.0629544
123723719000,0.678448,0.250533,0.411717,0.0160698,0.00783984,0.0454913,0.855041,-0.141438,0.494892,0.0631062
123733719000,0.678611,0.250613,0.412179,0.0163955,0.00838581,0.0468483,0.855125,-0.141222,0.494788,0.063262
123743719000,0.676299,0.251704,0.419392,0.00996493,0.0128998,0.0700348,0.855209,-0.140993,0.494687,0.0634249
123753719000,0.676401,0.251836,0.420098,0.0104153,0.0137219,0.0710998,0.855294,-0.140764,0.494586,0.0635872
123763719000,0.676508,0.251978,0.420814,0.0108834,0.0146277,0.0721435,0.855384,-0.140529,0.494475,0.0637505
123773719000,0.676618,0.252129,0.421542,0.0111583,0.015528,0.0733191,0.855474,-0.140299,0.494362,0.0639217
123783719000,0.676731,0.25229,0.422279,0.0115387,0.0167486,0.074127,0.855566,-0.14008,0.494246,0.0640802
123793719000,0.676847,0.252465,0.423024,0.0115897,0.0182604,0.0748636,0.855657,-0.13987,0.494128,0.064227
123803719000,0.676962,0.252656,0.423776,0.0114872,0.0199862,0.075661,0.855749,-0.13968,0.494004,0.0643698
123813719000,0.677077,0.252865,0.424536,0.0114586,0.0217076,0.0762735,0.855842,-0.139521,0.49387,0.0644977
123823719000,0.677191,0.25309,0.425301,0.0112094,0.0234033,0.0766429,0.855934,-0.139396,0.493732,0.0646038
123833719000,0.676804,0.253123,0.423306,0.0090193,0.023753,0.0679666,0.856025,-0.139313,0.493586,0.0646929
123843719000,0.676893,0.25337,0.423988,0.00885796,0.0256709,0.0683536,0.85612,-0.139268,0.493426,0.0647592
123853719000,0.676982,0.253635,0.424675,0.00894021,0.0272333,0.0690604,0.856216,-0.139263,0.493256,0.0648035
123863719000,0.677073,0.253914,0.42537,0.00922814,0.028627,0.0698852,0.856311,-0.139284,0.49308,0.0648316
123873719000,0.677169,0.254206,0.426075,0.00987582,0.0298155,0.0710629,0.856407,-0.139332,0.492899,0.0648432
123883719000,0.677272,0.254509,0.426792,0.0108311,0.0306284,0.0724041,0.856496,-0.139398,0.492727,0.0648301
123893719000,0.677385,0.254818,0.427522,0.011802,0.0312084,0.0736635,0.856577,-0.139478,0.492566,0.0648111
123903719000,0.677507,0.255133,0.428265,0.012587,0.0318605,0.0749736,0.856648,-0.139564,0.492423,0.0647825
123913719000,0.677636,0.255453,0.429023,0.013152,0.0321858,0.076582,0.856706,-0.139653,0.492301,0.06475
123923719000,0.67777,0.255776,0.429796,0.0136826,0.032334,0.0779632,0.856754,-0.139758,0.49219,0.0647234
123933719000,0.677909,0.2561,0.430583,0.0140681,0.0324623,0.0794534,0.856788,-0.139871,0.492102,0.0646977
123943719000,0.678052,0.256426,0.431384,0.0144971,0.032759,0.0807999,0.856808,-0.140006,0.492031,0.0646865
123953719000,0.678198,0.256756,0.432198,0.0147326,0.0333314,0.0819484,0.856819,-0.140155,0.491971,0.0646716
123963719000,0.678347,0.257093,0.433024,0.0149839,0.0339535,0.0833081,0.856824,-0.140309,0.49192,0.064667
123973719000,0.678496,0.257435,0.433862,0.0149781,0.0344736,0.0843354,0.85682,-0.140476,0.491879,0.0646617
123983719000,0.678647,0.257782,0.434711,0.0150304,0.0350064,0.0853867,0.856808,-0.140663,0.491846,0.0646662
123993719000,0.678798,0.258135,0.435569,0.0152754,0.0354631,0.0862368,0.85679,-0.140852,0.491823,0.0646613
124003719000,0.678952,0.258492,0.436437,0.0154772,0.0359485,0.0872773,0.856764,-0.141063,0.491808,0.0646577
124013719000,0.679108,0.258853,0.437314,0.0157342,0.036418,0.0880907,0.85673,-0.141293,0.491801,0.0646615
124023719000,0.679267,0.25922,0.438198,0.0161637,0.0369777,0.0888175,0.85669,-0.141531,0.491804,0.0646628
124033719000,0.679431,0.259593,0.43909,0.0166589,0.0376369,0.0896409,0.856641,-0.141775,0.491819,0.0646583
124043719000,0.6796,0.259974,0.439991,0.0170662,0.038514,0.0903742,0.856583,-0.142033,0.491846,0.0646472
124053719000,0.679773,0.260363,0.440898,0.0175333,0.0392201,0.0910642,0.856515,-0.142296,0.491892,0.0646215
124063719000,0.679951,0.260758,0.441812,0.0180655,0.0398526,0.0917554,0.856437,-0.142567,0.491954,0.0645867
124073719000,0.680134,0.261159,0.442732,0.0186113,0.0403993,0.0923115,0.856345,-0.142844,0.49204,0.0645481
124083719000,0.680323,0.261566,0.443659,0.0190386,0.0410203,0.0929769,0.856248,-0.143129,0.49213,0.0645012
124093719000,0.680515,0.261978,0.444592,0.0194182,0.0412389,0.0937464,0.856141,-0.14342,0.492241,0.064445
124103719000,0.680712,0.262392,0.445533,0.0199865,0.0416022,0.0944234,0.856024,-0.143714,0.492367,0.0643797
124113719000,0.680914,0.26281,0.44648,0.0204511,0.0420806,0.0950246,0.855898,-0.144019,0.492506,0.0643113
124123719000,0.681121,0.263235,0.447433,0.0208379,0.0428959,0.095512,0.855761,-0.144332,0.492661,0.0642333
124133719000,0.681332,0.263666,0.448391,0.0213705,0.0434136,0.0961748,0.855616,-0.144647,0.492833,0.0641439
124143719000,0.681549,0.264103,0.449355,0.0220417,0.0438934,0.0964569,0.855461,-0.14497,0.49302,0.0640432
124153719000,0.659661,0.266648,0.496241,-0.0361869,0.0530496,0.224812,0.855294,-0.145296,0.493228,0.0639257
124163719000,0.659306,0.267181,0.498493,-0.0348944,0.0534826,0.225551,0.855128,-0.145614,0.493441,0.0637835
124173719000,0.648084,0.268719,0.52301,-0.0625917,0.0578648,0.288172,0.854947,-0.145918,0.493686,0.0636169
124183719000,0.647466,0.269298,0.525896,-0.06114,0.0578367,0.289137,0.854757,-0.146222,0.493949,0.0634275
124193719000,0.646861,0.269877,0.528793,-0.0598355,0.0579625,0.29011,0.854548,-0.146517,0.494251,0.0632157
124203719000,0.646269,0.270457,0.531697,-0.0585333,0.0579902,0.290797,0.854329,-0.146793,0.494579,0.0629746
124213719000,0.645689,0.271037,0.534608,-0.0574491,0.0579948,0.291382,0.854091,-0.147061,0.494942,0.0627209
124223719000,0.64512,0.271618,0.537527,-0.0565347,0.0582163,0.29236,0.853839,-0.14732,0.495334,0.0624496
124233719000,0.644557,0.272201,0.540454,-0.0558978,0.058433,0.293055,0.853574,-0.147576,0.49575,0.0621621
124243719000,0.644002,0.272786,0.543387,-0.0552449,0.0584688,0.293634,0.853298,-0.147827,0.496188,0.0618555
124253719000,0.643451,0.273371,0.546326,-0.0547549,0.0586092,0.29408,0.853009,-0.148081,0.496652,0.0615237
124263719000,0.642904,0.273958,0.549268,-0.0547879,0.0588954,0.294418,0.852715,-0.148341,0.497121,0.061181
124273719000,0.642355,0.274549,0.552214,-0.0548977,0.0592919,0.294624,0.852415,-0.148613,0.497598,0.0608282
124283719000,0.641805,0.275143,0.55516,-0.0551761,0.0595532,0.294755,0.852105,-0.1489,0.498086,0.0604659
124293719000,0.641252,0.27574,0.558108,-0.0554454,0.05983,0.294827,0.851793,-0.149212,0.49857,0.0601023
124303719000,0.641037,0.276973,0.487528,-0.0557002,0.0597018,0.252439,0.851479,-0.149547,0.499049,0.059736
124313719000,0.640477,0.277572,0.490053,-0.0563246,0.0600084,0.252527,0.851166,-0.149897,0.499524,0.0593641
124323719000,0.639911,0.278172,0.49258,-0.0569079,0.0601035,0.252757,0.85085,-0.150266,0.499994,0.0589999
124333719000,0.639339,0.278773,0.495109,-0.0574078,0.0600551,0.253139,0.850538,-0.150645,0.500452,0.0586445
124343719000,0.638762,0.279374,0.497642,-0.0580993,0.0600724,0.253534,0.850226,-0.151039,0.500904,0.0582974
124353719000,0.638178,0.279974,0.500179,-0.058518,0.0600336,0.253832,0.849913,-0.151449,0.50135,0.0579652
124363719000,0.637591,0.280574,0.502719,-0.0589939,0.0598704,0.254069,0.849603,-0.151868,0.501785,0.0576423
124373719000,0.636998,0.281172,0.50526,-0.059533,0.0598822,0.254182,0.849296,-0.152299,0.502209,0.0573382
124383719000,0.636401,0.281771,0.507801,-0.059907,0.0598396,0.25411,0.848998,-0.152726,0.502615,0.0570484
124393719000,0.635798,0.282369,0.510343,-0.0606369,0.0599114,0.254146,0.848702,-0.153169,0.503012,0.0567712
124403719000,0.635189,0.282968,0.512884,-0.0611227,0.059762,0.254008,0.848411,-0.153612,0.503398,0.0565049
124413719000,0.634576,0.283565,0.515424,-0.0615965,0.0596914,0.25401,0.848127,-0.15406,0.503768,0.0562501
124423719000,0.633956,0.284161,0.517965,-0.062221,0.0596084,0.254166,0.847852,-0.154514,0.504118,0.0560075
124433719000,0.633332,0.284758,0.520506,-0.0626624,0.0596811,0.254123,0.847586,-0.154974,0.50445,0.0557782
124443719000,0.632704,0.285356,0.523046,-0.0629887,0.0599848,0.253903,0.84733,-0.15543,0.504766,0.0555449
124453719000,0.632072,0.285957,0.525585,-0.0633244,0.060245,0.253859,0.847092,-0.155871,0.505055,0.0553056
124463719000,0.631439,0.286561,0.528123,-0.0632908,0.0606174,0.253758,0.846866,-0.156309,0.505326,0.0550531
124473719000,0.630806,0.287169,0.53066,-0.0633525,0.0609393,0.253655,0.846654,-0.156734,0.505579,0.0547923
124483719000,0.630172,0.287779,0.533196,-0.0632991,0.0611149,0.253543,0.846456,-0.157137,0.505815,0.0545127
124493719000,0.62954,0.288391,0.535731,-0.0631701,0.0613038,0.25349,0.846277,-0.157515,0.506029,0.0542146
124503719000,0.62891,0.289003,0.538266,-0.062789,0.0611496,0.253411,0.846109,-0.157879,0.506228,0.0539081
124513719000,0.628284,0.289614,0.5408,-0.0623711,0.060997,0.253495,0.845953,-0.158218,0.506419,0.0535826
124523719000,0.627664,0.290222,0.543335,-0.0617521,0.0605659,0.253492,0.845804,-0.158531,0.506606,0.0532414
124533719000,0.627048,0.290825,0.545871,-0.0613138,0.0600449,0.253686,0.845668,-0.158805,0.506784,0.0528905
124543719000,0.626437,0.291423,0.548408,-0.0608688,0.0595911,0.253713,0.84554,-0.159048,0.506957,0.0525421
124553719000,0.62583,0.292016,0.550946,-0.0606481,0.0591147,0.253777,0.845422,-0.159257,0.507124,0.0521899
124563719000,0.625225,0.292605,0.553483,-0.0602408,0.0585625,0.253803,0.845313,-0.15944,0.507285,0.0518404
124573719000,0.624624,0.293188,0.556022,-0.0599769,0.0580164,0.253829,0.845213,-0.159591,0.507439,0.0514942
124583719000,0.624026,0.293765,0.558561,-0.0597707,0.0574524,0.253956,0.845118,-0.159709,0.507594,0.0511544
124593719000,0.62343,0.294337,0.561099,-0.0593209,0.057023,0.25366,0.845026,-0.15981,0.507748,0.0508317
124603719000,0.622839,0.294905,0.563634,-0.0589611,0.0565026,0.253397,0.84494,-0.159889,0.507898,0.0505217
124613719000,0.62225,0.295467,0.566167,-0.0587648,0.0559099,0.253191,0.844863,-0.159944,0.508038,0.0502149
124623719000,0.621664,0.296023,0.568697,-0.0584688,0.0554055,0.252908,0.844786,-0.159986,0.508182,0.0499199
124633719000,0.62108,0.296575,0.571224,-0.0583761,0.0548421,0.252449,0.844712,-0.16002,0.508321,0.0496409
124643719000,0.620497,0.297119,0.573746,-0.0580734,0.05414,0.251923,0.844643,-0.16003,0.508461,0.0493639
124653719000,0.619918,0.297657,0.576262,-0.0577195,0.0533788,0.251373,0.844573,-0.160028,0.508603,0.0490912
124663719000,0.619343,0.298188,0.578773,-0.057333,0.0528455,0.250685,0.844508,-0.160019,0.508741,0.048825
124673719000,0.618772,0.298714,0.581275,-0.0568994,0.0523208,0.249828,0.84444,-0.160005,0.508881,0.0485657
124683719000,0.618205,0.299235,0.583769,-0.0564166,0.0518045,0.248923,0.844368,-0.159997,0.509028,0.0483073
124693719000,0.617644,0.299751,0.586255,-0.0557593,0.0514009,0.248237,0.844296,-0.159984,0.509176,0.0480471
124703719000,0.617088,0.300263,0.588733,-0.0554404,0.0511885,0.24739,0.844217,-0.159973,0.509335,0.0477872
124713719000,0.616538,0.300772,0.591203,-0.0546327,0.0505644,0.246523,0.844126,-0.159968,0.509512,0.0475274
124723719000,0.615995,0.301274,0.593664,-0.0540274,0.0498584,0.245666,0.844028,-0.159961,0.509701,0.0472674
124733719000,0.615458,0.30177,0.596117,-0.0532749,0.0492029,0.244998,0.843919,-0.159956,0.509907,0.0470084
124743719000,0.614929,0.302258,0.598564,-0.0524848,0.0484594,0.24444,0.843802,-0.159946,0.510127,0.046753
124753719000,0.614408,0.302738,0.601005,-0.0516823,0.047524,0.243747,0.843675,-0.159928,0.510366,0.0464943
124763719000,0.613895,0.30321,0.603439,-0.0509818,0.0469958,0.243105,0.843535,-0.159908,0.510627,0.0462416
124773719000,0.613389,0.303676,0.605866,-0.0502639,0.0461909,0.242325,0.843386,-0.15989,0.510901,0.0459906
124783719000,0.612888,0.304135,0.608286,-0.0498585,0.0454765,0.241595,0.843228,-0.159864,0.511193,0.0457402
124793719000,0.61239,0.304585,0.610697,-0.0496845,0.0447011,0.240649,0.843062,-0.159835,0.511496,0.0454994
124803719000,0.611894,0.305029,0.613099,-0.049593,0.0440409,0.239777,0.842893,-0.159802,0.511807,0.0452556
124813719000,0.611398,0.305467,0.615493,-0.0494977,0.0434517,0.23895,0.842715,-0.15977,0.51213,0.0450253
124823719000,0.610904,0.305898,0.617878,-0.0493567,0.0428043,0.238081,0.842531,-0.159732,0.512465,0.0447949
124833719000,0.610411,0.306322,0.620255,-0.049294,0.0420783,0.237303,0.84235,-0.159695,0.512793,0.0445746
124843719000,0.609917,0.306739,0.622624,-0.0494698,0.0413229,0.236505,0.842164,-0.159649,0.513132,0.044361
124853719000,0.609422,0.307148,0.624986,-0.0495623,0.0404507,0.235899,0.841972,-0.159603,0.513479,0.0441624
124863719000,0.608926,0.307549,0.627341,-0.0496337,0.0396629,0.235075,0.841778,-0.159555,0.513826,0.0439812
124873719000,0.608428,0.307941,0.629687,-0.0498124,0.0387586,0.234212,0.84158,-0.159509,0.514179,0.0438105
124883719000,0.60793,0.308324,0.632025,-0.0499185,0.0379269,0.233362,0.841377,-0.159457,0.514541,0.0436571
124893719000,0.607429,0.3087,0.634355,-0.0501264,0.0371709,0.232646,0.841174,-0.159402,0.5149,0.0435226
124903719000,0.606927,0.309067,0.636677,-0.0502794,0.0362963,0.231786,0.840973,-0.159344,0.515257,0.0434
124913719000,0.606424,0.309427,0.638991,-0.0502812,0.0357034,0.23087,0.840771,-0.159282,0.515615,0.0432943
124923719000,0.605921,0.30978,0.641295,-0.0503738,0.03495,0.229951,0.840572,-0.159207,0.51597,0.0432031
124933719000,0.605417,0.310125,0.64359,-0.0503753,0.0340329,0.229068,0.840371,-0.159126,0.516328,0.0431286
124943719000,0.604914,0.310461,0.645877,-0.0503694,0.033095,0.228257,0.840176,-0.159031,0.51668,0.043071
124953719000,0.604409,0.310788,0.648155,-0.0505081,0.0323059,0.227449,0.839984,-0.158924,0.517029,0.0430262
124963719000,0.603903,0.311107,0.650425,-0.0506278,0.0316245,0.226488,0.839797,-0.158799,0.517374,0.0429884
124973719000,0.603396,0.31142,0.652685,-0.0509046,0.0309552,0.225471,0.839612,-0.158659,0.517719,0.042963
124983719000,0.602885,0.311727,0.654934,-0.0512629,0.0304054,0.22449,0.839437,-0.158514,0.518049,0.0429536
124993719000,0.602369,0.312029,0.657174,-0.0518238,0.0300136,0.223377,0.839274,-0.158356,0.51836,0.0429514
125003719000,0.601848,0.312328,0.659404,-0.0523265,0.0296398,0.222687,0.839121,-0.158189,0.518658,0.0429579
125013719000,0.601324,0.312621,0.661625,-0.0525177,0.0290429,0.221588,0.838982,-0.15801,0.518937,0.0429739
125023719000,0.600796,0.312909,0.663838,-0.0530202,0.0285296,0.220963,0.838852,-0.157829,0.5192,0.0429923
125033719000,0.600262,0.313192,0.666045,-0.0537857,0.0280499,0.220506,0.838735,-0.157637,0.519446,0.0430154
125043719000,0.599722,0.313468,0.668247,-0.054383,0.0272506,0.21985,0.838635,-0.157427,0.519669,0.0430488
125053719000,0.599175,0.313737,0.670444,-0.0550123,0.0265557,0.219472,0.83855,-0.15721,0.519868,0.0430817
125063719000,0.598622,0.313999,0.672637,-0.0555791,0.0257123,0.219116,0.838483,-0.156983,0.520041,0.043119
125073719000,0.598062,0.314253,0.674827,-0.0562519,0.0251394,0.21901,0.838432,-0.156733,0.520196,0.0431626
125083719000,0.597496,0.3145,0.677016,-0.0569548,0.0241775,0.218634,0.838401,-0.156461,0.520324,0.0432172
125093719000,0.596923,0.314737,0.679201,-0.0577867,0.0233769,0.218448,0.83839,-0.156181,0.52042,0.043271
125103719000,0.596341,0.314967,0.681384,-0.0584542,0.0224606,0.218235,0.838403,-0.155886,0.520483,0.0433295
125113719000,0.595755,0.315188,0.683566,-0.0588483,0.0217147,0.218082,0.838438,-0.155573,0.520516,0.043391
125123719000,0.595164,0.3154,0.685747,-0.0592964,0.0207681,0.218087,0.838495,-0.155248,0.520515,0.0434454
125133719000,0.594569,0.315603,0.687927,-0.0596843,0.0198581,0.217936,0.838571,-0.154904,0.520491,0.0434938
125143719000,0.59397,0.315797,0.690107,-0.0601211,0.0189726,0.218136,0.838668,-0.154542,0.52044,0.0435353
125153719000,0.593367,0.315983,0.69229,-0.0605924,0.0180842,0.218355,0.838781,-0.154164,0.520366,0.04358
125163719000,0.592759,0.316159,0.694475,-0.0609388,0.0171083,0.218584,0.838909,-0.153772,0.520272,0.0436238
125173719000,0.592149,0.316325,0.696662,-0.0611254,0.0161676,0.218861,0.839056,-0.153364,0.520151,0.0436699
125183719000,0.591538,0.316484,0.698851,-0.0610894,0.0155476,0.219038,0.839219,-0.152938,0.520011,0.0437133
125193719000,0.590927,0.316635,0.701043,-0.0610381,0.0146007,0.219359,0.839394,-0.152496,0.519853,0.0437531
125203719000,0.590316,0.316777,0.703239,-0.0610839,0.0139105,0.219813,0.839584,-0.152036,0.51968,0.0437853
125213719000,0.589707,0.316913,0.70544,-0.0608669,0.0132581,0.220292,0.839785,-0.151554,0.519492,0.0438159
125223719000,0.589098,0.317042,0.707645,-0.0608785,0.0125689,0.220865,0.839997,-0.151056,0.519293,0.0438421
125233719000,0.58849,0.317165,0.709857,-0.0606579,0.0120287,0.221435,0.840215,-0.150532,0.519091,0.0438613
125243719000,0.587885,0.317281,0.712076,-0.0604119,0.0111414,0.222308,0.84044,-0.149987,0.518884,0.0438769
125253719000,0.587282,0.31739,0.714303,-0.0601555,0.0105743,0.223111,0.840668,-0.149417,0.518676,0.0438988
125263719000,0.586683,0.317493,0.716539,-0.0598079,0.0100469,0.224172,0.840901,-0.148821,0.518467,0.0439209
125273719000,0.586086,0.317591,0.718785,-0.0594898,0.00947106,0.225023,0.841135,-0.148202,0.518262,0.043954
125283719000,0.585493,0.317683,0.721039,-0.0591868,0.00896339,0.225836,0.841373,-0.147559,0.518056,0.0439908
125293719000,0.584903,0.31777,0.723302,-0.0588369,0.00833396,0.226683,0.841612,-0.146902,0.51785,0.0440409
125303719000,0.584316,0.317852,0.725572,-0.0585003,0.00801334,0.227404,0.841849,-0.146231,0.517651,0.0441006
125313719000,0.583732,0.31793,0.72785,-0.0583436,0.0077545,0.228159,0.842085,-0.145546,0.517453,0.0441685
125323719000,0.583148,0.318007,0.730135,-0.0583726,0.00759644,0.228881,0.84232,-0.144852,0.51726,0.0442459
125333719000,0.582564,0.318083,0.732427,-0.058508,0.00757893,0.229406,0.842545,-0.144161,0.517078,0.044338
125343719000,0.581978,0.318159,0.734724,-0.058745,0.00754743,0.229971,0.842771,-0.143473,0.516893,0.0444444
125353719000,0.581389,0.318234,0.737026,-0.0589589,0.00751129,0.230463,0.842994,-0.142795,0.516705,0.0445733
125363719000,0.580798,0.31831,0.739333,-0.0592618,0.00761024,0.23099,0.843211,-0.142129,0.516521,0.0447249
125373719000,0.580204,0.318387,0.741646,-0.0596375,0.00774327,0.231534,0.84343,-0.141478,0.516328,0.0449007
125383719000,0.579606,0.318466,0.743964,-0.0599055,0.0079482,0.232012,0.843641,-0.140839,0.516139,0.0450991
125393719000,0.613593,0.278998,0.658871,-0.0180349,-0.0445556,0.113645,0.843852,-0.140221,0.515943,0.0453235
125403719000,0.614207,0.280071,0.490519,-0.0185663,-0.0443152,0.00629913,0.844061,-0.139613,0.515745,0.0455713
125413719000,0.614018,0.279628,0.490583,-0.0190132,-0.0438673,0.00651602,0.844267,-0.139024,0.515544,0.0458293
125423719000,0.613826,0.279191,0.490649,-0.0193777,-0.0432924,0.00676694,0.844473,-0.138459,0.515333,0.0461044
125433719000,0.613631,0.278761,0.490716,-0.0195232,-0.0426166,0.00666411,0.84468,-0.137912,0.515116,0.0463881
125443719000,0.613436,0.27834,0.490783,-0.0196348,-0.0417414,0.00655523,0.844883,-0.137389,0.514895,0.0466814
125453719000,0.613239,0.277927,0.490847,-0.0197322,-0.0407019,0.00642362,0.845087,-0.136885,0.51467,0.046968
125463719000,0.613041,0.277524,0.490912,-0.0198943,-0.0399646,0.00651626,0.845286,-0.136401,0.514445,0.0472562
125473719000,0.612841,0.27713,0.490977,-0.0200701,-0.0389688,0.00644551,0.845485,-0.135929,0.514216,0.0475413
125483719000,0.61264,0.276744,0.491042,-0.0201226,-0.0380538,0.00657352,0.845686,-0.135471,0.513982,0.0478194
125493719000,0.612438,0.276368,0.491107,-0.0202857,-0.0371629,0.00646056,0.845884,-0.135038,0.513743,0.048097
125503719000,0.612234,0.276001,0.491173,-0.0204947,-0.036267,0.00664022,0.846079,-0.134622,0.513505,0.0483707
125513719000,0.612029,0.275643,0.49124,-0.020631,-0.0355142,0.00679662,0.846276,-0.134217,0.51326,0.0486472
125523719000,0.611822,0.275292,0.491309,-0.0206413,-0.0346857,0.00708245,0.84647,-0.133826,0.513016,0.0489206
125533719000,0.611615,0.274949,0.491381,-0.0207876,-0.0339164,0.00734735,0.846671,-0.133431,0.512764,0.0491753
125543719000,0.611407,0.274614,0.491456,-0.0209357,-0.0331297,0.00765036,0.84687,-0.133047,0.51251,0.0494318
125553719000,0.611197,0.274286,0.491534,-0.0209874,-0.0324603,0.00787372,0.847071,-0.132674,0.512249,0.0496872
125563719000,0.610986,0.273966,0.491614,-0.0211957,-0.0314627,0.00806814,0.847269,-0.132312,0.51199,0.0499473
125573719000,0.610772,0.273656,0.491695,-0.0215553,-0.0305373,0.00819696,0.847466,-0.131962,0.511731,0.0501924
125583719000,0.61758,0.282924,0.495977,-0.0119505,-0.0163286,0.0202405,0.847664,-0.131621,0.511465,0.0504404
125593719000,0.617457,0.282763,0.49618,-0.0122911,-0.0153615,0.0204582,0.847866,-0.131289,0.511192,0.050689
125603719000,0.620162,0.285859,0.49833,-0.00857033,-0.00983722,0.0261053,0.848063,-0.130966,0.510924,0.0509323
125613719000,0.620074,0.285764,0.498592,-0.00880187,-0.00891486,0.0263358,0.848254,-0.130655,0.510661,0.0511698
125623719000,0.619983,0.28568,0.498856,-0.00924289,-0.00769843,0.0266023,0.848443,-0.130365,0.510398,0.0514129
125633719000,0.61989,0.285608,0.499123,-0.00928842,-0.00662664,0.0267591,0.848626,-0.130093,0.51014,0.0516476
125643719000,0.619797,0.285547,0.499392,-0.00944625,-0.00560627,0.0269179,0.848805,-0.129842,0.509883,0.0518726
125653719000,0.619702,0.285495,0.499662,-0.00944407,-0.00470886,0.0270876,0.848975,-0.129612,0.509635,0.0520958
125663719000,0.619607,0.285453,0.499933,-0.00963198,-0.0036795,0.027207,0.849143,-0.129397,0.509388,0.0523138
125673719000,0.61951,0.285421,0.500206,-0.00976497,-0.00276934,0.0273976,0.849308,-0.129203,0.509141,0.0525201
125683719000,0.619412,0.285399,0.500481,-0.00982092,-0.00169432,0.0274779,0.849463,-0.12903,0.508905,0.0527158
125693719000,0.619315,0.285387,0.500757,-0.00965728,-0.000766259,0.0277369,0.849617,-0.128874,0.508669,0.0529023
125703719000,0.61922,0.285383,0.501034,-0.00932336,0.000105377,0.0277677,0.849762,-0.128729,0.508445,0.0530762
125713719000,0.619128,0.285389,0.501313,-0.00897339,0.00103932,0.0279203,0.849896,-0.128597,0.508237,0.0532373
125723719000,0.61904,0.285404,0.501593,-0.00864036,0.00182902,0.0280921,0.850023,-0.128474,0.508041,0.0533766
125733719000,0.618956,0.285426,0.501875,-0.0083345,0.00261045,0.0284713,0.850142,-0.128369,0.507854,0.0535093
125743719000,0.618874,0.285455,0.502162,-0.00800681,0.00318918,0.028893,0.850251,-0.128282,0.507682,0.0536365
125753719000,0.618795,0.285489,0.502453,-0.00782385,0.00372425,0.0291931,0.850351,-0.128207,0.507521,0.0537535
125763719000,0.628508,0.294619,0.499116,0.00846887,0.0198136,0.0193454,0.850444,-0.12814,0.50737,0.0538596
125773719000,0.628592,0.29482,0.499311,0.00848061,0.020595,0.0196955,0.850526,-0.128086,0.507236,0.0539556
125783719000,0.628677,0.29503,0.499509,0.00848453,0.0214015,0.0198865,0.850602,-0.128052,0.507107,0.0540502
125793719000,0.628762,0.295247,0.499708,0.00864452,0.0220353,0.0200829,0.850677,-0.128033,0.506976,0.0541392
125803719000,0.628849,0.295471,0.499909,0.00873654,0.0227139,0.0200965,0.850748,-0.128026,0.506851,0.0542125
125813719000,0.628937,0.295701,0.500112,0.00886215,0.0232966,0.0203794,0.850818,-0.12803,0.506725,0.054275
125823719000,0.629027,0.295936,0.500316,0.00910389,0.023689,0.020533,0.850881,-0.12805,0.50661,0.0543215
125833719000,0.629119,0.296174,0.500524,0.00926972,0.023945,0.021015,0.850943,-0.128076,0.506495,0.0543569
125843719000,0.629214,0.296415,0.500738,0.00964443,0.0241853,0.0216746,0.851004,-0.128105,0.506384,0.0543762
125853719000,0.629313,0.296657,0.500957,0.0102453,0.0242204,0.0221746,0.851059,-0.128142,0.506281,0.0543861
125863719000,0.629418,0.296899,0.501183,0.0107478,0.0242434,0.0229826,0.851109,-0.128179,0.506187,0.0543947
125873719000,0.629529,0.297142,0.501416,0.011381,0.024244,0.0237557,0.851153,-0.128212,0.506104,0.0544006
125883719000,0.629646,0.297384,0.501658,0.0120047,0.0242965,0.0245866,0.851189,-0.12824,0.506037,0.0543946
125893719000,0.629769,0.297627,0.501909,0.0125836,0.0241165,0.0255347,0.851219,-0.128265,0.505981,0.0543843
125903719000,0.629899,0.297868,0.502168,0.0135332,0.0240918,0.0262576,0.851248,-0.128289,0.505927,0.0543696
125913719000,0.630039,0.298107,0.502435,0.0143491,0.0238864,0.0272516,0.851268,-0.128307,0.505891,0.0543464
125923719000,0.630187,0.298346,0.502711,0.0154277,0.0238123,0.0278838,0.851283,-0.128318,0.505866,0.0543186
125933719000,0.630347,0.298583,0.502995,0.0165599,0.023667,0.029008,0.851292,-0.128324,0.505854,0.0542848
125943719000,0.630519,0.29882,0.50329,0.0177839,0.0235983,0.0298898,0.851291,-0.12833,0.505858,0.0542417
125953719000,0.630704,0.299056,0.503592,0.0191362,0.0236632,0.0305907,0.851283,-0.128337,0.505876,0.0541857
125963719000,0.630901,0.299292,0.503902,0.020278,0.0236065,0.0313097,0.851262,-0.128338,0.505918,0.0541185
125973719000,0.639282,0.293262,0.495195,0.0360983,0.0117415,0.00839366,0.851231,-0.128349,0.505977,0.0540375
125983719000,0.639649,0.29338,0.495281,0.0372589,0.0119203,0.00893901,0.85119,-0.128361,0.506052,0.0539422
125993719000,0.643697,0.290396,0.490675,0.0451863,0.00608929,-0.00276358,0.851141,-0.128381,0.506141,0.0538328
126003719000,0.644155,0.290459,0.49065,0.0464041,0.00639676,-0.0021333,0.851079,-0.128414,0.506249,0.053721
126013719000,0.644624,0.290525,0.490631,0.0475122,0.00676451,-0.00178942,0.851008,-0.128451,0.506373,0.0535946
126023719000,0.645105,0.290595,0.490615,0.0486034,0.00718076,-0.00125486,0.850931,-0.128494,0.506505,0.0534573
126033719000,0.645596,0.290669,0.490605,0.0496594,0.00756995,-0.000813609,0.850851,-0.128545,0.506642,0.0533106
126043719000,0.646099,0.290747,0.490598,0.05078,0.0080503,-0.000571653,0.850769,-0.1286,0.506783,0.0531506
126053719000,0.646612,0.290829,0.490595,0.0518094,0.00839053,-0.000133062,0.850684,-0.12866,0.506929,0.0529754
126063719000,0.647134,0.290916,0.490595,0.0527062,0.00897481,0.000144239,0.850595,-0.128735,0.507078,0.0527957
126073719000,0.647665,0.291008,0.490597,0.0534757,0.00948302,0.000409637,0.850502,-0.128825,0.507229,0.0526236
126083719000,0.648203,0.291106,0.490602,0.0541236,0.0101748,0.000419081,0.850413,-0.128929,0.507371,0.0524421
126093719000,0.648748,0.291211,0.490606,0.0548274,0.0108267,0.000547503,0.85032,-0.129049,0.507514,0.0522657
126103719000,0.649299,0.291323,0.490613,0.0554314,0.0115665,0.000741644,0.850224,-0.129175,0.50766,0.0520911
126113719000,0.649856,0.291442,0.490622,0.0559942,0.0122305,0.00111986,0.850126,-0.129309,0.507808,0.0519212
126123719000,0.65042,0.291568,0.490635,0.0567614,0.0128797,0.00143506,0.850023,-0.129454,0.507961,0.0517529
126133719000,0.650991,0.291699,0.490652,0.0574425,0.0135197,0.00192416,0.849916,-0.12961,0.508116,0.0515938
126143719000,0.651568,0.291837,0.490673,0.0580995,0.0140772,0.00234695,0.849805,-0.129784,0.508273,0.0514455
126153719000,0.638342,0.286952,0.49644,0.0280064,0.00254206,0.0183822,0.84969,-0.129964,0.508432,0.0513083
126163719000,0.638626,0.28698,0.496625,0.0286719,0.00306451,0.0187087,0.849577,-0.130146,0.508588,0.051178
126173719000,0.638916,0.287014,0.496815,0.0293413,0.0036664,0.0192132,0.849454,-0.130338,0.508755,0.0510683
126183719000,0.639213,0.287054,0.497009,0.0299899,0.00432723,0.0196412,0.849325,-0.130537,0.508931,0.0509665
126193719000,0.639515,0.287101,0.497207,0.0304758,0.00513966,0.0199089,0.84919,-0.130748,0.509109,0.0508783
126203719000,0.639822,0.287156,0.497408,0.0309169,0.00571075,0.0203149,0.84905,-0.13096,0.509296,0.0508024
126213719000,0.640133,0.287216,0.497612,0.0313194,0.00647326,0.0204841,0.848905,-0.131182,0.509488,0.0507417
126223719000,0.640447,0.287286,0.497818,0.0315427,0.00746804,0.0206746,0.848757,-0.131403,0.509681,0.0506981
126233719000,0.640764,0.287365,0.498026,0.0318958,0.00821316,0.0209788,0.848607,-0.13164,0.509872,0.0506664
126243719000,0.641085,0.28745,0.498238,0.0322165,0.00891812,0.0213063,0.848451,-0.131888,0.510071,0.0506374
126253719000,0.641408,0.287543,0.498452,0.0324746,0.00966397,0.0214915,0.848297,-0.132138,0.510265,0.0506159
126263719000,0.641735,0.287643,0.498668,0.0327859,0.0103521,0.0217313,0.84814,-0.132393,0.51046,0.0506025
126273719000,0.642065,0.28775,0.498886,0.0332102,0.0109904,0.021963,0.847986,-0.132647,0.510651,0.0505925
126283719000,0.642399,0.287863,0.499107,0.0337496,0.0115967,0.02215,0.847831,-0.132904,0.510843,0.0505804
126293719000,0.642739,0.287981,0.499329,0.034267,0.0119962,0.0222052,0.847675,-0.133157,0.511037,0.0505678
126303719000,0.643084,0.288104,0.499551,0.0346852,0.0126124,0.0222368,0.847519,-0.133407,0.511232,0.0505478
126313719000,0.643434,0.288232,0.499773,0.0352114,0.0131698,0.0222867,0.847359,-0.133655,0.511436,0.0505256
126323719000,0.643788,0.288367,0.499997,0.0357529,0.0136702,0.022494,0.8472,-0.1339,0.511637,0.0504917
126333719000,0.630722,0.288931,0.503609,0.00445842,0.0140974,0.0316263,0.847039,-0.134139,0.511847,0.0504439
126343719000,0.630769,0.289074,0.503926,0.00483335,0.0144573,0.0318189,0.846878,-0.134372,0.512058,0.0503815
126353719000,0.630819,0.289221,0.504246,0.00527272,0.0149361,0.031998,0.846715,-0.134598,0.512275,0.0503105
126363719000,0.623652,0.289473,0.50634,-0.0116182,0.0147727,0.0367952,0.846552,-0.134816,0.512495,0.0502257
126373719000,0.623539,0.289621,0.506709,-0.0111842,0.0147597,0.0369817,0.84639,-0.135018,0.51272,0.0501284
126383719000,0.623429,0.28977,0.507079,-0.0108073,0.0148501,0.0370521,0.846224,-0.135212,0.512954,0.050018
126393719000,0.623323,0.289918,0.50745,-0.0103397,0.0147411,0.037146,0.846056,-0.135401,0.513192,0.0499005
126403719000,0.623344,0.290291,0.458988,-0.0101687,0.0148887,0.0204857,0.84589,-0.135574,0.513433,0.0497669
126413719000,0.623242,0.29044,0.459192,-0.0100602,0.0149967,0.0203517,0.84572,-0.135741,0.513682,0.0496247
126423719000,0.623142,0.290591,0.459395,-0.0100069,0.015102,0.0201995,0.845552,-0.135903,0.513931,0.0494711
126433719000,0.623043,0.290741,0.459597,-0.00977675,0.0149841,0.0202728,0.84538,-0.136065,0.514186,0.0493086
126443719000,0.622946,0.290891,0.4598,-0.00967636,0.0150085,0.0203573,0.845213,-0.136219,0.514437,0.04914
126453719000,0.622849,0.291041,0.460003,-0.00963136,0.0149387,0.0201129,0.845038,-0.136378,0.5147,0.0489549
126463719000,0.622753,0.291189,0.460202,-0.00967457,0.0147719,0.0197707,0.84486,-0.136537,0.514967,0.0487688
126473719000,0.622656,0.291337,0.460398,-0.00974047,0.0147924,0.0193329,0.844685,-0.136697,0.51523,0.0485755
126483719000,0.622558,0.291484,0.46059,-0.00982453,0.0146038,0.0191102,0.844513,-0.136853,0.515488,0.0483819
126493719000,0.622459,0.291629,0.460778,-0.00987897,0.0143909,0.0185047,0.844342,-0.13701,0.515745,0.0481807
126503719000,0.62236,0.291773,0.460961,-0.00996771,0.0143378,0.0180538,0.844182,-0.137159,0.515987,0.0479686
126513719000,0.62226,0.291915,0.461139,-0.00997529,0.0141107,0.0176222,0.844019,-0.137317,0.516232,0.0477603
126523719000,0.62216,0.292054,0.461314,-0.0100433,0.0137712,0.0173085,0.843861,-0.137477,0.516467,0.0475437
126533719000,0.622059,0.292191,0.461484,-0.0101426,0.0136145,0.0167743,0.843705,-0.137633,0.516701,0.0473238
126543719000,0.62428,0.288724,0.458709,-0.00474684,0.00362367,0.00377494,0.84355,-0.137795,0.516931,0.0470947
126553719000,0.624233,0.28876,0.458743,-0.00466384,0.00349129,0.00312684,0.843399,-0.137955,0.517157,0.0468578
126563719000,0.624186,0.288794,0.458773,-0.00476148,0.00321897,0.00279892,0.84325,-0.138119,0.517377,0.0466214
126573719000,0.624139,0.288825,0.458799,-0.00464665,0.00287515,0.00240947,0.843106,-0.138278,0.517591,0.0463787
126583719000,0.624092,0.288853,0.458821,-0.00483294,0.00279166,0.00194941,0.842967,-0.138433,0.517798,0.0461354
126593719000,0.624043,0.28888,0.458837,-0.00491803,0.00252217,0.00124588,0.842828,-0.138595,0.518002,0.0458952
126603719000,0.623992,0.288904,0.458846,-0.00524464,0.00227382,0.000608777,0.842698,-0.138759,0.518192,0.045647
126613719000,0.623938,0.288925,0.458849,-0.00561013,0.00203341,-9.60363e-05,0.842573,-0.13893,0.518372,0.0453936
126623719000,0.623879,0.288946,0.458845,-0.00617696,0.00212461,-0.000682521,0.84246,-0.139103,0.518531,0.0451298
126633719000,0.623814,0.288967,0.458833,-0.00669201,0.00222053,-0.00155227,0.842359,-0.139284,0.51867,0.0448627
126643719000,0.623744,0.28899,0.458813,-0.00729241,0.00230569,-0.00256161,0.842274,-0.139474,0.518782,0.0445832
126653719000,0.623669,0.289014,0.458782,-0.0076955,0.00243175,-0.00352592,0.8422,-0.139678,0.518872,0.0442894
126663719000,0.623591,0.289038,0.458743,-0.00803833,0.00251035,-0.0043265,0.842139,-0.139896,0.518937,0.0439843
126673719000,0.623509,0.289064,0.458695,-0.0082448,0.00256879,-0.00524158,0.842097,-0.140122,0.518971,0.0436671
126683719000,0.623428,0.289089,0.458638,-0.00799455,0.00248331,-0.00614231,0.842068,-0.140354,0.518983,0.0433401
126693719000,0.623351,0.289112,0.458573,-0.00737857,0.00204894,-0.00693967,0.842049,-0.140581,0.518982,0.0429961
126703719000,0.623281,0.289129,0.458503,-0.00673811,0.00143398,-0.00701358,0.842042,-0.140787,0.518966,0.0426408
126713719000,0.623218,0.289139,0.458433,-0.00589351,0.000561869,-0.00702692,0.842042,-0.140967,0.518947,0.0422783
126723719000,0.623163,0.289139,0.458363,-0.00505174,-0.000473109,-0.00689583,0.842053,-0.141118,0.518918,0.0419111
126733719000,0.626944,0.28772,0.454513,0.0053745,-0.00525516,-0.019463,0.842068,-0.141241,0.518889,0.0415496
126743719000,0.627001,0.287662,0.45432,0.00599507,-0.0064018,-0.0191647,0.842093,-0.141324,0.518855,0.0411917
126753719000,0.627064,0.287593,0.454129,0.00665488,-0.00745709,-0.0189039,0.842121,-0.141374,0.518823,0.0408474
126763719000,0.628915,0.287096,0.451834,0.0117899,-0.009804,-0.0255472,0.842158,-0.141393,0.518784,0.0405175
126773719000,0.629035,0.286993,0.451579,0.0123499,-0.0109548,-0.0253196,0.842201,-0.141379,0.518741,0.0402122
126783719000,0.629161,0.286879,0.451327,0.0127679,-0.0118616,-0.0252005,0.842245,-0.141344,0.518702,0.0399316
126793719000,0.62929,0.286755,0.451075,0.0130983,-0.0128899,-0.0251853,0.842294,-0.141284,0.518658,0.0396694
126803719000,0.629423,0.286621,0.450824,0.0134472,-0.0138468,-0.0249256,0.842345,-0.1412,0.518616,0.0394302
126813719000,0.629558,0.286479,0.450576,0.0136057,-0.0146868,-0.0247329,0.842396,-0.141102,0.518575,0.0392169
126823719000,0.629695,0.286328,0.450329,0.01382,-0.015474,-0.0246199,0.842452,-0.140997,0.518526,0.0390413
126833719000,0.629834,0.286169,0.450083,0.0140012,-0.0162143,-0.0246414,0.842515,-0.140887,0.518466,0.0389007
126843719000,0.629975,0.286003,0.449837,0.0141506,-0.0171106,-0.0245981,0.842574,-0.140775,0.518408,0.038791
126853719000,0.630117,0.285828,0.449591,0.014237,-0.0178862,-0.0245386,0.842634,-0.140656,0.518348,0.0387145
126863719000,0.63026,0.285646,0.449345,0.0143255,-0.0185402,-0.0246315,0.842693,-0.140542,0.518286,0.0386691
126873719000,0.630404,0.285458,0.449098,0.0143927,-0.0190145,-0.0247954,0.842755,-0.140432,0.518217,0.0386611
126883719000,0.630548,0.285265,0.44885,0.0144736,-0.0194574,-0.0249035,0.842814,-0.140324,0.518147,0.0386829
126893719000,0.630693,0.285069,0.4486,0.0144942,-0.0197503,-0.0250286,0.842876,-0.140225,0.51807,0.0387392
126903719000,0.630837,0.284871,0.448349,0.0143371,-0.0199434,-0.0250493,0.842938,-0.140129,0.517989,0.0388265
126913719000,0.63098,0.284671,0.448098,0.014221,-0.0201054,-0.0252262,0.843001,-0.140042,0.517902,0.0389362
126923719000,0.627312,0.290021,0.452082,0.00459073,-0.00442871,-0.012201,0.843065,-0.139959,0.517808,0.0390772
126933719000,0.627358,0.289975,0.45196,0.00455378,-0.00462824,-0.0122553,0.843132,-0.139885,0.517707,0.0392391
126943719000,0.627404,0.289927,0.451837,0.00457094,-0.0049051,-0.0122734,0.843204,-0.139825,0.517593,0.0394228
126953719000,0.62745,0.289877,0.451714,0.00469679,-0.00514944,-0.0123277,0.843275,-0.139769,0.517476,0.0396228
126963719000,0.627499,0.289824,0.451591,0.00505496,-0.00539063,-0.0123516,0.843351,-0.139713,0.517352,0.0398367
126973719000,0.627551,0.289768,0.451468,0.0054607,-0.00578558,-0.0121743,0.843427,-0.139661,0.517224,0.0400632
126983719000,0.627608,0.289708,0.451347,0.00593134,-0.00623457,-0.0119957,0.843506,-0.139607,0.517092,0.0402962
126993719000,0.627669,0.289643,0.451229,0.00628763,-0.00690748,-0.011771,0.843584,-0.139543,0.516963,0.0405417
127003719000,0.627734,0.28957,0.451112,0.00671516,-0.00756853,-0.0115114,0.843664,-0.139467,0.516832,0.040795
127013719000,0.627804,0.289492,0.450997,0.00716487,-0.00816392,-0.0115506,0.843748,-0.139378,0.516698,0.0410591
127023719000,0.627878,0.289407,0.450882,0.00765496,-0.00870374,-0.0115101,0.843839,-0.139278,0.516555,0.0413276
127033719000,0.627955,0.289319,0.450767,0.00778561,-0.00906111,-0.0114012,0.84393,-0.139167,0.516414,0.0415982
127043719000,0.628034,0.289228,0.450652,0.0080606,-0.00905197,-0.0115804,0.844028,-0.139054,0.516263,0.0418728
127053719000,0.628115,0.289138,0.450536,0.00805584,-0.00903972,-0.0117337,0.844132,-0.138939,0.516101,0.0421404
127063719000,0.628195,0.289049,0.450416,0.00800138,-0.00870247,-0.0121872,0.844245,-0.138828,0.515926,0.0424062
127073719000,0.628276,0.288963,0.450293,0.0080704,-0.00856498,-0.0124911,0.844367,-0.138711,0.515736,0.0426554
127083719000,0.628357,0.288878,0.450167,0.0081895,-0.00827795,-0.012631,0.844506,-0.138592,0.515521,0.0428932
127093719000,0.62844,0.288797,0.45004,0.00841521,-0.0079645,-0.0127047,0.844655,-0.138468,0.515292,0.0431027
127103719000,0.628527,0.288718,0.449913,0.00896512,-0.0079387,-0.0126706,0.844816,-0.138339,0.515049,0.0432876
127113719000,0.631045,0.284935,0.451055,0.0156307,-0.0178039,-0.0089277,0.844982,-0.138198,0.514799,0.0434526
127123719000,0.631204,0.284756,0.450966,0.0162656,-0.0180237,-0.00889362,0.845151,-0.138041,0.514551,0.0435976
127133719000,0.632529,0.282669,0.451528,0.019759,-0.023387,-0.00686494,0.845328,-0.137882,0.514292,0.0437302
127143719000,0.632729,0.282434,0.451461,0.0203958,-0.0235179,-0.00657374,0.845517,-0.137702,0.51402,0.0438406
127153719000,0.632934,0.282198,0.451396,0.0206687,-0.0236719,-0.00629421,0.845709,-0.1375,0.513752,0.0439228
127163719000,0.633143,0.281961,0.451336,0.021203,-0.0236373,-0.00579031,0.845902,-0.137284,0.513486,0.0439864
127173719000,0.633357,0.281725,0.451279,0.0215313,-0.0235504,-0.00551067,0.846102,-0.137052,0.513215,0.0440313
127183719000,0.633575,0.28149,0.451226,0.0220911,-0.0234442,-0.00515775,0.846312,-0.136797,0.512934,0.0440585
127193719000,0.633798,0.281256,0.451177,0.0224332,-0.0234422,-0.00457353,0.846522,-0.136523,0.51266,0.0440635
127203719000,0.634024,0.281022,0.451134,0.0228613,-0.0232709,-0.00400838,0.846736,-0.136229,0.512386,0.0440517
127213719000,0.634254,0.280791,0.451097,0.023059,-0.0229533,-0.00351046,0.846951,-0.135917,0.512115,0.0440228
127223719000,0.634486,0.280562,0.451065,0.0233214,-0.0229108,-0.00289164,0.847168,-0.135591,0.511847,0.0439776
127233719000,0.634721,0.280335,0.451039,0.0237107,-0.0224312,-0.00234477,0.847384,-0.135259,0.511581,0.0439269
127243719000,0.63496,0.280114,0.451017,0.0240072,-0.0219058,-0.0019195,0.847601,-0.134914,0.511318,0.0438671
127253719000,0.635201,0.279898,0.451001,0.0241395,-0.0211651,-0.00134639,0.84782,-0.134551,0.511057,0.0437961
127263719000,0.635443,0.27969,0.45099,0.0243372,-0.0205231,-0.000938833,0.848035,-0.134188,0.510802,0.0437265
127273719000,0.635686,0.279489,0.450982,0.0243117,-0.0197423,-0.000581188,0.848248,-0.133819,0.510551,0.0436516
127283719000,0.635929,0.279296,0.450977,0.0241489,-0.0188549,-0.000328186,0.848456,-0.133456,0.510308,0.0435697
127293719000,0.63617,0.279112,0.450976,0.0241409,-0.0179325,9.90767e-05,0.848659,-0.133093,0.510071,0.0434966
127303719000,0.63915,0.277577,0.447684,0.0314727,-0.0210865,-0.00901588,0.84886,-0.132736,0.509835,0.0434318
127313719000,0.639464,0.277371,0.447595,0.0314845,-0.0200018,-0.0087617,0.849052,-0.132388,0.509611,0.0433761
127323719000,0.639778,0.277176,0.447509,0.0313093,-0.019017,-0.00852335,0.849234,-0.132058,0.509396,0.0433316
127333719000,0.640091,0.276991,0.447424,0.0312556,-0.0178787,-0.00839161,0.84941,-0.131741,0.509188,0.0432969
127343719000,0.640402,0.276818,0.44734,0.0310241,-0.0167193,-0.00835995,0.849576,-0.131437,0.508992,0.0432739
127353719000,0.640711,0.276656,0.447258,0.0307554,-0.015693,-0.00815822,0.849732,-0.131148,0.508807,0.0432587
127363719000,0.641017,0.276505,0.447177,0.030338,-0.0145434,-0.00808902,0.849882,-0.130885,0.508624,0.0432524
127373719000,0.641318,0.276366,0.447095,0.0299118,-0.0132255,-0.00827463,0.850025,-0.130647,0.508447,0.043253
127383719000,0.641616,0.27624,0.447011,0.0297766,-0.0120317,-0.00840092,0.850158,-0.130434,0.508278,0.0432628
127393719000,0.641914,0.276126,0.446927,0.02963,-0.0106887,-0.00851121,0.850284,-0.130251,0.508112,0.0432863
127403719000,0.642242,0.276085,0.438046,0.0298135,-0.00931961,-0.0131226,0.850402,-0.130092,0.507954,0.0433067
127413719000,0.64254,0.275997,0.437915,0.0298163,-0.00824142,-0.0130743,0.850515,-0.129953,0.507798,0.04333
127423719000,0.642841,0.27592,0.437784,0.0302927,-0.00717622,-0.0131159,0.850615,-0.129838,0.507658,0.0433479
127433719000,0.643146,0.275852,0.437654,0.0307808,-0.00634913,-0.0130267,0.8507,-0.12974,0.50754,0.0433626
127443719000,0.643457,0.275793,0.437524,0.031283,-0.00548811,-0.0128088,0.850771,-0.129652,0.507442,0.0433664
127453719000,0.643774,0.275741,0.437397,0.0321262,-0.00498593,-0.0126108,0.850827,-0.129576,0.507369,0.0433656
127463719000,0.644099,0.275693,0.437273,0.032945,-0.0046031,-0.0122029,0.85087,-0.129498,0.507317,0.0433548
127473719000,0.644432,0.275649,0.437154,0.0337555,-0.00421046,-0.0117115,0.850901,-0.129427,0.507285,0.0433374
127483719000,0.644775,0.275608,0.437039,0.0346669,-0.00399221,-0.0112642,0.850914,-0.129348,0.507285,0.0433064
127493719000,0.645125,0.275568,0.436928,0.0353512,-0.00388295,-0.0109058,0.850914,-0.129258,0.507313,0.0432653
127503719000,0.645481,0.275532,0.43682,0.0359114,-0.00348348,-0.01063,0.850905,-0.129165,0.507356,0.043217
127513719000,0.64397,0.271723,0.436782,0.0306704,-0.0141515,-0.0102542,0.850883,-0.129071,0.507421,0.0431596
127523719000,0.644277,0.271584,0.436681,0.0308002,-0.0136358,-0.00998147,0.850852,-0.128964,0.507505,0.0430957
127533719000,0.643586,0.269465,0.436593,0.0279336,-0.018776,-0.0099219,0.850818,-0.128859,0.507596,0.0430235
127543719000,0.643865,0.26928,0.436495,0.0279311,-0.0182405,-0.00978489,0.85078,-0.128753,0.507694,0.0429416
127553719000,0.644143,0.2691,0.436398,0.0276154,-0.0176252,-0.00959956,0.850738,-0.128659,0.507794,0.0428524
127563719000,0.644418,0.268927,0.436302,0.0273727,-0.0171117,-0.00961712,0.850694,-0.128571,0.507899,0.0427548
127573719000,0.64469,0.268758,0.436206,0.0270327,-0.0166011,-0.00957029,0.850647,-0.128489,0.508008,0.0426507
127583719000,0.644958,0.268595,0.43611,0.0266252,-0.0160724,-0.00950545,0.850597,-0.128417,0.508119,0.0425387
127593719000,0.645224,0.268435,0.436016,0.0264166,-0.01581,-0.00932386,0.850548,-0.12835,0.508228,0.0424197
127603719000,0.645487,0.268279,0.435923,0.0262436,-0.0155096,-0.00936022,0.850498,-0.128301,0.508334,0.0422935
127613719000,0.645749,0.268125,0.43583,0.0261157,-0.0153063,-0.00922468,0.850447,-0.128257,0.508441,0.0421598
127623719000,0.646009,0.267972,0.435739,0.0259213,-0.0151574,-0.00898978,0.850399,-0.128219,0.508543,0.0420174
127633719000,0.646267,0.267821,0.435651,0.0256405,-0.0150802,-0.00858491,0.850346,-0.128186,0.508652,0.0418696
127643719000,0.646521,0.26767,0.435566,0.02534,-0.015161,-0.00839338,0.850292,-0.12816,0.508761,0.0417204
127653719000,0.646775,0.267517,0.435484,0.0253176,-0.0154158,-0.00808808,0.850239,-0.128133,0.508869,0.0415697
127663719000,0.647025,0.267362,0.435405,0.0248008,-0.0156188,-0.00760597,0.850186,-0.128106,0.508975,0.041423
127673719000,0.647272,0.267204,0.435331,0.0245205,-0.0159149,-0.00721252,0.85013,-0.128084,0.509087,0.0412755
127683719000,0.647514,0.267043,0.43526,0.0238884,-0.0163261,-0.0069678,0.850073,-0.128061,0.509201,0.0411243
127693719000,0.639433,0.269325,0.439977,7.67014e-05,-0.00991961,0.0101797,0.850013,-0.128044,0.509317,0.0409742
127703719000,0.639431,0.269225,0.44008,-0.000532088,-0.0100186,0.0103627,0.849955,-0.128043,0.509426,0.04083
127713719000,0.639423,0.269124,0.440185,-0.000977179,-0.0102819,0.010558,0.849896,-0.128044,0.509535,0.0406867
127723719000,0.63941,0.26902,0.440292,-0.00161775,-0.0105663,0.0109189,0.849837,-0.128053,0.509644,0.0405371
127733719000,0.639391,0.268913,0.440404,-0.00226903,-0.0106569,0.0115022,0.849781,-0.128076,0.509743,0.0403793
127743719000,0.639365,0.268807,0.440521,-0.00290083,-0.0105507,0.011887,0.849726,-0.128107,0.509839,0.0402251
127753719000,0.639332,0.268701,0.440643,-0.00362716,-0.010693,0.0125327,0.849672,-0.128148,0.509932,0.0400697
127763719000,0.639293,0.268594,0.440773,-0.00429723,-0.0107604,0.0134572,0.849617,-0.128201,0.510021,0.0399165
127773719000,0.639247,0.268486,0.440912,-0.0048949,-0.0108856,0.0143161,0.849562,-0.128262,0.510109,0.0397671
127783719000,0.639195,0.268375,0.441061,-0.00543761,-0.0111858,0.0153686,0.849507,-0.128317,0.510199,0.0396183
127793719000,0.639138,0.268261,0.44122,-0.00592288,-0.0115775,0.016585,0.849451,-0.128365,0.510291,0.0394816
127803719000,0.639077,0.268144,0.441391,-0.00635324,-0.0118392,0.0175566,0.849391,-0.128412,0.510388,0.039356
127813719000,0.639011,0.268024,0.441571,-0.0067739,-0.0122443,0.018449,0.849335,-0.128455,0.510481,0.0392274
127823719000,0.638943,0.2679,0.44176,-0.00689866,-0.0125427,0.0193046,0.849279,-0.128488,0.510575,0.0391034
127833719000,0.638873,0.267774,0.441958,-0.00700274,-0.0126642,0.020286,0.849214,-0.128506,0.510689,0.0389789
127843719000,0.638804,0.267648,0.442164,-0.0069018,-0.0125753,0.0210176,0.84914,-0.128514,0.510819,0.0388557
127853719000,0.638735,0.267522,0.442378,-0.00683572,-0.0125263,0.0217929,0.849058,-0.128509,0.510965,0.0387298
127863719000,0.638667,0.267397,0.4426,-0.0067727,-0.0125887,0.0224313,0.848967,-0.128493,0.51113,0.0386117
127873719000,0.638599,0.26727,0.442827,-0.00672219,-0.012679,0.0231045,0.848866,-0.128469,0.511312,0.0385022
127883719000,0.638533,0.267142,0.443062,-0.00660044,-0.0129481,0.0238619,0.848755,-0.128422,0.511516,0.038399
127893719000,0.633742,0.268765,0.446611,-0.0192051,-0.00866685,0.0346833,0.848627,-0.12835,0.511752,0.0383203
127903719000,0.633551,0.268676,0.446962,-0.0190753,-0.00920592,0.0356403,0.848493,-0.128236,0.512007,0.0382618
127913719000,0.633361,0.268581,0.447324,-0.0190644,-0.00964184,0.0366139,0.848358,-0.128077,0.512273,0.0382305
127923719000,0.630678,0.269548,0.449227,-0.0255651,-0.0069704,0.0417809,0.84822,-0.12787,0.512554,0.0382227
127933719000,0.630424,0.269476,0.449648,-0.0254352,-0.00723259,0.0424902,0.848079,-0.127621,0.512848,0.0382319
127943719000,0.630171,0.269403,0.450075,-0.0252398,-0.00742469,0.0428835,0.847935,-0.12733,0.513156,0.0382705
127953719000,0.62992,0.269328,0.450506,-0.0249592,-0.00764398,0.043273,0.847789,-0.127002,0.513474,0.0383252
127963719000,0.62967,0.26925,0.45094,-0.0248987,-0.00787343,0.0435736,0.847652,-0.126633,0.513786,0.0383893
127973719000,0.629421,0.269171,0.451377,-0.025065,-0.00797896,0.0438466,0.847523,-0.126237,0.51409,0.038462
127983719000,0.629169,0.269091,0.451816,-0.0252307,-0.00807484,0.0439455,0.847417,-0.125808,0.514366,0.0385323
127993719000,0.628915,0.269009,0.452255,-0.0256545,-0.00824909,0.0439232,0.847334,-0.125356,0.514609,0.0385807
128003719000,0.628655,0.268926,0.452695,-0.0262109,-0.00844217,0.0440614,0.847281,-0.124881,0.514811,0.0386016
128013719000,0.628391,0.268839,0.453136,-0.0266539,-0.00887298,0.0441782,0.847261,-0.124382,0.514965,0.0385878
128023719000,0.628122,0.268749,0.453579,-0.027105,-0.00922424,0.044295,0.847285,-0.123869,0.515053,0.0385389
128033719000,0.62785,0.268652,0.454024,-0.0273104,-0.0100573,0.0446808,0.847349,-0.123345,0.51508,0.0384485
128043719000,0.627576,0.268548,0.454473,-0.0274467,-0.0108318,0.0451007,0.847459,-0.122815,0.515035,0.0383185
128053719000,0.627302,0.268436,0.454925,-0.0273771,-0.0116342,0.0453373,0.847608,-0.122267,0.514934,0.0381472
128063719000,0.627029,0.268316,0.455378,-0.0272765,-0.012318,0.0453598,0.847799,-0.121712,0.514767,0.0379295
128073719000,0.626757,0.268189,0.455832,-0.0271458,-0.0130729,0.0454823,0.848035,-0.121153,0.514528,0.0376749
128083719000,0.626026,0.271308,0.457503,-0.0277218,-0.0041262,0.0490789,0.848318,-0.120594,0.514215,0.0373729
128093719000,0.62575,0.271262,0.457992,-0.0273111,-0.00505586,0.048812,0.848642,-0.120045,0.513834,0.0370209
128103719000,0.625479,0.271208,0.45848,-0.0267582,-0.00553264,0.0488,0.849,-0.119517,0.513395,0.0366164
128113719000,0.625214,0.27115,0.458968,-0.0261975,-0.00613063,0.0487719,0.849389,-0.119018,0.512899,0.0361594
128123719000,0.624956,0.271085,0.459457,-0.0255788,-0.00687339,0.0490167,0.84981,-0.118544,0.512347,0.0356477
128133719000,0.624703,0.271013,0.459949,-0.0249612,-0.00754396,0.049327,0.850258,-0.118111,0.511742,0.0350901
128143719000,0.624455,0.270932,0.460446,-0.0246231,-0.00872993,0.0500944,0.850724,-0.117726,0.511096,0.034496
128153719000,0.624209,0.270839,0.460955,-0.0246348,-0.00982947,0.0517442,0.8512,-0.117395,0.510421,0.0338745
128163719000,0.623966,0.270736,0.461477,-0.0239195,-0.0107628,0.0526062,0.851676,-0.117133,0.509729,0.0332429
128173719000,0.623732,0.270625,0.462006,-0.0229675,-0.0113161,0.0531029,0.852137,-0.116956,0.509039,0.0326025
128183719000,0.623507,0.270509,0.462537,-0.0220367,-0.0119944,0.0532764,0.852575,-0.116868,0.508365,0.0319733
128193719000,0.623291,0.270389,0.463072,-0.0211706,-0.0120778,0.0536322,0.852988,-0.116887,0.507705,0.0313778
128203719000,0.623086,0.270272,0.463608,-0.0198539,-0.0112887,0.0535833,0.853354,-0.117025,0.507092,0.0308227
128213719000,0.622895,0.270163,0.464143,-0.018428,-0.0104133,0.0534341,0.853673,-0.117289,0.506524,0.030326
128223719000,0.622717,0.270062,0.464679,-0.0172229,-0.00974959,0.0537588,0.85394,-0.117669,0.506011,0.0298793
128233719000,0.622552,0.269965,0.465218,-0.0157871,-0.00973549,0.0540458,0.854164,-0.118154,0.505543,0.0294906
128243719000,0.622399,0.26987,0.465761,-0.0146971,-0.00913376,0.0545695,0.85435,-0.118729,0.505114,0.0291549
128253719000,0.622259,0.269779,0.466312,-0.0133359,-0.00918537,0.0555318,0.854496,-0.119369,0.504732,0.0288786
128263719000,0.622135,0.269687,0.466872,-0.011546,-0.00901672,0.0564851,0.854607,-0.120049,0.504395,0.0286646
128273719000,0.62203,0.269599,0.46744,-0.00936673,-0.00857332,0.0571272,0.854673,-0.120763,0.50412,0.0285128
128283719000,0.623921,0.268202,0.465977,-0.00147357,-0.012133,0.0523316,0.854701,-0.121482,0.503906,0.0284174
128293719000,0.623919,0.26808,0.466505,0.00109095,-0.0124108,0.0532681,0.854698,-0.12219,0.503743,0.0283644
128303719000,0.62446,0.267338,0.465825,0.00534712,-0.0143813,0.0507004,0.854657,-0.122874,0.503646,0.0283536
128313719000,0.62453,0.267195,0.466336,0.00864421,-0.0143725,0.0514012,0.854578,-0.123514,0.503621,0.0283955
128323719000,0.624633,0.267051,0.466853,0.0119096,-0.0145309,0.0520259,0.854464,-0.12409,0.503669,0.028486
128333719000,0.624767,0.266907,0.467375,0.0148865,-0.0144064,0.052471,0.854315,-0.124598,0.503789,0.0286085
128343719000,0.624932,0.266767,0.467901,0.0180673,-0.0135394,0.0526414,0.854136,-0.125026,0.503977,0.028773
128353719000,0.625128,0.266635,0.468427,0.0212313,-0.0127946,0.0525967,0.853927,-0.12537,0.504234,0.0289714
128363719000,0.625357,0.266513,0.468951,0.024524,-0.0116433,0.0522082,0.853687,-0.125625,0.504564,0.0291914
128373719000,0.625619,0.266404,0.469471,0.0279153,-0.0102351,0.0516795,0.853423,-0.125791,0.504955,0.029428
128383719000,0.625917,0.266308,0.469982,0.0316555,-0.00881735,0.0506953,0.853137,-0.125874,0.505404,0.0296707
128393719000,0.626252,0.26623,0.470483,0.0354316,-0.00675625,0.0493237,0.852827,-0.125873,0.505912,0.0299047
128403719000,0.626621,0.266176,0.470961,0.0383276,-0.00415772,0.0463064,0.85249,-0.125789,0.506489,0.0301214
128413719000,0.627021,0.26615,0.471407,0.041752,-0.000923859,0.0428792,0.852131,-0.125645,0.507116,0.0303125
128423719000,0.627452,0.266158,0.471819,0.044337,0.00246347,0.0395174,0.85175,-0.12544,0.507798,0.0304703
128433719000,0.627908,0.2662,0.472197,0.0469709,0.00587292,0.0361241,0.851345,-0.125188,0.508531,0.0305914
128443719000,0.628392,0.266274,0.472541,0.0497591,0.00903374,0.0327338,0.85092,-0.124912,0.509305,0.030679
128453719000,0.628901,0.266381,0.472847,0.0520581,0.0123428,0.0285244,0.850483,-0.12462,0.510102,0.030728
128463719000,0.629431,0.266522,0.473112,0.0540558,0.0157137,0.0244084,0.85003,-0.124333,0.510927,0.0307331
128473719000,0.629977,0.266697,0.473334,0.0551454,0.0193237,0.0199784,0.849562,-0.124064,0.51177,0.0307081
128483719000,0.629315,0.265614,0.468233,0.0520835,0.0181798,0.000869389,0.849078,-0.123824,0.512635,0.0306538
128493719000,0.629842,0.265811,0.468221,0.0528607,0.0211946,-0.0033434,0.848589,-0.123615,0.513499,0.0305855
128503719000,0.630416,0.266115,0.453663,0.0535321,0.0239882,-0.0133088,0.848087,-0.123445,0.514372,0.030504
128513719000,0.630955,0.266367,0.45351,0.0542295,0.0264736,-0.01717,0.847577,-0.123316,0.515248,0.0304148
128523719000,0.631498,0.266644,0.453321,0.0544115,0.0287414,-0.0206183,0.847057,-0.123235,0.516129,0.030321
128533719000,0.632043,0.266941,0.453098,0.0545548,0.0308005,-0.0239677,0.84653,-0.123195,0.517007,0.0302304
128543719000,0.632589,0.267257,0.452844,0.0547819,0.0323843,-0.0268928,0.845994,-0.123192,0.517889,0.0301549
128553719000,0.633137,0.267588,0.452562,0.0547929,0.0337116,-0.0294962,0.845452,-0.123228,0.518767,0.030101
128563719000,0.633685,0.26793,0.452255,0.0548499,0.0348519,-0.0319559,0.844905,-0.123295,0.519644,0.0300668
128573719000,0.634235,0.268282,0.451924,0.0550658,0.0354771,-0.0341389,0.844352,-0.123395,0.520518,0.0300566
128583719000,0.634785,0.268638,0.451572,0.0550164,0.0358066,-0.0362807,0.843793,-0.123517,0.521395,0.0300669
128593719000,0.635338,0.268996,0.451201,0.0555264,0.0358114,-0.0379754,0.843226,-0.123654,0.522278,0.0300922
128603719000,0.635896,0.269353,0.450817,0.056136,0.0355962,-0.0389123,0.842653,-0.123807,0.523164,0.0301319
128613719000,0.636461,0.269707,0.450424,0.057021,0.0350426,-0.0396,0.842067,-0.123967,0.524065,0.0301848
128623719000,0.637038,0.270054,0.450025,0.0583116,0.0345186,-0.0401242,0.841472,-0.124123,0.524979,0.0302537
128633719000,0.637628,0.270396,0.449623,0.059695,0.0337894,-0.040367,0.840866,-0.124259,0.525912,0.0303246
128643719000,0.638231,0.270731,0.44922,0.0609257,0.0331459,-0.040276,0.84025,-0.12437,0.526866,0.0303882
128653719000,0.638847,0.271057,0.448817,0.0624497,0.0321326,-0.0402347,0.839619,-0.124461,0.527847,0.0304501
128663719000,0.639478,0.271374,0.448417,0.0637291,0.0312479,-0.0397069,0.838975,-0.124523,0.528852,0.0305088
128673719000,0.632499,0.26882,0.446641,0.04343,0.0212516,-0.0444275,0.838318,-0.124557,0.529882,0.0305638
128683719000,0.632942,0.269029,0.446199,0.0445412,0.0205508,-0.0439696,0.837656,-0.124559,0.530924,0.030601
128693719000,0.629209,0.267896,0.444945,0.0336802,0.0156067,-0.0467142,0.836983,-0.124533,0.53199,0.0306227
128703719000,0.629552,0.268049,0.444481,0.0345327,0.0151013,-0.0460568,0.836316,-0.12447,0.533053,0.0306172
128713719000,0.629901,0.268197,0.444024,0.0351237,0.0144478,-0.0454399,0.835655,-0.124366,0.534115,0.0305716
128723719000,0.630254,0.268339,0.443574,0.0354424,0.0139496,-0.0445695,0.835003,-0.124218,0.535173,0.03049
128733719000,0.630609,0.268474,0.443132,0.0355871,0.013131,-0.0436906,0.834364,-0.124024,0.53622,0.0303724
128743719000,0.630965,0.268601,0.442701,0.0354848,0.0122436,-0.0425542,0.833748,-0.12378,0.537243,0.0302174
128753719000,0.631318,0.268719,0.442281,0.0351867,0.0112702,-0.0414918,0.833151,-0.12349,0.538245,0.0300229
128763719000,0.631666,0.268827,0.441871,0.0345454,0.0103853,-0.0404236,0.832581,-0.123159,0.539215,0.0297906
128773719000,0.632008,0.268926,0.441472,0.0337593,0.00942555,-0.0394726,0.832041,-0.122792,0.540146,0.0295305
128783719000,0.632341,0.269015,0.441082,0.0329771,0.0083203,-0.0383974,0.83153,-0.122389,0.54104,0.0292379
128793719000,0.632666,0.269092,0.440705,0.0319992,0.00706074,-0.0371707,0.831056,-0.121946,0.541884,0.0289229
128803719000,0.632982,0.269157,0.44034,0.0312029,0.00594289,-0.0356589,0.83062,-0.12147,0.542677,0.0285822
128813719000,0.63329,0.269211,0.439992,0.0305061,0.0048322,-0.0339653,0.830218,-0.120957,0.543425,0.02822
128823719000,0.633592,0.269254,0.439662,0.0297762,0.00381869,-0.032172,0.829854,-0.120393,0.544126,0.0278399
128833719000,0.633886,0.269288,0.439348,0.0290661,0.0030307,-0.0306043,0.829523,-0.119791,0.544783,0.0274439
128843719000,0.634171,0.269315,0.439051,0.0280851,0.00222912,-0.028791,0.829223,-0.119158,0.545399,0.0270426
128853719000,0.629621,0.268312,0.436146,0.0127941,-0.0026474,-0.0360002,0.828951,-0.118501,0.545974,0.0266491
128863719000,0.629744,0.268282,0.435796,0.0116455,-0.00321781,-0.0340347,0.828712,-0.117832,0.546501,0.0262633
128873719000,0.629855,0.268248,0.435464,0.0104608,-0.00357902,-0.0322752,0.828506,-0.117135,0.546979,0.0258921
128883719000,0.629955,0.26821,0.43515,0.00951667,-0.00401882,-0.0304583,0.828331,-0.116421,0.547413,0.0255421
128893719000,0.630046,0.268168,0.434855,0.00869177,-0.00435372,-0.0286842,0.828181,-0.115693,0.54781,0.0252121
128903719000,0.630128,0.268124,0.434576,0.00787536,-0.00443689,-0.0271006,0.828057,-0.114946,0.548168,0.0249017
128913719000,0.630205,0.268079,0.434312,0.00736985,-0.00463798,-0.0257352,0.827959,-0.114179,0.548491,0.0245969
128923719000,0.630276,0.268032,0.43406,0.0069904,-0.00475725,-0.0245086,0.827886,-0.113399,0.548776,0.0242983
128933719000,0.630345,0.267985,0.433821,0.00683487,-0.00469125,-0.0232865,0.827837,-0.112605,0.549026,0.0240005
128943719000,0.630414,0.267938,0.433594,0.00687384,-0.00469179,-0.0222484,0.827813,-0.111802,0.54924,0.0237017
128953719000,0.630483,0.267892,0.433375,0.00695765,-0.00458377,-0.0215356,0.827808,-0.11099,0.549426,0.023387
128963719000,0.630554,0.267848,0.433163,0.00728414,-0.00423143,-0.0207126,0.827825,-0.110166,0.54958,0.0230541
128973719000,0.630629,0.267806,0.43296,0.00771772,-0.00407074,-0.0199292,0.82786,-0.109325,0.54971,0.0226936
128983719000,0.630709,0.267765,0.432765,0.00830273,-0.0042157,-0.0191571,0.827916,-0.108472,0.54981,0.0223132
128993719000,0.630796,0.267723,0.432577,0.00893767,-0.0042729,-0.0183441,0.827989,-0.107612,0.549885,0.0219108
129003719000,0.630888,0.26768,0.432398,0.00951033,-0.00432494,-0.01751,0.828079,-0.106734,0.549937,0.0214952
129013719000,0.630986,0.267635,0.432226,0.0101031,-0.0045904,-0.0168123,0.828188,-0.10585,0.549962,0.0210574
129023719000,0.631091,0.267588,0.432062,0.0109763,-0.00489842,-0.0160288,0.82831,-0.104962,0.549965,0.0206006
129033719000,0.630315,0.263297,0.428686,0.00866364,-0.0178143,-0.0248525,0.828444,-0.104066,0.54995,0.0201264
129043719000,0.630406,0.263115,0.428442,0.00953592,-0.0184308,-0.0239967,0.828592,-0.103164,0.549915,0.0196311
129053719000,0.630504,0.262927,0.428206,0.0101532,-0.0190251,-0.0232054,0.828758,-0.102259,0.549852,0.0191175
129063719000,0.629888,0.260616,0.425982,0.00849145,-0.0260627,-0.0283177,0.828943,-0.101351,0.54976,0.018591
129073719000,0.629975,0.260351,0.425703,0.00891714,-0.0267149,-0.0274712,0.829149,-0.100441,0.549634,0.0180429
129083719000,0.630065,0.26008,0.425433,0.00917129,-0.0273689,-0.0266488,0.829376,-0.0995357,0.549475,0.017483
129093719000,0.630156,0.259804,0.425171,0.0090728,-0.0279553,-0.0256919,0.829632,-0.0986296,0.54927,0.0169055
129103719000,0.630246,0.259521,0.424918,0.00889415,-0.0285263,-0.024836,0.829923,-0.0977268,0.549009,0.016326
129113719000,0.630332,0.259234,0.424674,0.00826608,-0.0289336,-0.0240732,0.830247,-0.0968318,0.548694,0.0157335
129123719000,0.630411,0.258942,0.424439,0.00754507,-0.0294424,-0.0229761,0.830611,-0.0959428,0.548316,0.015142
129133719000,0.630481,0.258647,0.424213,0.00648634,-0.029657,-0.0222398,0.831016,-0.0950635,0.547871,0.0145539
129143719000,0.630543,0.258349,0.423996,0.00579441,-0.0299388,-0.0211221,0.831461,-0.0941878,0.547363,0.0139816
129153719000,0.630596,0.258048,0.423789,0.00488315,-0.0301927,-0.020272,0.831943,-0.0933178,0.546793,0.0134137
129163719000,0.630641,0.257745,0.42359,0.00405853,-0.0304093,-0.0195518,0.832467,-0.0924511,0.546156,0.0128602
129173719000,0.630678,0.25744,0.423399,0.0033235,-0.0307249,-0.0186721,0.833028,-0.091595,0.545457,0.0123287
129183719000,0.630707,0.257132,0.423215,0.00233313,-0.0308299,-0.0181173,0.833619,-0.0907439,0.544706,0.0118198
129193719000,0.630727,0.256821,0.423037,0.00169035,-0.0314621,-0.0174007,0.834236,-0.0899038,0.543911,0.0113499
129203719000,0.63074,0.256504,0.422865,0.000945568,-0.0319196,-0.0169087,0.834871,-0.0890796,0.54308,0.0109213
129213719000,0.630748,0.256182,0.422699,0.000569192,-0.0324182,-0.0162872,0.835518,-0.0882757,0.542223,0.0105523
129223719000,0.630752,0.255856,0.422538,0.000200596,-0.0329165,-0.0159848,0.836176,-0.0874907,0.541341,0.0102409
129233719000,0.630754,0.255524,0.422381,0.000142385,-0.0334861,-0.0154655,0.83683,-0.0867439,0.540455,0.00999972
129243719000,0.629388,0.256605,0.421295,-0.00354169,-0.0300854,-0.0175589,0.837481,-0.0860225,0.539564,0.00982921
129253719000,0.629353,0.2563,0.421122,-0.00302866,-0.0307243,-0.0170205,0.838128,-0.0853208,0.538671,0.0097218
129263719000,0.629325,0.25599,0.420955,-0.00246413,-0.0311311,-0.0164519,0.838766,-0.0846411,0.537786,0.00967132
129273719000,0.629304,0.255676,0.420792,-0.00167597,-0.0317776,-0.0161449,0.83939,-0.0839821,0.536915,0.00968641
129283719000,0.629291,0.255356,0.420632,-0.000975747,-0.0320795,-0.0157584,0.840004,-0.0833455,0.536052,0.00975757
129293719000,0.629284,0.255034,0.420475,-0.000324645,-0.0324155,-0.0156911,0.840607,-0.0827252,0.535199,0.00987747
129303719000,0.629284,0.254709,0.420319,0.000200703,-0.0326372,-0.0154718,0.841195,-0.0821244,0.534365,0.0100524
129313719000,0.629289,0.254383,0.420165,0.000789445,-0.0325212,-0.0153713,0.841767,-0.0815471,0.533547,0.0102789
129323719000,0.629301,0.254059,0.420011,0.00161325,-0.0323286,-0.015382,0.842319,-0.0810115,0.532752,0.0105518
129333719000,0.62932,0.253739,0.419857,0.00224434,-0.0316741,-0.0154373,0.842854,-0.0805222,0.531972,0.0108765
129343719000,0.629346,0.253428,0.4197,0.00278594,-0.0305834,-0.0159608,0.843372,-0.0800863,0.531209,0.011241
129353719000,0.629378,0.25313,0.419539,0.00370875,-0.0290119,-0.0163597,0.843866,-0.0797007,0.530475,0.0116173
129363719000,0.629421,0.252848,0.419371,0.00479521,-0.0274379,-0.0170755,0.844337,-0.079367,0.529766,0.012007
129373719000,0.629475,0.252582,0.419198,0.00606032,-0.0256757,-0.0176662,0.844791,-0.0790939,0.529074,0.0123969
129383719000,0.629543,0.252334,0.419018,0.00740893,-0.0240209,-0.0182465,0.845222,-0.0788796,0.528407,0.0127772
129393719000,0.629622,0.252101,0.418834,0.00845127,-0.0225247,-0.0184967,0.845633,-0.0787129,0.527765,0.0131462
129403719000,0.629713,0.251883,0.418648,0.00969926,-0.0210087,-0.0187579,0.84602,-0.0785945,0.527153,0.0135016
129413719000,0.629455,0.254121,0.420474,0.0101764,-0.0124485,-0.0134687,0.84639,-0.0785243,0.526561,0.0138469
129423719000,0.62956,0.254002,0.420339,0.0111962,-0.0112518,-0.0135809,0.846746,-0.078499,0.525983,0.0141833
129433719000,0.629301,0.254961,0.421312,0.0110889,-0.00675569,-0.0104976,0.847081,-0.0785103,0.525433,0.0145048
129443719000,0.629413,0.254899,0.421207,0.0115674,-0.00559005,-0.0105564,0.8474,-0.0785651,0.5249,0.0148152
129453719000,0.629531,0.254848,0.421102,0.0120718,-0.00448046,-0.0103927,0.847707,-0.0786544,0.524384,0.0151105
129463719000,0.629652,0.254811,0.420999,0.0122381,-0.00304331,-0.0102673,0.848002,-0.0787888,0.523879,0.0153889
129473719000,0.629776,0.254785,0.420898,0.0124888,-0.00205998,-0.00998545,0.848289,-0.0789569,0.523381,0.0156545
129483719000,0.629902,0.25477,0.420799,0.0127574,-0.0010254,-0.00974177,0.84857,-0.0791628,0.522886,0.0159051
129493719000,0.630034,0.254764,0.420701,0.0134493,-0.000128272,-0.00984325,0.848837,-0.0794065,0.522407,0.0161347
129503719000,0.630173,0.254769,0.420254,0.014266,0.000860933,-0.00983122,0.849097,-0.0796758,0.521938,0.0163399
129513719000,0.63032,0.254783,0.420156,0.0151411,0.00176728,-0.00980453,0.849345,-0.0799695,0.521483,0.0165222
129523719000,0.630475,0.254803,0.42006,0.0158758,0.00240511,-0.00947295,0.849581,-0.0802875,0.521045,0.0166853
129533719000,0.630639,0.25483,0.419966,0.0169081,0.0029288,-0.00923925,0.849799,-0.0806238,0.520632,0.0168281
129543719000,0.630813,0.254862,0.419876,0.0178456,0.00342087,-0.00882257,0.850002,-0.0809741,0.520243,0.0169622
129553719000,0.630996,0.254897,0.419791,0.0187805,0.00360326,-0.00823995,0.850183,-0.0813408,0.519885,0.0170789
129563719000,0.631191,0.254935,0.419711,0.0200447,0.00400964,-0.00763151,0.850349,-0.0817166,0.519551,0.0171897
129573719000,0.631398,0.254976,0.419637,0.0213719,0.00426662,-0.00711598,0.850498,-0.0820979,0.519245,0.0172865
129583719000,0.631618,0.255021,0.419569,0.0226456,0.00466624,-0.00656423,0.850623,-0.0824755,0.518977,0.0173613
129593719000,0.631851,0.255071,0.419506,0.0240497,0.00533199,-0.00614659,0.85073,-0.0828472,0.51874,0.0174196
129603719000,0.632098,0.255128,0.419446,0.0252996,0.00604651,-0.00584165,0.850818,-0.0832134,0.518535,0.0174598
129613719000,0.632358,0.255193,0.419389,0.0266209,0.00701885,-0.00537709,0.850888,-0.0835749,0.518361,0.0174917
129623719000,0.63263,0.255267,0.419337,0.0278526,0.00777314,-0.00517008,0.850937,-0.0839307,0.518223,0.0175024
129633719000,0.62824,0.251283,0.419662,0.0147382,-0.00402857,-0.00334993,0.850968,-0.0842787,0.518116,0.0174966
129643719000,0.628391,0.251249,0.419629,0.0156142,-0.00290243,-0.00328833,0.850984,-0.0846171,0.518036,0.0174814
129653719000,0.628551,0.251227,0.419596,0.0163198,-0.00162058,-0.00319873,0.850983,-0.084956,0.517982,0.017457
129663719000,0.628718,0.251217,0.419563,0.0171131,-0.000309777,-0.0033993,0.850968,-0.0852914,0.517952,0.0174219
129673719000,0.628892,0.251221,0.419529,0.0175724,0.00105371,-0.00347653,0.850938,-0.0856199,0.51795,0.0173754
129683719000,0.629071,0.251238,0.419493,0.0182876,0.00238337,-0.00361783,0.850894,-0.0859517,0.517969,0.0173263
129693719000,0.629257,0.251268,0.419458,0.0188482,0.00354526,-0.00353064,0.85084,-0.0862918,0.518003,0.0172777
129703719000,0.629447,0.251308,0.419423,0.0192418,0.00448158,-0.0034554,0.850771,-0.0866488,0.518058,0.017243
129713719000,0.629641,0.251356,0.419389,0.019561,0.00526144,-0.00336928,0.850692,-0.0870062,0.518127,0.0172199
129723719000,0.629838,0.251411,0.419356,0.0199215,0.00566286,-0.00324421,0.850605,-0.0873721,0.518209,0.0172181
129733719000,0.630039,0.251469,0.419324,0.020168,0.0058469,-0.00296788,0.850505,-0.0877418,0.51831,0.0172428
129743719000,0.630242,0.251527,0.419295,0.0205075,0.00577686,-0.00286117,0.850396,-0.0881071,0.518426,0.0172956
129753719000,0.630449,0.251583,0.419266,0.0207888,0.00551708,-0.00303876,0.85027,-0.0884905,0.518564,0.0173868
129763719000,0.630658,0.251636,0.419234,0.0211482,0.00500134,-0.00337409,0.850133,-0.0888859,0.518716,0.0175177
129773719000,0.630869,0.251682,0.419197,0.0210558,0.0042182,-0.00397433,0.849986,-0.0893071,0.518878,0.0176903
129783719000,0.631079,0.251716,0.419154,0.020945,0.00274861,-0.00463082,0.849827,-0.08976,0.519052,0.0179216
129793719000,0.63129,0.251733,0.419104,0.0213111,0.000613484,-0.00528463,0.849665,-0.0902472,0.519224,0.0182169
129803719000,0.631507,0.251726,0.419048,0.0219343,-0.00207124,-0.00599932,0.849491,-0.0907572,0.519407,0.018577
129813719000,0.63173,0.25169,0.418985,0.0228223,-0.00518975,-0.00669152,0.84931,-0.0912833,0.519595,0.0190074
129823719000,0.622503,0.25009,0.421564,-0.00203384,-0.0141335,0.00130174,0.849118,-0.0918203,0.519795,0.0195217
129833719000,0.622489,0.249929,0.421574,-0.000829202,-0.0180898,0.000538753,0.848916,-0.0923709,0.520004,0.0201118
129843719000,0.617379,0.24965,0.423092,-0.0137981,-0.0227788,0.00451819,0.848705,-0.092928,0.520224,0.0207829
129853719000,0.617245,0.249405,0.423132,-0.012955,-0.026164,0.00333892,0.848485,-0.0935071,0.520448,0.0215408
129863719000,0.617119,0.249128,0.423159,-0.0122789,-0.029245,0.00204786,0.84826,-0.0941025,0.520672,0.0223638
129873719000,0.616999,0.248822,0.423171,-0.0117645,-0.0319823,0.000484296,0.848034,-0.0947231,0.520889,0.0232514
129883719000,0.616882,0.248491,0.423167,-0.0117146,-0.0342111,-0.00124438,0.847804,-0.0953815,0.5211,0.0241998
129893719000,0.616764,0.248139,0.423146,-0.0119426,-0.0362362,-0.00308123,0.847583,-0.0960767,0.521285,0.0252004
129903719000,0.616641,0.247769,0.423106,-0.0126142,-0.0376785,-0.00484013,0.847369,-0.0968256,0.521442,0.0262571
129913719000,0.61651,0.247387,0.423049,-0.0134725,-0.0387923,-0.00652934,0.847169,-0.0976257,0.521561,0.0273559
129923719000,0.61637,0.246995,0.422976,-0.0145501,-0.0394736,-0.00806433,0.846984,-0.0984786,0.52164,0.0284949
129933719000,0.616219,0.246599,0.422889,-0.0157191,-0.0398147,-0.00949152,0.846815,-0.0993848,0.521677,0.029658
129943719000,0.616056,0.2462,0.422787,-0.0168106,-0.039955,-0.0108053,0.846663,-0.100348,0.52167,0.0308513
129953719000,0.615884,0.245801,0.422672,-0.0176833,-0.0399464,-0.0122091,0.846532,-0.101352,0.521615,0.032064
129963719000,0.615702,0.245403,0.422544,-0.0186981,-0.0394962,-0.0134481,0.846422,-0.102394,0.521515,0.0332816
129973719000,0.615511,0.24501,0.422403,-0.0195252,-0.0390534,-0.0147,0.846334,-0.103468,0.521367,0.0345072
129983719000,0.615311,0.244622,0.422251,-0.0203219,-0.0385543,-0.015751,0.846269,-0.104571,0.521169,0.0357183
129993719000,0.615105,0.244241,0.422089,-0.0208984,-0.0378008,-0.0165902,0.846226,-0.105706,0.520928,0.0369216
130003719000,0.614894,0.243866,0.421921,-0.0214123,-0.0370598,-0.0171039,0.846202,-0.106859,0.520645,0.0381056
130013719000,0.614679,0.2435,0.421747,-0.0215613,-0.0360986,-0.0176603,0.846199,-0.108024,0.520323,0.0392555
130023719000,0.612959,0.25003,0.42218,-0.0252217,-0.0153023,-0.015843,0.846213,-0.109182,0.519974,0.0403679
130033719000,0.612706,0.249882,0.42202,-0.0254472,-0.0144423,-0.0160159,0.846239,-0.110349,0.519601,0.0414385
130043719000,0.61245,0.249742,0.42186,-0.0256926,-0.0135666,-0.0160703,0.846291,-0.1115,0.519187,0.0424743
130053719000,0.612191,0.249612,0.421699,-0.0259594,-0.0126321,-0.0160893,0.846362,-0.112645,0.518741,0.0434689
130063719000,0.611932,0.249489,0.42154,-0.0259063,-0.0119659,-0.0157724,0.846451,-0.11377,0.518269,0.044434
130073719000,0.611676,0.249372,0.421386,-0.0253164,-0.011288,-0.0151085,0.846559,-0.114868,0.51777,0.0453633
130083719000,0.611426,0.249264,0.421236,-0.0246485,-0.0104375,-0.0147367,0.846683,-0.115919,0.517255,0.0462485
130093719000,0.611185,0.249164,0.421093,-0.0236791,-0.00951221,-0.0138643,0.846818,-0.116924,0.516731,0.0470924
130103719000,0.610953,0.249072,0.42096,-0.0227282,-0.00888094,-0.012805,0.846963,-0.117872,0.516205,0.047888
130113719000,0.61073,0.248985,0.420836,-0.0217884,-0.00844977,-0.011942,0.847123,-0.118755,0.515668,0.0486387
130123719000,0.610516,0.248902,0.420723,-0.0211171,-0.00812934,-0.0107156,0.847291,-0.11957,0.515136,0.0493544
130133719000,0.610309,0.248823,0.420623,-0.020159,-0.00775125,-0.00929022,0.847468,-0.120322,0.514603,0.0500456
130143719000,0.610114,0.248747,0.420538,-0.0189791,-0.00743713,-0.0077779,0.847649,-0.12101,0.514078,0.0507138
130153719000,0.609932,0.248674,0.42047,-0.0173806,-0.0070615,-0.0058279,0.847833,-0.121612,0.513569,0.0513598
130163719000,0.609768,0.248607,0.420421,-0.0154019,-0.00647163,-0.00390006,0.848019,-0.122129,0.513076,0.0519807
130173719000,0.609623,0.248546,0.42039,-0.0136207,-0.00555945,-0.002365,0.8482,-0.122562,0.512613,0.0525694
130183719000,0.609496,0.248499,0.420373,-0.0117218,-0.00397011,-0.000859892,0.848376,-0.122909,0.512181,0.0531264
130193719000,0.609389,0.248469,0.420369,-0.00986983,-0.00195941,3.64848e-05,0.848551,-0.123175,0.511773,0.0536507
130203719000,0.609302,0.248461,0.420374,-0.00753055,0.000326526,0.000937622,0.848716,-0.123366,0.511402,0.0541328
130213719000,0.609238,0.248477,0.420386,-0.00521536,0.00285315,0.00140117,0.84887,-0.123492,0.51107,0.0545536
130223719000,0.606508,0.253984,0.420902,-0.00945699,0.0203047,0.0030893,0.84901,-0.123556,0.510785,0.0549141
130233719000,0.606425,0.254198,0.420933,-0.00706946,0.0226587,0.00298665,0.849131,-0.123575,0.510547,0.0551993
130243719000,0.604533,0.256777,0.421201,-0.00963903,0.0310991,0.00329855,0.849237,-0.123549,0.510353,0.0554187
130253719000,0.604449,0.257099,0.421231,-0.00718937,0.0332858,0.00264078,0.849329,-0.12348,0.510203,0.0555545
130263719000,0.60439,0.257439,0.421255,-0.00453518,0.0346961,0.00217019,0.849399,-0.123377,0.510102,0.0556342
130273719000,0.604359,0.257791,0.421274,-0.00178639,0.0358152,0.00160719,0.849443,-0.123234,0.510062,0.0556519
130283719000,0.604356,0.258151,0.421287,0.00129269,0.0361458,0.000988417,0.849466,-0.123051,0.510073,0.0556062
130293719000,0.604385,0.258512,0.421293,0.00449209,0.0360118,0.000264747,0.849464,-0.122831,0.510139,0.0555091
130303719000,0.604447,0.258868,0.421291,0.00795996,0.0352849,-0.000701398,0.84944,-0.122566,0.51026,0.055359
130313719000,0.604544,0.259215,0.421281,0.0114803,0.0340544,-0.00134033,0.849388,-0.122254,0.510441,0.0551622
130323719000,0.604675,0.259548,0.421265,0.0147054,0.0325222,-0.00184522,0.849313,-0.121892,0.510681,0.0549134
130333719000,0.604836,0.259865,0.421245,0.0173515,0.0309236,-0.00219215,0.849218,-0.121481,0.510966,0.0546379
130343719000,0.605021,0.260165,0.421222,0.0196933,0.0291153,-0.00228845,0.849099,-0.121026,0.511303,0.0543363
130353719000,0.605226,0.260447,0.421201,0.0214435,0.027296,-0.00201836,0.848964,-0.120529,0.511679,0.0540131
130363719000,0.605447,0.260711,0.421182,0.0226405,0.0254997,-0.00167404,0.848816,-0.120002,0.512084,0.0536798
130373719000,0.605678,0.260957,0.421168,0.0235421,0.0236339,-0.00113627,0.848655,-0.119439,0.512517,0.05334
130383719000,0.605915,0.261184,0.421162,0.0239715,0.0217264,-0.000170495,0.848486,-0.118854,0.512967,0.0530068
130393719000,0.6062,0.256389,0.41223,0.0227467,0.00420156,-0.0243117,0.84831,-0.118247,0.513432,0.0526848
130403719000,0.606426,0.25642,0.411993,0.0222924,0.00221114,-0.0230165,0.848123,-0.117621,0.513915,0.0523874
130413719000,0.606646,0.256434,0.411769,0.0216101,0.000603487,-0.0218091,0.847935,-0.116988,0.514398,0.0521149
130423719000,0.606856,0.256433,0.411558,0.0204801,-0.000797392,-0.0204991,0.847749,-0.116338,0.514876,0.0518681
130433719000,0.607054,0.256417,0.41136,0.0190975,-0.00228723,-0.018971,0.84756,-0.115689,0.515354,0.0516494
130443719000,0.607237,0.256388,0.411177,0.0175858,-0.00370735,-0.017687,0.847384,-0.115031,0.515811,0.0514548
130453719000,0.607404,0.256345,0.411007,0.0158123,-0.00489335,-0.0164155,0.847215,-0.114382,0.516248,0.0512887
130463719000,0.607554,0.256289,0.410849,0.0140346,-0.00613163,-0.0150789,0.847054,-0.113748,0.516666,0.0511475
130473719000,0.607685,0.256222,0.410705,0.0122867,-0.00733848,-0.0138086,0.846904,-0.113123,0.517062,0.0510293
130483719000,0.607796,0.256144,0.410571,0.00996218,-0.00822476,-0.012853,0.846769,-0.112519,0.517423,0.0509385
130493719000,0.607884,0.256058,0.410449,0.00763787,-0.00910164,-0.0117098,0.846649,-0.111933,0.517753,0.0508787
130503719000,0.607949,0.255962,0.410336,0.00526136,-0.010033,-0.0108366,0.846546,-0.111375,0.518044,0.0508527
130513719000,0.607991,0.255856,0.410232,0.00318134,-0.0112002,-0.00993233,0.846458,-0.110844,0.518302,0.0508495
130523719000,0.608012,0.25574,0.410136,0.00112312,-0.0119668,-0.00918997,0.84639,-0.110339,0.518517,0.0508751
130533719000,0.608014,0.255617,0.410047,-0.000850449,-0.0128207,-0.00861365,0.846341,-0.109858,0.518696,0.050918
130543719000,0.607998,0.255485,0.409963,-0.00227117,-0.0135138,-0.00833224,0.846308,-0.109407,0.518838,0.0509858
130553719000,0.607969,0.255345,0.409881,-0.00358968,-0.0144582,-0.00796218,0.846283,-0.108986,0.51896,0.0510716
130563719000,0.607928,0.255195,0.409803,-0.0044903,-0.015477,-0.00760122,0.846269,-0.108601,0.519052,0.0511804
130573719000,0.607878,0.255037,0.409729,-0.00558499,-0.0161997,-0.00732987,0.846268,-0.108243,0.519117,0.051302
130583719000,0.607687,0.25708,0.403398,-0.0069413,-0.0113128,-0.0241111,0.846278,-0.107903,0.519158,0.051439
130593719000,0.607613,0.256964,0.403158,-0.0079843,-0.011925,-0.0237091,0.846299,-0.107593,0.519174,0.0515822
130603719000,0.607504,0.256792,0.411631,-0.0086648,-0.0126219,-0.019574,0.846328,-0.107304,0.519171,0.051737
130613719000,0.607586,0.258047,0.409446,-0.00902376,-0.00947453,-0.0296113,0.846366,-0.107049,0.519144,0.0519065
130623719000,0.607493,0.257948,0.409149,-0.00956773,-0.0102144,-0.0298251,0.84641,-0.106822,0.519102,0.0520794
130633719000,0.607396,0.257843,0.408849,-0.00983751,-0.0107475,-0.0301053,0.84646,-0.106626,0.519043,0.0522596
130643719000,0.607297,0.257734,0.408547,-0.0101082,-0.0110347,-0.03042,0.846513,-0.106464,0.51897,0.0524441
130653719000,0.607194,0.257623,0.408242,-0.0103518,-0.0112205,-0.0305406,0.846569,-0.106324,0.51889,0.0526179
130663719000,0.607092,0.257511,0.407935,-0.0101723,-0.0110973,-0.0308888,0.846628,-0.106215,0.5188,0.052785
130673719000,0.606992,0.2574,0.407624,-0.00987837,-0.0111061,-0.0313007,0.846686,-0.106135,0.518705,0.0529454
130683719000,0.606894,0.25729,0.407309,-0.00954196,-0.0109293,-0.0316537,0.846738,-0.106078,0.518616,0.053096
130693719000,0.606801,0.257182,0.406991,-0.00915767,-0.0107229,-0.0319082,0.846787,-0.106036,0.518531,0.0532317
130703719000,0.606713,0.257076,0.406669,-0.00849636,-0.0104086,-0.0324927,0.846828,-0.106013,0.518458,0.0533398
130713719000,0.606632,0.256975,0.406342,-0.00768063,-0.00982854,-0.0329423,0.846866,-0.106006,0.51839,0.0534151
130723719000,0.606559,0.256879,0.40601,-0.00690802,-0.00938295,-0.0334189,0.846897,-0.10601,0.518332,0.0534682
130733719000,0.606494,0.256789,0.405674,-0.00615994,-0.00862566,-0.0338126,0.846928,-0.106015,0.518278,0.0534892
130743719000,0.606436,0.256706,0.405334,-0.00540236,-0.00789163,-0.0343092,0.846954,-0.106012,0.518239,0.0534768
130753719000,0.606385,0.256632,0.404988,-0.00477342,-0.00697535,-0.0348314,0.846972,-0.106003,0.518215,0.0534369
130763719000,0.606339,0.256567,0.404638,-0.00431313,-0.00607628,-0.0351827,0.846989,-0.105977,0.518199,0.0533679
130773719000,0.606298,0.256511,0.404284,-0.00397718,-0.00500206,-0.035538,0.847008,-0.105942,0.518185,0.0532717
130783719000,0.60626,0.256466,0.403927,-0.00364249,-0.00398901,-0.0358763,0.847027,-0.105899,0.518176,0.0531465
130793719000,0.60698,0.256041,0.406153,-0.00087896,-0.00329055,-0.0263653,0.847049,-0.105847,0.518167,0.0529926
130803719000,0.606974,0.256015,0.405888,-0.000400332,-0.0019254,-0.026634,0.847069,-0.105782,0.518166,0.0528051
130813719000,0.606971,0.256003,0.40562,-0.000111543,-0.000424648,-0.0268833,0.847087,-0.105702,0.518176,0.0525827
130823719000,0.606972,0.256007,0.405349,0.000319431,0.00111104,-0.0272518,0.847107,-0.105609,0.518187,0.0523299
130833719000,0.606977,0.256025,0.405076,0.000582804,0.00265604,-0.027507,0.847132,-0.105494,0.518198,0.0520564
130843719000,0.606984,0.25606,0.404799,0.000820427,0.00426542,-0.0277065,0.847153,-0.10536,0.518221,0.0517535
130853719000,0.606993,0.25611,0.404522,0.00101441,0.00569839,-0.0278133,0.847171,-0.1052,0.518257,0.0514255
130863719000,0.607005,0.256174,0.404242,0.0013397,0.00723219,-0.0281257,0.847189,-0.105025,0.518296,0.0510775
130873719000,0.60702,0.256255,0.403958,0.00171819,0.00885391,-0.0287231,0.847207,-0.104834,0.518342,0.0507056
130883719000,0.60704,0.256351,0.403669,0.00217088,0.0103602,-0.029158,0.847218,-0.104631,0.518404,0.0503037
130893719000,0.607064,0.256463,0.403374,0.00265494,0.0119669,-0.0296534,0.847223,-0.104423,0.518479,0.0498825
130903719000,0.607093,0.25659,0.403075,0.00316952,0.0135228,-0.0301919,0.847225,-0.104209,0.518562,0.0494362
130913719000,0.607128,0.256731,0.402771,0.00382292,0.0147811,-0.0307126,0.847213,-0.103994,0.518668,0.0489834
130923719000,0.607169,0.256885,0.402459,0.00449673,0.015907,-0.0315965,0.847191,-0.103774,0.518791,0.0485199
130933719000,0.607219,0.257048,0.402139,0.00544906,0.0167991,-0.0324544,0.847159,-0.103553,0.518931,0.0480562
